,0,1,2,3,4,5,6,7,8
0,64.0,-245.0,-105.0,-352.0,-42.0,39.0,268.0,-935.0,-464.0
1,64.0,-249.0,-109.0,-372.0,10.0,22.0,284.0,-953.0,-473.0
2,67.0,-257.0,-106.0,-394.0,64.0,6.0,287.0,-975.0,-470.0
3,65.0,-259.0,-103.0,-408.0,115.0,-13.0,286.0,-1003.0,-460.0
4,62.0,-266.0,-102.0,-406.0,162.0,-30.0,276.0,-1016.0,-455.0
5,56.0,-265.0,-108.0,-383.0,205.0,-41.0,260.0,-1035.0,-432.0
6,49.0,-272.0,-87.0,-340.0,239.0,-49.0,227.0,-1043.0,-411.0
7,39.0,-273.0,-86.0,-279.0,261.0,-53.0,186.0,-1047.0,-387.0
8,27.0,-276.0,-84.0,-207.0,272.0,-52.0,146.0,-1047.0,-382.0
9,16.0,-270.0,-81.0,-134.0,269.0,-50.0,114.0,-1036.0,-370.0
10,5.0,-268.0,-82.0,-68.0,259.0,-46.0,65.0,-1028.0,-366.0
11,0.0,-266.0,-85.0,-9.0,240.0,-39.0,24.0,-1026.0,-372.0
12,-12.0,-267.0,-83.0,37.0,215.0,-32.0,-14.0,-1017.0,-368.0
13,-26.0,-259.0,-80.0,72.0,190.0,-24.0,-56.0,-1016.0,-357.0
14,-33.0,-262.0,-81.0,99.0,160.0,-11.0,-84.0,-1015.0,-357.0
15,-41.0,-260.0,-82.0,121.0,128.0,6.0,-113.0,-1013.0,-348.0
16,-40.0,-256.0,-82.0,137.0,93.0,22.0,-124.0,-1009.0,-348.0
17,-41.0,-257.0,-76.0,153.0,62.0,40.0,-126.0,-986.0,-348.0
18,-34.0,-252.0,-75.0,168.0,32.0,56.0,-105.0,-973.0,-342.0
19,-27.0,-248.0,-76.0,185.0,4.0,73.0,-90.0,-953.0,-347.0
20,-24.0,-241.0,-81.0,200.0,-18.0,86.0,-65.0,-925.0,-353.0
21,-14.0,-234.0,-81.0,207.0,-37.0,92.0,-23.0,-899.0,-354.0
22,-7.0,-231.0,-83.0,202.0,-53.0,92.0,8.0,-878.0,-360.0
23,2.0,-224.0,-81.0,183.0,-65.0,86.0,29.0,-861.0,-357.0
24,9.0,-225.0,-80.0,156.0,-73.0,79.0,55.0,-854.0,-349.0
25,10.0,-219.0,-78.0,125.0,-79.0,67.0,79.0,-847.0,-349.0
26,12.0,-220.0,-78.0,87.0,-84.0,54.0,98.0,-844.0,-350.0
27,22.0,-222.0,-77.0,50.0,-85.0,41.0,121.0,-854.0,-351.0
28,28.0,-228.0,-77.0,13.0,-80.0,26.0,142.0,-863.0,-347.0
29,30.0,-227.0,-79.0,-21.0,-71.0,11.0,146.0,-875.0,-349.0
30,33.0,-236.0,-82.0,-49.0,-59.0,-1.0,145.0,-893.0,-352.0
31,28.0,-239.0,-81.0,-74.0,-46.0,-6.0,141.0,-915.0,-355.0
32,26.0,-244.0,-82.0,-94.0,-28.0,-5.0,125.0,-935.0,-360.0
33,17.0,-250.0,-82.0,-109.0,-11.0,-3.0,117.0,-955.0,-369.0
34,15.0,-254.0,-79.0,-120.0,7.0,3.0,109.0,-972.0,-360.0
35,15.0,-253.0,-82.0,-121.0,23.0,8.0,91.0,-972.0,-362.0
36,9.0,-253.0,-83.0,-109.0,34.0,9.0,76.0,-966.0,-353.0
37,9.0,-251.0,-83.0,-98.0,44.0,13.0,68.0,-958.0,-362.0
38,8.0,-248.0,-82.0,-85.0,54.0,15.0,72.0,-952.0,-372.0
39,11.0,-247.0,-86.0,-74.0,62.0,19.0,83.0,-939.0,-377.0
40,15.0,-244.0,-86.0,-66.0,74.0,25.0,82.0,-930.0,-387.0
41,11.0,-241.0,-89.0,-59.0,86.0,19.0,68.0,-919.0,-398.0
42,9.0,-239.0,-90.0,-56.0,93.0,14.0,66.0,-916.0,-413.0
43,16.0,-243.0,-94.0,-60.0,96.0,22.0,95.0,-920.0,-425.0
44,18.0,-243.0,-97.0,-66.0,98.0,29.0,102.0,-928.0,-427.0
45,20.0,-245.0,-98.0,-72.0,99.0,33.0,116.0,-932.0,-441.0
46,20.0,-244.0,-96.0,-72.0,97.0,34.0,120.0,-929.0,-441.0
47,22.0,-242.0,-96.0,-67.0,95.0,36.0,120.0,-931.0,-440.0
48,23.0,-245.0,-86.0,-54.0,96.0,35.0,120.0,-930.0,-433.0
49,20.0,-246.0,-95.0,-35.0,100.0,32.0,106.0,-930.0,-428.0
50,10.0,-244.0,-93.0,-16.0,106.0,31.0,90.0,-932.0,-418.0
51,10.0,-247.0,-85.0,1.0,111.0,34.0,76.0,-944.0,-406.0
52,8.0,-249.0,-84.0,17.0,114.0,36.0,61.0,-951.0,-387.0
53,4.0,-250.0,-86.0,29.0,116.0,38.0,50.0,-954.0,-376.0
54,0.0,-249.0,-85.0,41.0,113.0,40.0,36.0,-963.0,-373.0
55,1.0,-250.0,-82.0,49.0,105.0,42.0,34.0,-962.0,-373.0
56,0.0,-250.0,-83.0,56.0,93.0,41.0,22.0,-960.0,-371.0
57,-6.0,-248.0,-83.0,59.0,79.0,38.0,16.0,-956.0,-370.0
58,-6.0,-250.0,-81.0,64.0,64.0,35.0,10.0,-958.0,-364.0
59,-8.0,-249.0,-83.0,73.0,50.0,31.0,7.0,-952.0,-361.0
60,-9.0,-249.0,-79.0,86.0,38.0,25.0,-3.0,-952.0,-360.0
61,-9.0,-243.0,-80.0,98.0,30.0,20.0,-4.0,-946.0,-363.0
62,-7.0,-246.0,-78.0,105.0,20.0,18.0,2.0,-939.0,-358.0
63,-10.0,-241.0,-80.0,108.0,14.0,17.0,-3.0,-929.0,-356.0
64,-8.0,-243.0,-80.0,103.0,6.0,18.0,1.0,-934.0,-366.0
65,-6.0,-241.0,-81.0,93.0,-2.0,18.0,4.0,-921.0,-368.0
66,-1.0,-244.0,-81.0,82.0,-9.0,17.0,15.0,-925.0,-363.0
67,-3.0,-243.0,-83.0,69.0,-15.0,17.0,9.0,-932.0,-371.0
68,-2.0,-243.0,-81.0,61.0,-17.0,16.0,18.0,-932.0,-373.0
69,-2.0,-245.0,-84.0,61.0,-22.0,15.0,25.0,-936.0,-374.0
70,-1.0,-239.0,-90.0,71.0,-22.0,13.0,22.0,-937.0,-379.0
71,0.0,-245.0,-85.0,86.0,-22.0,10.0,32.0,-936.0,-384.0
72,0.0,-245.0,-85.0,103.0,-23.0,7.0,32.0,-938.0,-388.0
73,0.0,-245.0,-87.0,117.0,-20.0,2.0,42.0,-934.0,-389.0
74,4.0,-243.0,-88.0,125.0,-16.0,-3.0,42.0,-930.0,-388.0
75,4.0,-245.0,-85.0,125.0,-13.0,-6.0,52.0,-934.0,-391.0
76,7.0,-245.0,-86.0,116.0,-8.0,-7.0,66.0,-929.0,-386.0
77,10.0,-244.0,-82.0,105.0,-1.0,-12.0,74.0,-930.0,-387.0
78,12.0,-246.0,-85.0,92.0,3.0,-14.0,83.0,-934.0,-380.0
79,13.0,-248.0,-84.0,83.0,8.0,-16.0,79.0,-937.0,-366.0
80,14.0,-248.0,-82.0,83.0,13.0,-19.0,88.0,-940.0,-362.0
81,15.0,-250.0,-81.0,91.0,18.0,-20.0,90.0,-947.0,-360.0
82,12.0,-246.0,-80.0,103.0,20.0,-22.0,85.0,-939.0,-358.0
83,9.0,-245.0,-79.0,112.0,21.0,-24.0,76.0,-941.0,-360.0
84,9.0,-247.0,-79.0,117.0,19.0,-24.0,62.0,-942.0,-357.0
85,9.0,-247.0,-81.0,113.0,19.0,-23.0,65.0,-933.0,-362.0
86,6.0,-245.0,-79.0,106.0,19.0,-21.0,57.0,-931.0,-361.0
87,9.0,-246.0,-78.0,100.0,23.0,-20.0,60.0,-938.0,-344.0
88,6.0,-245.0,-78.0,94.0,25.0,-14.0,57.0,-933.0,-342.0
89,4.0,-246.0,-76.0,91.0,28.0,-12.0,55.0,-941.0,-337.0
90,5.0,-246.0,-78.0,90.0,31.0,-9.0,54.0,-939.0,-340.0
91,1.0,-244.0,-78.0,87.0,35.0,-6.0,50.0,-946.0,-340.0
92,2.0,-247.0,-74.0,85.0,38.0,-5.0,45.0,-943.0,-336.0
93,0.0,-248.0,-77.0,81.0,41.0,-4.0,42.0,-938.0,-346.0
94,1.0,-244.0,-75.0,77.0,41.0,-4.0,37.0,-939.0,-340.0
95,1.0,-245.0,-75.0,75.0,43.0,-4.0,35.0,-935.0,-335.0
96,0.0,-245.0,-75.0,74.0,45.0,-6.0,36.0,-931.0,-337.0
97,1.0,-242.0,-75.0,72.0,45.0,-8.0,32.0,-924.0,-338.0
98,1.0,-243.0,-73.0,69.0,45.0,-8.0,33.0,-922.0,-334.0
99,0.0,-241.0,-77.0,61.0,46.0,-7.0,32.0,-924.0,-335.0
100,1.0,-242.0,-74.0,48.0,47.0,-7.0,36.0,-932.0,-340.0
101,1.0,-243.0,-78.0,32.0,47.0,-8.0,38.0,-932.0,-342.0
102,5.0,-245.0,-77.0,17.0,49.0,-10.0,46.0,-933.0,-346.0
103,5.0,-245.0,-78.0,2.0,49.0,-12.0,42.0,-940.0,-344.0
104,4.0,-246.0,-77.0,-9.0,48.0,-14.0,47.0,-948.0,-348.0
105,7.0,-249.0,-74.0,-17.0,50.0,-15.0,51.0,-948.0,-346.0
106,6.0,-248.0,-76.0,-21.0,53.0,-14.0,54.0,-950.0,-346.0
107,7.0,-248.0,-81.0,-21.0,55.0,-14.0,56.0,-943.0,-345.0
108,5.0,-247.0,-76.0,-18.0,60.0,-12.0,62.0,-946.0,-342.0
109,8.0,-250.0,-76.0,-15.0,64.0,-11.0,62.0,-947.0,-344.0
110,7.0,-247.0,-79.0,-10.0,70.0,-8.0,62.0,-943.0,-343.0
111,11.0,-247.0,-74.0,-5.0,78.0,-6.0,69.0,-944.0,-340.0
112,11.0,-247.0,-74.0,-1.0,82.0,-4.0,66.0,-940.0,-341.0
113,21.0,-243.0,-71.0,1.0,88.0,0.0,69.0,-943.0,-342.0
114,9.0,-247.0,-78.0,-2.0,94.0,3.0,68.0,-941.0,-338.0
115,8.0,-247.0,-75.0,-3.0,94.0,5.0,65.0,-941.0,-343.0
116,7.0,-248.0,-79.0,-7.0,97.0,7.0,72.0,-947.0,-341.0
117,10.0,-248.0,-80.0,-9.0,100.0,9.0,67.0,-948.0,-343.0
118,6.0,-248.0,-77.0,-9.0,101.0,11.0,68.0,-955.0,-337.0
119,9.0,-252.0,-78.0,-4.0,103.0,12.0,63.0,-959.0,-333.0
120,9.0,-251.0,-72.0,5.0,108.0,11.0,57.0,-962.0,-326.0
121,6.0,-251.0,-72.0,15.0,109.0,11.0,59.0,-965.0,-326.0
122,5.0,-250.0,-74.0,24.0,111.0,10.0,54.0,-964.0,-325.0
123,3.0,-250.0,-70.0,30.0,114.0,10.0,50.0,-962.0,-323.0
124,2.0,-249.0,-71.0,33.0,113.0,10.0,40.0,-958.0,-324.0
125,2.0,-249.0,-72.0,32.0,113.0,8.0,40.0,-961.0,-325.0
126,1.0,-251.0,-73.0,29.0,111.0,7.0,38.0,-958.0,-321.0
127,2.0,-248.0,-74.0,27.0,112.0,6.0,35.0,-961.0,-321.0
128,-1.0,-248.0,-70.0,26.0,112.0,6.0,38.0,-958.0,-320.0
129,1.0,-251.0,-71.0,28.0,112.0,5.0,40.0,-961.0,-323.0
130,1.0,-251.0,-72.0,31.0,113.0,5.0,34.0,-957.0,-322.0
131,2.0,-248.0,-72.0,38.0,112.0,4.0,35.0,-950.0,-323.0
132,1.0,-250.0,-76.0,42.0,110.0,4.0,36.0,-951.0,-326.0
133,1.0,-247.0,-73.0,43.0,110.0,3.0,37.0,-946.0,-327.0
134,1.0,-245.0,-75.0,47.0,110.0,2.0,39.0,-946.0,-330.0
135,8.0,-239.0,-77.0,48.0,109.0,2.0,44.0,-943.0,-334.0
136,1.0,-246.0,-69.0,46.0,110.0,3.0,50.0,-932.0,-330.0
137,4.0,-247.0,-74.0,45.0,110.0,0.0,51.0,-936.0,-327.0
138,3.0,-244.0,-74.0,41.0,111.0,-1.0,53.0,-945.0,-325.0
139,5.0,-248.0,-74.0,37.0,112.0,-4.0,47.0,-943.0,-330.0
140,2.0,-246.0,-68.0,30.0,112.0,-4.0,56.0,-947.0,-326.0
141,4.0,-248.0,-70.0,25.0,111.0,-6.0,49.0,-952.0,-317.0
142,9.0,-251.0,-72.0,23.0,114.0,-7.0,52.0,-956.0,-323.0
143,6.0,-250.0,-71.0,21.0,113.0,-7.0,55.0,-964.0,-321.0
144,3.0,-248.0,-74.0,20.0,114.0,-7.0,50.0,-965.0,-319.0
145,4.0,-249.0,-73.0,20.0,115.0,-6.0,50.0,-966.0,-319.0
146,4.0,-251.0,-71.0,23.0,114.0,-5.0,51.0,-964.0,-322.0
147,4.0,-250.0,-71.0,26.0,114.0,-3.0,51.0,-963.0,-318.0
148,5.0,-250.0,-76.0,29.0,112.0,-1.0,54.0,-957.0,-315.0
149,3.0,-249.0,-71.0,31.0,112.0,1.0,51.0,-952.0,-316.0
150,5.0,-248.0,-72.0,30.0,112.0,1.0,50.0,-954.0,-315.0
151,5.0,-249.0,-73.0,28.0,111.0,4.0,54.0,-945.0,-320.0
152,6.0,-247.0,-71.0,25.0,111.0,4.0,50.0,-943.0,-326.0
153,4.0,-247.0,-74.0,22.0,114.0,3.0,52.0,-946.0,-326.0
154,6.0,-245.0,-71.0,20.0,114.0,3.0,54.0,-942.0,-324.0
155,3.0,-248.0,-73.0,16.0,113.0,3.0,54.0,-946.0,-325.0
156,2.0,-247.0,-71.0,14.0,112.0,2.0,52.0,-946.0,-326.0
157,7.0,-244.0,-80.0,15.0,114.0,3.0,53.0,-944.0,-319.0
158,6.0,-248.0,-72.0,16.0,115.0,4.0,53.0,-949.0,-326.0
159,6.0,-248.0,-72.0,18.0,117.0,3.0,52.0,-952.0,-322.0
160,7.0,-250.0,-73.0,22.0,117.0,3.0,54.0,-948.0,-328.0
161,6.0,-248.0,-74.0,26.0,117.0,3.0,58.0,-953.0,-329.0
162,4.0,-247.0,-71.0,29.0,117.0,2.0,54.0,-950.0,-332.0
163,3.0,-247.0,-74.0,29.0,117.0,5.0,55.0,-947.0,-331.0
164,5.0,-248.0,-71.0,29.0,119.0,7.0,53.0,-944.0,-325.0
165,3.0,-246.0,-72.0,28.0,120.0,5.0,53.0,-945.0,-323.0
166,3.0,-248.0,-71.0,26.0,120.0,6.0,51.0,-949.0,-323.0
167,3.0,-245.0,-69.0,27.0,120.0,6.0,47.0,-952.0,-323.0
168,4.0,-251.0,-70.0,25.0,121.0,5.0,49.0,-952.0,-328.0
169,3.0,-248.0,-72.0,26.0,122.0,4.0,48.0,-953.0,-325.0
170,3.0,-250.0,-74.0,26.0,124.0,2.0,49.0,-953.0,-325.0
171,2.0,-249.0,-71.0,27.0,123.0,3.0,48.0,-956.0,-325.0
172,4.0,-250.0,-74.0,27.0,121.0,2.0,50.0,-958.0,-318.0
173,2.0,-250.0,-72.0,28.0,121.0,5.0,49.0,-959.0,-328.0
174,2.0,-251.0,-73.0,31.0,122.0,4.0,46.0,-964.0,-330.0
175,4.0,-250.0,-75.0,33.0,123.0,5.0,49.0,-965.0,-324.0
176,2.0,-250.0,-72.0,38.0,123.0,7.0,50.0,-960.0,-325.0
177,5.0,-251.0,-72.0,45.0,120.0,8.0,50.0,-958.0,-326.0
178,4.0,-248.0,-71.0,49.0,118.0,9.0,47.0,-960.0,-321.0
179,9.0,-248.0,-70.0,51.0,116.0,8.0,53.0,-959.0,-315.0
180,5.0,-248.0,-66.0,49.0,113.0,7.0,49.0,-951.0,-312.0
181,4.0,-247.0,-69.0,45.0,110.0,8.0,53.0,-953.0,-311.0
182,4.0,-247.0,-69.0,38.0,108.0,9.0,51.0,-943.0,-311.0
183,4.0,-246.0,-71.0,26.0,106.0,7.0,48.0,-946.0,-309.0
184,2.0,-246.0,-69.0,11.0,105.0,7.0,43.0,-941.0,-308.0
185,1.0,-247.0,-66.0,1.0,101.0,6.0,44.0,-943.0,-305.0
186,3.0,-248.0,-71.0,-2.0,99.0,5.0,42.0,-941.0,-316.0
187,2.0,-248.0,-69.0,1.0,96.0,5.0,42.0,-946.0,-318.0
188,5.0,-247.0,-72.0,6.0,94.0,6.0,44.0,-954.0,-327.0
189,4.0,-247.0,-73.0,9.0,95.0,7.0,48.0,-949.0,-328.0
190,5.0,-245.0,-74.0,13.0,95.0,8.0,45.0,-950.0,-334.0
191,4.0,-248.0,-78.0,15.0,96.0,9.0,53.0,-947.0,-330.0
192,5.0,-247.0,-77.0,16.0,94.0,7.0,48.0,-943.0,-336.0
193,5.0,-249.0,-74.0,19.0,91.0,11.0,53.0,-946.0,-333.0
194,2.0,-247.0,-71.0,19.0,90.0,11.0,45.0,-946.0,-332.0
195,6.0,-248.0,-72.0,19.0,88.0,11.0,45.0,-952.0,-327.0
196,5.0,-249.0,-68.0,20.0,85.0,12.0,49.0,-947.0,-316.0
197,4.0,-248.0,-71.0,19.0,83.0,12.0,49.0,-955.0,-324.0
198,6.0,-250.0,-70.0,15.0,79.0,11.0,50.0,-951.0,-318.0
199,5.0,-251.0,-67.0,12.0,79.0,9.0,49.0,-952.0,-314.0
200,4.0,-248.0,-62.0,2.0,83.0,9.0,48.0,-956.0,-313.0
201,4.0,-248.0,-71.0,-6.0,82.0,7.0,41.0,-960.0,-317.0
202,1.0,-248.0,-67.0,-14.0,85.0,8.0,45.0,-957.0,-314.0
203,2.0,-248.0,-70.0,-17.0,86.0,7.0,43.0,-953.0,-310.0
204,4.0,-249.0,-68.0,-19.0,87.0,8.0,42.0,-948.0,-310.0
205,1.0,-247.0,-67.0,-18.0,85.0,8.0,39.0,-945.0,-310.0
206,5.0,-247.0,-69.0,-15.0,84.0,9.0,45.0,-949.0,-310.0
207,2.0,-249.0,-67.0,-16.0,82.0,7.0,42.0,-941.0,-310.0
208,3.0,-247.0,-69.0,-17.0,79.0,9.0,51.0,-941.0,-313.0
209,4.0,-248.0,-72.0,-19.0,75.0,9.0,48.0,-943.0,-311.0
210,3.0,-247.0,-67.0,-22.0,72.0,8.0,51.0,-951.0,-311.0
211,4.0,-249.0,-70.0,-29.0,68.0,8.0,46.0,-958.0,-311.0
212,7.0,-252.0,-69.0,-34.0,65.0,7.0,53.0,-958.0,-314.0
213,3.0,-249.0,-69.0,-38.0,63.0,9.0,53.0,-960.0,-316.0
214,5.0,-250.0,-70.0,-43.0,63.0,9.0,53.0,-960.0,-309.0
215,6.0,-250.0,-69.0,-42.0,63.0,10.0,51.0,-958.0,-311.0
216,5.0,-248.0,-66.0,-41.0,64.0,11.0,56.0,-962.0,-309.0
217,5.0,-249.0,-68.0,-38.0,65.0,10.0,52.0,-964.0,-310.0
218,5.0,-250.0,-68.0,-35.0,64.0,8.0,48.0,-960.0,-315.0
219,5.0,-250.0,-71.0,-32.0,62.0,8.0,51.0,-957.0,-320.0
220,4.0,-249.0,-71.0,-25.0,61.0,7.0,46.0,-958.0,-317.0
221,4.0,-252.0,-72.0,-21.0,61.0,7.0,40.0,-962.0,-322.0
222,-6.0,-248.0,-76.0,-16.0,60.0,7.0,43.0,-956.0,-333.0
223,0.0,-250.0,-73.0,-16.0,60.0,8.0,42.0,-952.0,-326.0
224,2.0,-248.0,-72.0,-15.0,59.0,5.0,42.0,-953.0,-324.0
225,1.0,-249.0,-73.0,-15.0,57.0,7.0,38.0,-951.0,-323.0
226,1.0,-248.0,-68.0,-17.0,59.0,8.0,37.0,-951.0,-319.0
227,1.0,-247.0,-69.0,-18.0,59.0,7.0,40.0,-956.0,-315.0
228,2.0,-249.0,-68.0,-17.0,56.0,6.0,37.0,-952.0,-313.0
229,2.0,-249.0,-71.0,-19.0,54.0,6.0,38.0,-954.0,-315.0
230,3.0,-250.0,-70.0,-20.0,52.0,5.0,41.0,-954.0,-319.0
231,4.0,-248.0,-72.0,-24.0,49.0,6.0,43.0,-953.0,-316.0
232,2.0,-249.0,-71.0,-23.0,49.0,6.0,52.0,-953.0,-317.0
233,2.0,-245.0,-71.0,-23.0,49.0,9.0,48.0,-947.0,-321.0
234,3.0,-248.0,-66.0,-20.0,51.0,10.0,51.0,-948.0,-321.0
235,3.0,-247.0,-74.0,-20.0,51.0,11.0,47.0,-949.0,-316.0
236,5.0,-247.0,-75.0,-22.0,53.0,13.0,51.0,-946.0,-325.0
237,3.0,-247.0,-71.0,-27.0,55.0,15.0,49.0,-944.0,-327.0
238,2.0,-246.0,-73.0,-33.0,53.0,16.0,45.0,-938.0,-328.0
239,1.0,-243.0,-70.0,-38.0,52.0,15.0,49.0,-943.0,-328.0
240,3.0,-249.0,-70.0,-44.0,49.0,17.0,46.0,-938.0,-325.0
241,3.0,-246.0,-70.0,-50.0,44.0,19.0,47.0,-936.0,-321.0
242,7.0,-247.0,-74.0,-56.0,38.0,22.0,50.0,-937.0,-326.0
243,5.0,-245.0,-71.0,-64.0,33.0,25.0,52.0,-940.0,-327.0
244,8.0,-244.0,-84.0,-74.0,32.0,27.0,51.0,-934.0,-326.0
245,8.0,-247.0,-75.0,-87.0,33.0,28.0,54.0,-939.0,-326.0
246,6.0,-246.0,-70.0,-101.0,35.0,27.0,60.0,-944.0,-328.0
247,7.0,-248.0,-76.0,-115.0,39.0,26.0,56.0,-956.0,-329.0
248,5.0,-249.0,-78.0,-125.0,42.0,21.0,56.0,-960.0,-331.0
249,7.0,-251.0,-77.0,-134.0,46.0,16.0,57.0,-965.0,-330.0
250,7.0,-251.0,-70.0,-140.0,46.0,10.0,61.0,-966.0,-322.0
251,7.0,-255.0,-70.0,-139.0,46.0,5.0,56.0,-975.0,-311.0
252,5.0,-254.0,-67.0,-126.0,41.0,-1.0,55.0,-965.0,-306.0
253,3.0,-252.0,-63.0,-107.0,41.0,-3.0,49.0,-967.0,-295.0
254,1.0,-249.0,-61.0,-87.0,41.0,-6.0,39.0,-964.0,-291.0
255,1.0,-249.0,-67.0,-69.0,38.0,-5.0,35.0,-958.0,-285.0
256,0.0,-248.0,-63.0,-60.0,33.0,-2.0,29.0,-955.0,-290.0
257,0.0,-250.0,-62.0,-61.0,26.0,1.0,21.0,-952.0,-281.0
258,0.0,-249.0,-65.0,-69.0,16.0,4.0,19.0,-958.0,-282.0
259,-5.0,-249.0,-64.0,-79.0,6.0,7.0,15.0,-959.0,-288.0
260,-7.0,-251.0,-62.0,-86.0,-5.0,7.0,8.0,-968.0,-281.0
261,-7.0,-255.0,-66.0,-94.0,-19.0,7.0,9.0,-976.0,-290.0
262,-7.0,-252.0,-62.0,-100.0,-33.0,2.0,7.0,-976.0,-290.0
263,-4.0,-254.0,-61.0,-100.0,-49.0,-2.0,13.0,-984.0,-292.0
264,-5.0,-257.0,-62.0,-93.0,-65.0,-4.0,12.0,-977.0,-278.0
265,-4.0,-253.0,-59.0,-82.0,-78.0,-9.0,14.0,-970.0,-280.0
266,-5.0,-253.0,-65.0,-68.0,-89.0,-11.0,21.0,-968.0,-274.0
267,0.0,-249.0,-59.0,-59.0,-94.0,-12.0,31.0,-956.0,-287.0
268,0.0,-247.0,-63.0,-54.0,-100.0,-12.0,34.0,-950.0,-288.0
269,6.0,-247.0,-68.0,-52.0,-103.0,-9.0,48.0,-936.0,-296.0
270,5.0,-243.0,-67.0,-54.0,-101.0,-8.0,49.0,-933.0,-305.0
271,9.0,-245.0,-72.0,-58.0,-99.0,-6.0,60.0,-925.0,-313.0
272,9.0,-243.0,-70.0,-66.0,-93.0,-4.0,66.0,-918.0,-323.0
273,11.0,-241.0,-69.0,-76.0,-87.0,-1.0,76.0,-918.0,-326.0
274,14.0,-239.0,-74.0,-87.0,-79.0,0.0,78.0,-912.0,-332.0
275,16.0,-240.0,-72.0,-97.0,-70.0,3.0,89.0,-914.0,-340.0
276,17.0,-239.0,-76.0,-104.0,-60.0,3.0,94.0,-919.0,-337.0
277,17.0,-241.0,-75.0,-109.0,-51.0,6.0,99.0,-916.0,-340.0
278,18.0,-243.0,-78.0,-111.0,-43.0,6.0,97.0,-921.0,-341.0
279,15.0,-240.0,-76.0,-112.0,-32.0,8.0,94.0,-924.0,-338.0
280,15.0,-240.0,-83.0,-114.0,-22.0,9.0,92.0,-923.0,-345.0
281,11.0,-243.0,-79.0,-115.0,-12.0,12.0,89.0,-928.0,-353.0
282,12.0,-245.0,-80.0,-120.0,2.0,16.0,89.0,-932.0,-358.0
283,14.0,-248.0,-79.0,-129.0,13.0,20.0,78.0,-940.0,-368.0
284,11.0,-247.0,-81.0,-139.0,24.0,23.0,73.0,-946.0,-365.0
285,11.0,-250.0,-81.0,-146.0,35.0,27.0,66.0,-948.0,-362.0
286,8.0,-249.0,-82.0,-146.0,41.0,31.0,60.0,-955.0,-364.0
287,14.0,-250.0,-80.0,-144.0,44.0,32.0,58.0,-961.0,-359.0
288,6.0,-252.0,-81.0,-136.0,47.0,35.0,61.0,-959.0,-363.0
289,7.0,-252.0,-82.0,-125.0,50.0,38.0,60.0,-962.0,-366.0
290,11.0,-248.0,-78.0,-110.0,56.0,39.0,61.0,-959.0,-352.0
291,7.0,-250.0,-82.0,-100.0,61.0,41.0,59.0,-956.0,-353.0
292,6.0,-249.0,-81.0,-94.0,69.0,41.0,55.0,-951.0,-349.0
293,3.0,-247.0,-77.0,-89.0,73.0,43.0,47.0,-945.0,-345.0
294,2.0,-245.0,-79.0,-88.0,78.0,44.0,49.0,-940.0,-351.0
295,3.0,-246.0,-76.0,-90.0,82.0,43.0,46.0,-942.0,-346.0
296,1.0,-245.0,-81.0,-95.0,82.0,45.0,42.0,-938.0,-347.0
297,1.0,-246.0,-78.0,-102.0,85.0,43.0,37.0,-930.0,-348.0
298,1.0,-244.0,-75.0,-105.0,86.0,43.0,38.0,-932.0,-347.0
299,0.0,-244.0,-78.0,-108.0,88.0,43.0,28.0,-931.0,-346.0
300,0.0,-244.0,-79.0,-112.0,88.0,46.0,25.0,-928.0,-341.0
301,-3.0,-244.0,-77.0,-116.0,88.0,47.0,17.0,-929.0,-336.0
302,-3.0,-244.0,-76.0,-120.0,88.0,51.0,14.0,-925.0,-346.0
303,-4.0,-242.0,-80.0,-122.0,89.0,54.0,3.0,-922.0,-346.0
304,-8.0,-241.0,-79.0,-129.0,88.0,58.0,2.0,-921.0,-358.0
305,-4.0,-241.0,-77.0,-135.0,87.0,62.0,-4.0,-921.0,-359.0
306,-12.0,-241.0,-81.0,-144.0,82.0,69.0,-8.0,-918.0,-362.0
307,-11.0,-238.0,-80.0,-155.0,77.0,75.0,-16.0,-917.0,-358.0
308,-10.0,-241.0,-82.0,-165.0,64.0,79.0,-26.0,-919.0,-354.0
309,-18.0,-243.0,-67.0,-172.0,49.0,82.0,-26.0,-924.0,-352.0
310,-13.0,-245.0,-77.0,-178.0,34.0,84.0,-21.0,-923.0,-347.0
311,-13.0,-243.0,-75.0,-178.0,18.0,86.0,-26.0,-921.0,-347.0
312,-15.0,-239.0,-79.0,-177.0,9.0,87.0,-23.0,-924.0,-346.0
313,-16.0,-239.0,-78.0,-176.0,1.0,88.0,-27.0,-922.0,-351.0
314,-15.0,-242.0,-79.0,-171.0,-4.0,87.0,-32.0,-918.0,-358.0
315,-14.0,-242.0,-82.0,-168.0,-11.0,85.0,-29.0,-919.0,-370.0
316,-14.0,-237.0,-85.0,-173.0,-22.0,83.0,-25.0,-915.0,-381.0
317,-12.0,-235.0,-92.0,-190.0,-39.0,74.0,-27.0,-901.0,-407.0
318,-14.0,-235.0,-96.0,-223.0,-61.0,62.0,-25.0,-891.0,-440.0
319,-10.0,-225.0,-102.0,-275.0,-84.0,45.0,-10.0,-876.0,-464.0
320,-3.0,-224.0,-107.0,-342.0,-99.0,23.0,8.0,-863.0,-467.0
321,0.0,-219.0,-108.0,-414.0,-111.0,-1.0,21.0,-848.0,-472.0
322,0.0,-214.0,-110.0,-474.0,-128.0,-23.0,38.0,-833.0,-479.0
323,2.0,-217.0,-110.0,-510.0,-143.0,-40.0,37.0,-819.0,-478.0
324,1.0,-210.0,-107.0,-544.0,-153.0,-55.0,36.0,-813.0,-468.0
325,0.0,-208.0,-104.0,-562.0,-167.0,-68.0,23.0,-797.0,-464.0
326,-5.0,-201.0,-99.0,-576.0,-183.0,-77.0,6.0,-782.0,-449.0
327,-12.0,-200.0,-89.0,-590.0,-207.0,-89.0,-21.0,-770.0,-409.0
328,-19.0,-198.0,-77.0,-597.0,-234.0,-98.0,-39.0,-758.0,-341.0
329,-18.0,-196.0,-64.0,-589.0,-260.0,-110.0,-37.0,-764.0,-287.0
330,-13.0,-203.0,-56.0,-577.0,-279.0,-124.0,-23.0,-788.0,-257.0
331,-8.0,-199.0,-53.0,-577.0,-288.0,-137.0,0.0,-807.0,-237.0
332,2.0,-215.0,-51.0,-595.0,-286.0,-152.0,36.0,-833.0,-240.0
333,9.0,-223.0,-54.0,-630.0,-274.0,-178.0,56.0,-868.0,-249.0
334,13.0,-239.0,-49.0,-680.0,-248.0,-205.0,70.0,-915.0,-240.0
335,15.0,-254.0,-52.0,-717.0,-210.0,-233.0,77.0,-978.0,-234.0
336,9.0,-274.0,-55.0,-744.0,-168.0,-253.0,73.0,-1053.0,-254.0
337,11.0,-291.0,-54.0,-777.0,-134.0,-254.0,79.0,-1111.0,-253.0
338,13.0,-305.0,-52.0,-804.0,-103.0,-238.0,87.0,-1164.0,-249.0
339,23.0,-315.0,-51.0,-809.0,-63.0,-209.0,129.0,-1214.0,-232.0
340,29.0,-324.0,-47.0,-788.0,-21.0,-182.0,148.0,-1230.0,-232.0
341,26.0,-315.0,-57.0,-753.0,20.0,-160.0,149.0,-1217.0,-269.0
342,28.0,-313.0,-71.0,-712.0,47.0,-151.0,148.0,-1197.0,-335.0
343,23.0,-305.0,-83.0,-681.0,57.0,-139.0,123.0,-1163.0,-375.0
344,12.0,-296.0,-89.0,-638.0,62.0,-118.0,86.0,-1117.0,-391.0
345,2.0,-286.0,-90.0,-571.0,72.0,-91.0,41.0,-1102.0,-401.0
346,-13.0,-276.0,-83.0,-504.0,80.0,-60.0,-19.0,-1071.0,-382.0
347,-22.0,-271.0,-71.0,-433.0,85.0,-31.0,-60.0,-1037.0,-336.0
348,-29.0,-260.0,-68.0,-348.0,94.0,-13.0,-73.0,-1014.0,-310.0
349,-31.0,-255.0,-67.0,-284.0,104.0,10.0,-84.0,-985.0,-306.0
350,-33.0,-250.0,-74.0,-256.0,105.0,32.0,-100.0,-976.0,-341.0
351,-27.0,-248.0,-83.0,-275.0,96.0,59.0,-86.0,-959.0,-376.0
352,-18.0,-244.0,-88.0,-311.0,86.0,82.0,-37.0,-941.0,-392.0
353,-8.0,-243.0,-88.0,-339.0,88.0,97.0,-2.0,-918.0,-403.0
354,3.0,-236.0,-94.0,-338.0,99.0,96.0,44.0,-900.0,-411.0
355,17.0,-234.0,-92.0,-314.0,115.0,92.0,84.0,-889.0,-412.0
356,27.0,-232.0,-99.0,-280.0,142.0,84.0,132.0,-885.0,-440.0
357,40.0,-230.0,-99.0,-264.0,168.0,71.0,165.0,-873.0,-445.0
358,41.0,-222.0,-101.0,-271.0,189.0,49.0,192.0,-857.0,-445.0
359,44.0,-223.0,-106.0,-285.0,213.0,30.0,195.0,-859.0,-460.0
360,41.0,-217.0,-101.0,-324.0,234.0,19.0,183.0,-848.0,-446.0
361,35.0,-221.0,-90.0,-354.0,252.0,19.0,174.0,-846.0,-420.0
362,39.0,-225.0,-87.0,-369.0,266.0,17.0,172.0,-850.0,-383.0
363,34.0,-229.0,-81.0,-380.0,277.0,9.0,159.0,-871.0,-364.0
364,24.0,-234.0,-79.0,-404.0,286.0,8.0,128.0,-888.0,-338.0
365,19.0,-236.0,-68.0,-430.0,291.0,26.0,98.0,-904.0,-310.0
366,12.0,-241.0,-62.0,-455.0,301.0,55.0,66.0,-924.0,-293.0
367,1.0,-249.0,-59.0,-478.0,309.0,87.0,35.0,-953.0,-283.0
368,-2.0,-251.0,-59.0,-503.0,311.0,128.0,13.0,-978.0,-271.0
369,-4.0,-260.0,-61.0,-533.0,305.0,167.0,20.0,-1010.0,-272.0
370,2.0,-266.0,-55.0,-548.0,299.0,213.0,42.0,-1024.0,-265.0
371,10.0,-269.0,-57.0,-539.0,298.0,240.0,68.0,-1037.0,-263.0
372,12.0,-272.0,-63.0,-520.0,306.0,262.0,84.0,-1035.0,-288.0
373,16.0,-270.0,-63.0,-510.0,316.0,294.0,87.0,-1030.0,-281.0
374,11.0,-267.0,-66.0,-489.0,334.0,319.0,91.0,-1022.0,-279.0
375,19.0,-259.0,-57.0,-446.0,357.0,332.0,95.0,-988.0,-278.0
376,15.0,-251.0,-60.0,-392.0,380.0,340.0,86.0,-959.0,-276.0
377,11.0,-246.0,-60.0,-331.0,404.0,356.0,80.0,-931.0,-286.0
378,10.0,-236.0,-67.0,-274.0,430.0,367.0,72.0,-907.0,-294.0
379,7.0,-230.0,-69.0,-241.0,456.0,372.0,53.0,-883.0,-305.0
380,11.0,-226.0,-69.0,-231.0,478.0,385.0,64.0,-874.0,-313.0
381,17.0,-227.0,-74.0,-235.0,504.0,398.0,85.0,-863.0,-324.0
382,17.0,-222.0,-80.0,-245.0,534.0,401.0,93.0,-861.0,-352.0
383,15.0,-221.0,-80.0,-267.0,569.0,404.0,94.0,-852.0,-347.0
384,15.0,-226.0,-79.0,-283.0,606.0,398.0,80.0,-862.0,-348.0
385,11.0,-231.0,-76.0,-295.0,645.0,390.0,75.0,-880.0,-324.0
386,4.0,-233.0,-68.0,-301.0,678.0,387.0,47.0,-898.0,-313.0
387,0.0,-241.0,-59.0,-313.0,697.0,384.0,28.0,-919.0,-265.0
388,-11.0,-246.0,-51.0,-312.0,711.0,382.0,-2.0,-954.0,-243.0
389,-10.0,-253.0,-43.0,-314.0,714.0,392.0,-7.0,-986.0,-228.0
390,-19.0,-264.0,-49.0,-325.0,709.0,406.0,-47.0,-1031.0,-234.0
391,-31.0,-275.0,-47.0,-357.0,708.0,438.0,-83.0,-1066.0,-233.0
392,-43.0,-285.0,-48.0,-385.0,688.0,481.0,-126.0,-1110.0,-237.0
393,-54.0,-299.0,-45.0,-395.0,653.0,528.0,-162.0,-1142.0,-213.0
394,-57.0,-309.0,-44.0,-376.0,615.0,577.0,-181.0,-1183.0,-214.0
395,-52.0,-318.0,-44.0,-330.0,592.0,637.0,-171.0,-1218.0,-216.0
396,-40.0,-326.0,-44.0,-258.0,602.0,694.0,-136.0,-1247.0,-223.0
397,-38.0,-330.0,-59.0,-179.0,645.0,742.0,-108.0,-1275.0,-273.0
398,-27.0,-339.0,-67.0,-114.0,692.0,784.0,-83.0,-1293.0,-323.0
399,-28.0,-336.0,-85.0,-76.0,734.0,820.0,-73.0,-1315.0,-375.0
400,-19.0,-344.0,-104.0,-54.0,766.0,859.0,-34.0,-1336.0,-444.0
401,-16.0,-344.0,-122.0,-57.0,786.0,889.0,-29.0,-1348.0,-528.0
402,-10.0,-346.0,-131.0,-89.0,797.0,916.0,-23.0,-1340.0,-567.0
403,-21.0,-340.0,-136.0,-125.0,810.0,940.0,-35.0,-1319.0,-585.0
404,-22.0,-336.0,-128.0,-166.0,796.0,974.0,-40.0,-1300.0,-559.0
405,-18.0,-334.0,-116.0,-211.0,758.0,1013.0,-25.0,-1285.0,-509.0
406,-13.0,-329.0,-106.0,-253.0,713.0,1050.0,-19.0,-1268.0,-460.0
407,-15.0,-320.0,-96.0,-283.0,672.0,1092.0,-19.0,-1238.0,-424.0
408,-17.0,-312.0,-88.0,-314.0,632.0,1136.0,-27.0,-1204.0,-408.0
409,-23.0,-303.0,-91.0,-352.0,585.0,1179.0,-56.0,-1178.0,-411.0
410,-38.0,-300.0,-88.0,-416.0,545.0,1221.0,-106.0,-1162.0,-403.0
411,-61.0,-293.0,-86.0,-492.0,501.0,1267.0,-192.0,-1147.0,-389.0
412,-76.0,-293.0,-89.0,-564.0,468.0,1313.0,-271.0,-1142.0,-406.0
413,-98.0,-287.0,-106.0,-636.0,450.0,1356.0,-353.0,-1131.0,-454.0
414,-115.0,-285.0,-135.0,-725.0,442.0,1386.0,-423.0,-1123.0,-573.0
415,-132.0,-291.0,-195.0,-849.0,432.0,1392.0,-493.0,-1132.0,-809.0
416,-137.0,-298.0,-257.0,-999.0,420.0,1350.0,-508.0,-1160.0,-1068.0
417,-121.0,-319.0,-336.0,-1126.0,387.0,1253.0,-456.0,-1201.0,-1411.0
418,-101.0,-331.0,-436.0,-1160.0,317.0,1103.0,-384.0,-1245.0,-1791.0
419,-83.0,-347.0,-509.0,-1076.0,253.0,895.0,-331.0,-1294.0,-2114.0
420,-86.0,-363.0,-530.0,-939.0,256.0,646.0,-345.0,-1367.0,-2226.0
421,-103.0,-369.0,-481.0,-835.0,366.0,398.0,-418.0,-1411.0,-2065.0
422,-138.0,-379.0,-387.0,-806.0,551.0,196.0,-523.0,-1462.0,-1705.0
423,-181.0,-392.0,-271.0,-822.0,678.0,55.0,-651.0,-1514.0,-1230.0
424,-206.0,-403.0,-158.0,-806.0,623.0,-21.0,-735.0,-1550.0,-774.0
425,-180.0,-404.0,-77.0,-712.0,394.0,-55.0,-670.0,-1549.0,-423.0
426,-129.0,-382.0,-27.0,-526.0,113.0,-90.0,-481.0,-1475.0,-142.0
427,-67.0,-342.0,1.0,-267.0,-144.0,-131.0,-190.0,-1267.0,-31.0
428,-6.0,-292.0,7.0,52.0,-352.0,-193.0,28.0,-1064.0,-12.0
429,43.0,-242.0,-4.0,433.0,-498.0,-303.0,203.0,-847.0,-32.0
430,74.0,-179.0,-33.0,850.0,-589.0,-459.0,315.0,-629.0,-164.0
431,94.0,-123.0,-82.0,1190.0,-623.0,-633.0,380.0,-444.0,-365.0
432,83.0,-86.0,-131.0,1336.0,-598.0,-801.0,327.0,-319.0,-556.0
433,28.0,-54.0,-153.0,1276.0,-539.0,-951.0,126.0,-226.0,-647.0
434,-39.0,-36.0,-155.0,1070.0,-513.0,-1079.0,-132.0,-160.0,-670.0
435,-93.0,-21.0,-149.0,776.0,-575.0,-1154.0,-332.0,-129.0,-647.0
436,-135.0,-28.0,-149.0,438.0,-736.0,-1172.0,-472.0,-156.0,-632.0
437,-157.0,-39.0,-139.0,116.0,-979.0,-1153.0,-567.0,-179.0,-578.0
438,-164.0,-55.0,-125.0,-118.0,-1253.0,-1123.0,-619.0,-231.0,-546.0
439,-156.0,-78.0,-118.0,-249.0,-1517.0,-1064.0,-587.0,-295.0,-514.0
440,-140.0,-98.0,-99.0,-304.0,-1750.0,-992.0,-521.0,-380.0,-447.0
441,-114.0,-137.0,-86.0,-305.0,-1942.0,-929.0,-433.0,-510.0,-390.0
442,-85.0,-177.0,-79.0,-287.0,-2080.0,-848.0,-322.0,-658.0,-349.0
443,-49.0,-215.0,-82.0,-255.0,-2156.0,-758.0,-174.0,-808.0,-344.0
444,-18.0,-252.0,-93.0,-243.0,-2173.0,-670.0,-68.0,-952.0,-394.0
445,30.0,-293.0,-124.0,-286.0,-2138.0,-596.0,102.0,-1115.0,-505.0
446,76.0,-325.0,-162.0,-402.0,-2037.0,-596.0,283.0,-1266.0,-661.0
447,121.0,-367.0,-194.0,-564.0,-1861.0,-662.0,445.0,-1393.0,-794.0
448,148.0,-390.0,-225.0,-716.0,-1612.0,-770.0,553.0,-1491.0,-950.0
449,166.0,-415.0,-240.0,-829.0,-1302.0,-888.0,640.0,-1589.0,-1028.0
450,164.0,-442.0,-259.0,-871.0,-931.0,-1012.0,623.0,-1699.0,-1114.0
451,131.0,-484.0,-273.0,-909.0,-628.0,-1135.0,513.0,-1858.0,-1163.0
452,113.0,-527.0,-274.0,-951.0,-285.0,-1234.0,445.0,-2025.0,-1167.0
453,90.0,-570.0,-271.0,-954.0,13.0,-1326.0,363.0,-2184.0,-1163.0
454,66.0,-608.0,-274.0,-907.0,265.0,-1442.0,299.0,-2338.0,-1162.0
455,60.0,-656.0,-245.0,-862.0,445.0,-1524.0,278.0,-2530.0,-1064.0
456,48.0,-695.0,-213.0,-841.0,553.0,-1588.0,244.0,-2680.0,-936.0
457,40.0,-714.0,-189.0,-829.0,640.0,-1619.0,223.0,-2771.0,-819.0
458,22.0,-723.0,-173.0,-807.0,741.0,-1595.0,156.0,-2801.0,-774.0
459,13.0,-731.0,-147.0,-778.0,856.0,-1477.0,99.0,-2812.0,-673.0
460,-15.0,-708.0,-134.0,-724.0,958.0,-1308.0,11.0,-2751.0,-581.0
461,-20.0,-676.0,-120.0,-612.0,1070.0,-1101.0,-28.0,-2617.0,-549.0
462,-25.0,-618.0,-150.0,-431.0,1172.0,-865.0,-21.0,-2378.0,-646.0
463,-32.0,-539.0,-191.0,-155.0,1132.0,-653.0,-29.0,-2064.0,-810.0
464,-42.0,-433.0,-234.0,225.0,928.0,-481.0,-86.0,-1677.0,-998.0
465,-46.0,-310.0,-214.0,567.0,770.0,-309.0,-153.0,-1242.0,-943.0
466,-55.0,-191.0,-166.0,750.0,789.0,-139.0,-196.0,-810.0,-761.0
467,-62.0,-77.0,-129.0,755.0,876.0,-33.0,-230.0,-379.0,-579.0
468,-68.0,26.0,-117.0,633.0,863.0,28.0,-242.0,27.0,-505.0
469,-45.0,96.0,-128.0,474.0,677.0,112.0,-157.0,330.0,-529.0
470,-6.0,152.0,-151.0,346.0,376.0,183.0,-19.0,551.0,-658.0
471,16.0,182.0,-164.0,265.0,72.0,195.0,69.0,724.0,-705.0
472,25.0,182.0,-157.0,251.0,-111.0,195.0,84.0,732.0,-671.0
473,19.0,156.0,-145.0,287.0,-158.0,213.0,64.0,600.0,-605.0
474,3.0,107.0,-115.0,256.0,-146.0,239.0,12.0,400.0,-506.0
475,-20.0,49.0,-62.0,115.0,-139.0,269.0,-72.0,171.0,-289.0
476,-37.0,-15.0,-2.0,-19.0,-186.0,311.0,-115.0,-48.0,-48.0
477,-30.0,-73.0,46.0,-10.0,-297.0,351.0,-91.0,-241.0,134.0
478,-2.0,-116.0,81.0,152.0,-414.0,360.0,6.0,-391.0,285.0
479,22.0,-127.0,112.0,398.0,-485.0,326.0,121.0,-465.0,402.0
480,52.0,-122.0,131.0,623.0,-554.0,276.0,252.0,-447.0,493.0
481,86.0,-104.0,124.0,781.0,-657.0,211.0,357.0,-385.0,484.0
482,105.0,-75.0,132.0,889.0,-784.0,109.0,463.0,-250.0,487.0
483,105.0,-36.0,116.0,967.0,-869.0,-7.0,417.0,-131.0,459.0
484,104.0,-1.0,90.0,1019.0,-859.0,-86.0,395.0,14.0,367.0
485,93.0,27.0,33.0,1056.0,-731.0,-157.0,347.0,106.0,155.0
486,77.0,56.0,-66.0,1010.0,-518.0,-235.0,289.0,192.0,-216.0
487,58.0,97.0,-160.0,802.0,-263.0,-314.0,189.0,326.0,-614.0
488,45.0,134.0,-256.0,487.0,17.0,-347.0,131.0,476.0,-1002.0
489,63.0,147.0,-347.0,170.0,286.0,-318.0,189.0,564.0,-1382.0
490,64.0,143.0,-415.0,-29.0,499.0,-266.0,247.0,585.0,-1702.0
491,71.0,107.0,-450.0,-134.0,606.0,-159.0,262.0,513.0,-1881.0
492,74.0,47.0,-394.0,-32.0,624.0,-28.0,319.0,328.0,-1655.0
493,70.0,-13.0,-282.0,279.0,559.0,38.0,294.0,35.0,-1193.0
494,50.0,-56.0,-187.0,668.0,418.0,21.0,185.0,-184.0,-797.0
495,37.0,-89.0,-133.0,870.0,406.0,-55.0,83.0,-381.0,-571.0
496,31.0,-124.0,-135.0,697.0,732.0,-166.0,61.0,-593.0,-576.0
497,25.0,-183.0,-180.0,100.0,1251.0,-258.0,92.0,-834.0,-746.0
498,6.0,-261.0,-219.0,-746.0,1562.0,-299.0,94.0,-1099.0,-912.0
499,-26.0,-351.0,-240.0,-1482.0,1471.0,-253.0,4.0,-1391.0,-1012.0
500,-54.0,-454.0,-252.0,-1900.0,1098.0,-84.0,-112.0,-1727.0,-1070.0
501,-68.0,-562.0,-244.0,-1942.0,737.0,194.0,-195.0,-2088.0,-1054.0
502,-67.0,-646.0,-251.0,-1613.0,573.0,520.0,-192.0,-2399.0,-1074.0
503,-31.0,-691.0,-235.0,-1116.0,618.0,803.0,-90.0,-2602.0,-990.0
504,-14.0,-692.0,-198.0,-611.0,775.0,1034.0,-16.0,-2613.0,-841.0
505,-7.0,-667.0,-164.0,-171.0,940.0,1249.0,59.0,-2584.0,-733.0
506,-15.0,-628.0,-161.0,69.0,972.0,1429.0,38.0,-2462.0,-711.0
507,-29.0,-582.0,-177.0,119.0,851.0,1522.0,-37.0,-2296.0,-749.0
508,-55.0,-553.0,-198.0,101.0,688.0,1555.0,-149.0,-2161.0,-835.0
509,-68.0,-550.0,-212.0,65.0,571.0,1568.0,-216.0,-2147.0,-905.0
510,-82.0,-553.0,-204.0,10.0,576.0,1539.0,-265.0,-2164.0,-881.0
511,-86.0,-563.0,-166.0,-17.0,615.0,1537.0,-280.0,-2169.0,-753.0
512,-110.0,-557.0,-127.0,48.0,616.0,1503.0,-333.0,-2151.0,-587.0
513,-124.0,-529.0,-102.0,207.0,578.0,1395.0,-401.0,-2076.0,-468.0
514,-139.0,-476.0,-110.0,357.0,504.0,1178.0,-474.0,-1913.0,-487.0
515,-128.0,-413.0,-147.0,404.0,388.0,908.0,-455.0,-1595.0,-617.0
516,-105.0,-338.0,-181.0,407.0,287.0,626.0,-397.0,-1283.0,-773.0
517,-77.0,-246.0,-199.0,462.0,278.0,381.0,-297.0,-914.0,-837.0
518,-52.0,-131.0,-183.0,546.0,346.0,195.0,-185.0,-504.0,-804.0
519,-28.0,-27.0,-150.0,540.0,372.0,62.0,-81.0,-102.0,-655.0
520,-2.0,56.0,-122.0,413.0,258.0,-40.0,10.0,200.0,-533.0
521,5.0,107.0,-101.0,229.0,102.0,-128.0,26.0,411.0,-458.0
522,16.0,122.0,-91.0,95.0,27.0,-175.0,49.0,472.0,-410.0
523,14.0,105.0,-82.0,58.0,20.0,-203.0,53.0,431.0,-361.0
524,14.0,70.0,-70.0,75.0,45.0,-236.0,40.0,302.0,-328.0
525,-1.0,21.0,-40.0,93.0,121.0,-296.0,-10.0,116.0,-176.0
526,-19.0,-27.0,-7.0,146.0,215.0,-381.0,-70.0,-112.0,-13.0
527,-31.0,-67.0,39.0,224.0,292.0,-449.0,-108.0,-267.0,148.0
528,-41.0,-100.0,93.0,301.0,333.0,-472.0,-148.0,-359.0,304.0
529,-43.0,-110.0,118.0,372.0,376.0,-451.0,-157.0,-406.0,421.0
530,-51.0,-108.0,133.0,458.0,454.0,-395.0,-181.0,-411.0,493.0
531,-59.0,-102.0,139.0,586.0,539.0,-317.0,-210.0,-379.0,526.0
532,-79.0,-84.0,153.0,787.0,579.0,-230.0,-271.0,-293.0,586.0
533,-100.0,-42.0,116.0,1002.0,527.0,-146.0,-331.0,-191.0,481.0
534,-117.0,12.0,46.0,1192.0,344.0,-68.0,-391.0,-14.0,217.0
535,-131.0,76.0,-23.0,1137.0,100.0,-16.0,-446.0,205.0,-55.0
536,-137.0,141.0,-88.0,865.0,-259.0,2.0,-501.0,438.0,-395.0
537,-123.0,196.0,-155.0,495.0,-619.0,21.0,-456.0,713.0,-658.0
538,-97.0,230.0,-208.0,141.0,-898.0,48.0,-382.0,868.0,-881.0
539,-59.0,237.0,-257.0,-165.0,-1037.0,91.0,-269.0,905.0,-1062.0
540,-12.0,206.0,-275.0,-414.0,-1038.0,155.0,-97.0,823.0,-1140.0
541,12.0,146.0,-271.0,-519.0,-911.0,166.0,11.0,607.0,-1147.0
542,22.0,68.0,-263.0,-455.0,-702.0,94.0,31.0,326.0,-1118.0
543,27.0,-15.0,-242.0,-245.0,-426.0,-22.0,59.0,28.0,-1036.0
544,30.0,-79.0,-190.0,41.0,-96.0,-144.0,116.0,-246.0,-844.0
545,32.0,-130.0,-139.0,301.0,110.0,-222.0,188.0,-499.0,-640.0
546,14.0,-181.0,-164.0,367.0,-56.0,-226.0,196.0,-731.0,-671.0
547,5.0,-215.0,-248.0,48.0,-585.0,-181.0,139.0,-904.0,-1104.0
548,0.0,-267.0,-341.0,-587.0,-1171.0,-124.0,3.0,-1153.0,-1446.0
549,-24.0,-337.0,-339.0,-1232.0,-1429.0,-78.0,-140.0,-1332.0,-1403.0
550,-18.0,-434.0,-225.0,-1443.0,-1240.0,-16.0,-129.0,-1529.0,-1029.0
551,28.0,-486.0,-147.0,-1019.0,-827.0,10.0,81.0,-1739.0,-688.0
552,86.0,-504.0,-140.0,-305.0,-481.0,-102.0,327.0,-1880.0,-611.0
553,118.0,-516.0,-168.0,168.0,-275.0,-319.0,468.0,-2006.0,-709.0
554,113.0,-524.0,-193.0,188.0,-119.0,-644.0,472.0,-2068.0,-801.0
555,73.0,-526.0,-197.0,-70.0,69.0,-989.0,328.0,-2070.0,-836.0
556,39.0,-528.0,-200.0,-356.0,279.0,-1233.0,212.0,-2065.0,-834.0
557,8.0,-546.0,-229.0,-552.0,441.0,-1382.0,101.0,-2099.0,-937.0
558,-15.0,-565.0,-274.0,-710.0,492.0,-1471.0,13.0,-2182.0,-1151.0
559,-34.0,-603.0,-296.0,-846.0,431.0,-1522.0,-44.0,-2340.0,-1278.0
560,-27.0,-650.0,-295.0,-922.0,286.0,-1515.0,-23.0,-2528.0,-1253.0
561,-13.0,-707.0,-259.0,-925.0,100.0,-1429.0,52.0,-2760.0,-1124.0
562,38.0,-772.0,-216.0,-887.0,-81.0,-1305.0,240.0,-2986.0,-939.0
563,93.0,-822.0,-170.0,-820.0,-170.0,-1183.0,431.0,-3189.0,-764.0
564,136.0,-856.0,-135.0,-713.0,-127.0,-1087.0,595.0,-3304.0,-607.0
565,151.0,-840.0,-121.0,-518.0,-15.0,-1026.0,659.0,-3217.0,-551.0
566,113.0,-781.0,-171.0,-170.0,67.0,-942.0,578.0,-2979.0,-698.0
567,101.0,-710.0,-210.0,331.0,76.0,-768.0,466.0,-2676.0,-907.0
568,71.0,-619.0,-227.0,903.0,82.0,-538.0,339.0,-2348.0,-983.0
569,29.0,-502.0,-216.0,1355.0,166.0,-301.0,139.0,-1954.0,-936.0
570,-22.0,-369.0,-190.0,1480.0,395.0,-76.0,-119.0,-1404.0,-796.0
571,-55.0,-249.0,-152.0,1282.0,676.0,129.0,-218.0,-935.0,-632.0
572,-88.0,-145.0,-131.0,986.0,774.0,285.0,-304.0,-536.0,-564.0
573,-99.0,-33.0,-123.0,764.0,633.0,396.0,-349.0,-178.0,-541.0
574,-85.0,40.0,-121.0,658.0,416.0,481.0,-322.0,149.0,-529.0
575,-65.0,97.0,-136.0,652.0,273.0,543.0,-281.0,364.0,-565.0
576,-45.0,142.0,-148.0,664.0,258.0,611.0,-208.0,517.0,-630.0
577,-21.0,153.0,-154.0,632.0,269.0,683.0,-81.0,600.0,-665.0
578,-10.0,151.0,-156.0,546.0,170.0,731.0,-29.0,602.0,-685.0
579,0.0,138.0,-129.0,456.0,22.0,768.0,10.0,570.0,-586.0
580,-4.0,119.0,-80.0,459.0,-162.0,786.0,1.0,510.0,-415.0
581,-2.0,91.0,-12.0,564.0,-335.0,808.0,0.0,390.0,-93.0
582,10.0,67.0,43.0,750.0,-477.0,810.0,46.0,302.0,142.0
583,25.0,46.0,81.0,953.0,-561.0,780.0,108.0,207.0,277.0
584,60.0,49.0,100.0,1081.0,-601.0,721.0,237.0,208.0,379.0
585,99.0,48.0,99.0,1136.0,-614.0,646.0,371.0,199.0,369.0
586,122.0,58.0,59.0,1112.0,-585.0,517.0,451.0,226.0,212.0
587,128.0,69.0,16.0,993.0,-484.0,369.0,465.0,256.0,59.0
588,130.0,71.0,-33.0,804.0,-321.0,264.0,454.0,285.0,-138.0
589,127.0,83.0,-108.0,555.0,-111.0,216.0,434.0,309.0,-438.0
590,132.0,94.0,-173.0,217.0,155.0,206.0,467.0,342.0,-710.0
591,145.0,96.0,-216.0,-188.0,445.0,176.0,523.0,369.0,-888.0
592,145.0,87.0,-238.0,-566.0,694.0,101.0,544.0,340.0,-1010.0
593,130.0,72.0,-232.0,-836.0,859.0,-29.0,499.0,292.0,-963.0
594,93.0,44.0,-186.0,-965.0,896.0,-194.0,358.0,196.0,-787.0
595,50.0,-16.0,-120.0,-970.0,814.0,-349.0,237.0,26.0,-557.0
596,19.0,-86.0,-58.0,-812.0,704.0,-481.0,113.0,-209.0,-321.0
597,-7.0,-161.0,-39.0,-423.0,655.0,-562.0,-23.0,-478.0,-198.0
598,-33.0,-224.0,-79.0,166.0,768.0,-575.0,-154.0,-745.0,-300.0
599,-45.0,-258.0,-148.0,734.0,1063.0,-513.0,-196.0,-950.0,-565.0
600,-57.0,-267.0,-243.0,980.0,1450.0,-417.0,-216.0,-1088.0,-939.0
601,-80.0,-273.0,-326.0,719.0,1697.0,-330.0,-239.0,-1144.0,-1299.0
602,-157.0,-286.0,-335.0,151.0,1608.0,-282.0,-438.0,-1150.0,-1414.0
603,-223.0,-313.0,-278.0,-286.0,1182.0,-196.0,-774.0,-1201.0,-1192.0
604,-232.0,-345.0,-221.0,-355.0,623.0,-22.0,-831.0,-1335.0,-944.0
605,-152.0,-378.0,-162.0,-280.0,175.0,277.0,-547.0,-1480.0,-709.0
606,-26.0,-427.0,-139.0,-261.0,-29.0,641.0,-54.0,-1671.0,-599.0
607,96.0,-474.0,-127.0,-386.0,-99.0,976.0,422.0,-1858.0,-557.0
608,195.0,-505.0,-145.0,-598.0,-182.0,1233.0,821.0,-1968.0,-619.0
609,255.0,-533.0,-129.0,-807.0,-260.0,1348.0,1027.0,-2009.0,-580.0
610,251.0,-559.0,-140.0,-831.0,-182.0,1360.0,1011.0,-2125.0,-605.0
611,215.0,-597.0,-160.0,-738.0,73.0,1359.0,866.0,-2276.0,-695.0
612,149.0,-638.0,-194.0,-697.0,373.0,1361.0,665.0,-2464.0,-821.0
613,71.0,-683.0,-212.0,-787.0,542.0,1336.0,365.0,-2637.0,-915.0
614,-22.0,-729.0,-184.0,-866.0,600.0,1268.0,-80.0,-2817.0,-788.0
615,-94.0,-754.0,-147.0,-749.0,650.0,1204.0,-334.0,-2899.0,-632.0
616,-151.0,-752.0,-113.0,-481.0,681.0,1151.0,-536.0,-2892.0,-491.0
617,-192.0,-716.0,-85.0,-207.0,637.0,1088.0,-700.0,-2757.0,-374.0
618,-235.0,-634.0,-70.0,-18.0,483.0,978.0,-839.0,-2524.0,-330.0
619,-231.0,-559.0,-84.0,85.0,253.0,849.0,-854.0,-2228.0,-339.0
620,-214.0,-469.0,-109.0,178.0,74.0,693.0,-825.0,-1879.0,-451.0
621,-175.0,-366.0,-171.0,312.0,30.0,530.0,-706.0,-1482.0,-680.0
622,-127.0,-251.0,-206.0,442.0,119.0,369.0,-534.0,-1043.0,-842.0
623,-82.0,-134.0,-194.0,587.0,238.0,218.0,-357.0,-600.0,-839.0
624,-55.0,-16.0,-159.0,664.0,248.0,96.0,-209.0,-150.0,-711.0
625,-11.0,82.0,-148.0,643.0,121.0,12.0,-29.0,310.0,-619.0
626,20.0,148.0,-135.0,511.0,-15.0,-40.0,84.0,566.0,-581.0
627,42.0,184.0,-129.0,334.0,-81.0,-79.0,173.0,709.0,-560.0
628,55.0,180.0,-144.0,202.0,-125.0,-111.0,206.0,717.0,-603.0
629,49.0,154.0,-155.0,122.0,-157.0,-159.0,173.0,618.0,-654.0
630,31.0,110.0,-152.0,86.0,-141.0,-234.0,110.0,451.0,-649.0
631,18.0,44.0,-120.0,87.0,-59.0,-322.0,44.0,235.0,-515.0
632,0.0,-9.0,-58.0,113.0,60.0,-409.0,-14.0,5.0,-298.0
633,-6.0,-54.0,3.0,141.0,168.0,-472.0,-43.0,-175.0,-42.0
634,-1.0,-80.0,57.0,194.0,297.0,-500.0,-24.0,-289.0,181.0
635,0.0,-90.0,108.0,262.0,468.0,-489.0,-5.0,-327.0,377.0
636,-4.0,-98.0,140.0,356.0,657.0,-448.0,-26.0,-346.0,547.0
637,-28.0,-91.0,167.0,491.0,783.0,-399.0,-92.0,-321.0,649.0
638,-53.0,-76.0,172.0,668.0,790.0,-334.0,-189.0,-266.0,654.0
639,-88.0,-41.0,142.0,818.0,665.0,-253.0,-306.0,-145.0,512.0
640,-116.0,4.0,76.0,850.0,429.0,-157.0,-397.0,1.0,240.0
641,-136.0,61.0,-40.0,742.0,120.0,-80.0,-483.0,169.0,-94.0
642,-128.0,97.0,-134.0,564.0,-228.0,-12.0,-477.0,329.0,-493.0
643,-102.0,127.0,-223.0,399.0,-565.0,47.0,-391.0,462.0,-872.0
644,-67.0,148.0,-302.0,325.0,-843.0,86.0,-281.0,590.0,-1188.0
645,-49.0,170.0,-366.0,352.0,-1035.0,104.0,-210.0,674.0,-1481.0
646,-42.0,174.0,-401.0,389.0,-1107.0,79.0,-204.0,692.0,-1653.0
647,-33.0,141.0,-408.0,350.0,-1021.0,3.0,-200.0,537.0,-1708.0
648,-19.0,92.0,-347.0,167.0,-746.0,-96.0,-145.0,335.0,-1476.0
649,-14.0,23.0,-224.0,-108.0,-381.0,-194.0,-80.0,83.0,-984.0
650,-22.0,-58.0,-86.0,-395.0,-177.0,-243.0,-32.0,-251.0,-399.0
651,-41.0,-148.0,-45.0,-706.0,-346.0,-239.0,-32.0,-633.0,-203.0
652,-75.0,-239.0,-118.0,-1147.0,-860.0,-239.0,-166.0,-970.0,-470.0
653,-126.0,-313.0,-209.0,-1670.0,-1417.0,-228.0,-408.0,-1253.0,-861.0
654,-132.0,-409.0,-249.0,-2014.0,-1687.0,-157.0,-527.0,-1542.0,-1055.0
655,-34.0,-504.0,-228.0,-1950.0,-1552.0,-70.0,-214.0,-1836.0,-989.0
656,98.0,-585.0,-222.0,-1521.0,-1169.0,-69.0,322.0,-2166.0,-944.0
657,191.0,-645.0,-223.0,-1054.0,-720.0,-274.0,722.0,-2437.0,-969.0
658,207.0,-670.0,-209.0,-773.0,-279.0,-657.0,813.0,-2575.0,-906.0
659,177.0,-671.0,-182.0,-659.0,138.0,-1027.0,686.0,-2570.0,-781.0
660,124.0,-659.0,-162.0,-615.0,535.0,-1295.0,475.0,-2539.0,-709.0
661,69.0,-649.0,-165.0,-620.0,852.0,-1465.0,316.0,-2531.0,-728.0
662,35.0,-647.0,-188.0,-712.0,993.0,-1542.0,207.0,-2542.0,-810.0
663,1.0,-664.0,-207.0,-883.0,965.0,-1536.0,123.0,-2581.0,-872.0
664,0.0,-681.0,-192.0,-1055.0,816.0,-1500.0,92.0,-2641.0,-849.0
665,0.0,-702.0,-173.0,-1144.0,611.0,-1430.0,82.0,-2714.0,-783.0
666,22.0,-723.0,-165.0,-1135.0,427.0,-1293.0,141.0,-2767.0,-734.0
667,72.0,-745.0,-173.0,-1021.0,305.0,-1096.0,311.0,-2847.0,-745.0
668,129.0,-763.0,-156.0,-798.0,244.0,-902.0,546.0,-2899.0,-703.0
669,145.0,-737.0,-161.0,-464.0,201.0,-810.0,640.0,-2782.0,-712.0
670,125.0,-676.0,-178.0,-19.0,192.0,-784.0,566.0,-2546.0,-792.0
671,84.0,-589.0,-198.0,488.0,160.0,-741.0,397.0,-2211.0,-853.0
672,37.0,-477.0,-216.0,1006.0,116.0,-646.0,175.0,-1811.0,-920.0
673,-11.0,-366.0,-209.0,1373.0,197.0,-485.0,-51.0,-1397.0,-919.0
674,-60.0,-243.0,-190.0,1467.0,477.0,-262.0,-228.0,-990.0,-809.0
675,-93.0,-147.0,-160.0,1367.0,765.0,-37.0,-353.0,-618.0,-697.0
676,-117.0,-64.0,-145.0,1212.0,855.0,120.0,-414.0,-295.0,-612.0
677,-130.0,12.0,-143.0,1097.0,754.0,194.0,-460.0,22.0,-613.0
678,-143.0,77.0,-151.0,998.0,504.0,235.0,-515.0,273.0,-657.0
679,-153.0,134.0,-174.0,861.0,209.0,271.0,-574.0,474.0,-716.0
680,-153.0,167.0,-175.0,681.0,-56.0,350.0,-579.0,631.0,-745.0
681,-132.0,168.0,-164.0,488.0,-289.0,469.0,-479.0,628.0,-696.0
682,-98.0,141.0,-135.0,325.0,-525.0,572.0,-348.0,535.0,-572.0
683,-68.0,107.0,-84.0,231.0,-741.0,625.0,-253.0,424.0,-371.0
684,-40.0,68.0,-32.0,274.0,-910.0,648.0,-138.0,307.0,-145.0
685,-6.0,29.0,11.0,465.0,-1045.0,662.0,6.0,167.0,30.0
686,36.0,9.0,57.0,705.0,-1154.0,637.0,137.0,71.0,174.0
687,80.0,8.0,94.0,887.0,-1217.0,565.0,283.0,41.0,296.0
688,138.0,15.0,123.0,991.0,-1190.0,456.0,473.0,85.0,424.0
689,178.0,31.0,127.0,1065.0,-1077.0,329.0,656.0,141.0,485.0
690,209.0,36.0,128.0,1101.0,-888.0,202.0,782.0,153.0,481.0
691,192.0,26.0,106.0,1040.0,-653.0,121.0,743.0,86.0,407.0
692,165.0,8.0,82.0,869.0,-412.0,93.0,627.0,15.0,310.0
693,146.0,5.0,36.0,649.0,-201.0,69.0,565.0,13.0,131.0
694,153.0,16.0,-22.0,427.0,-28.0,26.0,582.0,66.0,-86.0
695,175.0,32.0,-103.0,232.0,125.0,-59.0,638.0,161.0,-428.0
696,185.0,63.0,-190.0,34.0,310.0,-178.0,676.0,252.0,-758.0
697,193.0,87.0,-251.0,-184.0,565.0,-311.0,701.0,339.0,-1047.0
698,192.0,108.0,-312.0,-395.0,881.0,-449.0,697.0,423.0,-1285.0
699,182.0,107.0,-368.0,-585.0,1202.0,-530.0,673.0,448.0,-1501.0
700,163.0,70.0,-413.0,-700.0,1416.0,-518.0,645.0,342.0,-1724.0
701,126.0,-11.0,-414.0,-632.0,1386.0,-436.0,549.0,116.0,-1781.0
702,70.0,-91.0,-322.0,-279.0,1088.0,-345.0,311.0,-266.0,-1320.0
703,7.0,-160.0,-181.0,253.0,739.0,-259.0,32.0,-568.0,-759.0
704,-62.0,-214.0,-100.0,653.0,565.0,-150.0,-257.0,-866.0,-429.0
705,-130.0,-265.0,-136.0,644.0,566.0,-19.0,-510.0,-1168.0,-577.0
706,-205.0,-337.0,-222.0,149.0,593.0,108.0,-774.0,-1438.0,-930.0
707,-241.0,-415.0,-255.0,-542.0,538.0,263.0,-892.0,-1695.0,-1071.0
708,-219.0,-513.0,-226.0,-1001.0,382.0,460.0,-775.0,-2010.0,-954.0
709,-130.0,-611.0,-178.0,-1070.0,122.0,662.0,-491.0,-2276.0,-797.0
710,-37.0,-675.0,-188.0,-903.0,-126.0,853.0,-143.0,-2542.0,-804.0
711,42.0,-743.0,-208.0,-790.0,-211.0,1015.0,153.0,-2851.0,-900.0
712,91.0,-799.0,-168.0,-841.0,-154.0,1133.0,379.0,-3069.0,-814.0
713,117.0,-835.0,-112.0,-891.0,-10.0,1207.0,476.0,-3208.0,-533.0
714,109.0,-841.0,-86.0,-711.0,96.0,1253.0,527.0,-3233.0,-417.0
715,110.0,-810.0,-111.0,-395.0,113.0,1255.0,532.0,-3148.0,-491.0
716,98.0,-763.0,-128.0,-205.0,31.0,1169.0,449.0,-2965.0,-566.0
717,67.0,-687.0,-140.0,-181.0,8.0,953.0,330.0,-2691.0,-597.0
718,42.0,-629.0,-136.0,-214.0,112.0,781.0,208.0,-2444.0,-609.0
719,9.0,-574.0,-133.0,-205.0,294.0,702.0,86.0,-2211.0,-590.0
720,-28.0,-515.0,-135.0,-44.0,440.0,662.0,-62.0,-1978.0,-592.0
721,-73.0,-446.0,-150.0,234.0,504.0,625.0,-245.0,-1715.0,-656.0
722,-119.0,-364.0,-167.0,515.0,546.0,587.0,-434.0,-1415.0,-719.0
723,-143.0,-263.0,-187.0,698.0,609.0,556.0,-548.0,-1080.0,-784.0
724,-137.0,-176.0,-160.0,721.0,674.0,529.0,-535.0,-644.0,-686.0
725,-133.0,-83.0,-129.0,663.0,632.0,471.0,-487.0,-301.0,-564.0
726,-122.0,7.0,-138.0,569.0,471.0,388.0,-454.0,33.0,-593.0
727,-101.0,73.0,-148.0,434.0,331.0,288.0,-388.0,299.0,-631.0
728,-101.0,124.0,-149.0,298.0,223.0,176.0,-400.0,476.0,-650.0
729,-111.0,158.0,-150.0,163.0,106.0,82.0,-452.0,605.0,-637.0
730,-117.0,163.0,-146.0,51.0,33.0,10.0,-492.0,645.0,-621.0
731,-129.0,140.0,-119.0,-23.0,25.0,-50.0,-529.0,573.0,-540.0
732,-122.0,92.0,-66.0,-70.0,41.0,-111.0,-505.0,416.0,-342.0
733,-102.0,38.0,-7.0,-81.0,55.0,-176.0,-437.0,215.0,-109.0
734,-78.0,-3.0,44.0,-51.0,64.0,-233.0,-325.0,47.0,89.0
735,-42.0,-45.0,74.0,1.0,89.0,-264.0,-198.0,-165.0,266.0
736,-18.0,-76.0,110.0,47.0,140.0,-276.0,-64.0,-287.0,401.0
737,1.0,-102.0,137.0,107.0,219.0,-268.0,15.0,-365.0,503.0
738,11.0,-124.0,152.0,211.0,318.0,-238.0,60.0,-417.0,582.0
739,12.0,-118.0,186.0,384.0,412.0,-199.0,54.0,-426.0,709.0
740,1.0,-105.0,192.0,627.0,456.0,-160.0,45.0,-384.0,754.0
741,-18.0,-71.0,170.0,840.0,399.0,-116.0,-6.0,-294.0,669.0
742,-37.0,-38.0,104.0,933.0,224.0,-64.0,-67.0,-178.0,429.0
743,-41.0,1.0,25.0,885.0,-46.0,-19.0,-105.0,-36.0,132.0
744,-32.0,36.0,-73.0,752.0,-362.0,26.0,-91.0,119.0,-257.0
745,-14.0,71.0,-161.0,611.0,-657.0,69.0,-38.0,267.0,-637.0
746,3.0,102.0,-261.0,519.0,-893.0,91.0,15.0,426.0,-1139.0
747,1.0,122.0,-372.0,472.0,-1047.0,72.0,-26.0,496.0,-1567.0
748,-21.0,120.0,-465.0,431.0,-1079.0,27.0,-124.0,467.0,-1960.0
749,-32.0,85.0,-533.0,360.0,-957.0,-51.0,-197.0,352.0,-2242.0
750,-32.0,39.0,-529.0,241.0,-651.0,-165.0,-206.0,156.0,-2188.0
751,-46.0,-15.0,-384.0,71.0,-262.0,-304.0,-226.0,-73.0,-1598.0
752,-73.0,-89.0,-166.0,-114.0,4.0,-412.0,-255.0,-368.0,-721.0
753,-96.0,-167.0,-11.0,-334.0,-65.0,-460.0,-294.0,-703.0,-112.0
754,-138.0,-251.0,-43.0,-673.0,-498.0,-483.0,-393.0,-1001.0,-109.0
755,-168.0,-320.0,-142.0,-1164.0,-1017.0,-505.0,-574.0,-1246.0,-476.0
756,-145.0,-384.0,-216.0,-1647.0,-1339.0,-504.0,-607.0,-1456.0,-818.0
757,-20.0,-479.0,-239.0,-1857.0,-1322.0,-462.0,-258.0,-1807.0,-1014.0
758,122.0,-588.0,-245.0,-1854.0,-1037.0,-465.0,447.0,-2204.0,-1032.0
759,214.0,-686.0,-222.0,-1660.0,-722.0,-599.0,848.0,-2573.0,-978.0
760,234.0,-733.0,-220.0,-1366.0,-325.0,-836.0,940.0,-2771.0,-946.0
761,226.0,-753.0,-214.0,-1076.0,46.0,-1002.0,917.0,-2874.0,-933.0
762,184.0,-776.0,-212.0,-869.0,420.0,-1147.0,762.0,-2992.0,-929.0
763,130.0,-801.0,-202.0,-816.0,774.0,-1216.0,581.0,-3107.0,-865.0
764,98.0,-830.0,-181.0,-888.0,974.0,-1207.0,499.0,-3230.0,-800.0
765,67.0,-857.0,-157.0,-985.0,977.0,-1134.0,402.0,-3321.0,-716.0
766,59.0,-867.0,-135.0,-962.0,822.0,-995.0,349.0,-3334.0,-613.0
767,75.0,-863.0,-135.0,-715.0,622.0,-815.0,373.0,-3286.0,-585.0
768,89.0,-819.0,-142.0,-265.0,511.0,-655.0,418.0,-3067.0,-644.0
769,109.0,-740.0,-167.0,305.0,479.0,-563.0,488.0,-2742.0,-744.0
770,120.0,-633.0,-194.0,885.0,466.0,-549.0,526.0,-2346.0,-845.0
771,101.0,-504.0,-222.0,1384.0,465.0,-589.0,418.0,-1885.0,-955.0
772,71.0,-365.0,-208.0,1647.0,514.0,-586.0,285.0,-1406.0,-889.0
773,42.0,-241.0,-173.0,1611.0,644.0,-500.0,158.0,-938.0,-735.0
774,17.0,-126.0,-135.0,1322.0,832.0,-384.0,62.0,-512.0,-577.0
775,-13.0,-42.0,-115.0,965.0,936.0,-279.0,-24.0,-178.0,-492.0
776,-31.0,22.0,-122.0,732.0,867.0,-195.0,-86.0,92.0,-534.0
777,-55.0,88.0,-148.0,637.0,711.0,-132.0,-177.0,315.0,-597.0
778,-79.0,135.0,-166.0,617.0,554.0,-63.0,-280.0,486.0,-706.0
779,-117.0,165.0,-169.0,554.0,420.0,26.0,-414.0,620.0,-730.0
780,-150.0,171.0,-160.0,444.0,328.0,142.0,-570.0,649.0,-699.0
781,-170.0,149.0,-140.0,327.0,223.0,276.0,-648.0,574.0,-634.0
782,-174.0,110.0,-113.0,225.0,73.0,420.0,-677.0,435.0,-505.0
783,-172.0,51.0,-62.0,193.0,-111.0,565.0,-644.0,247.0,-315.0
784,-145.0,-3.0,-5.0,292.0,-304.0,691.0,-551.0,49.0,-70.0
785,-109.0,-56.0,43.0,542.0,-483.0,771.0,-420.0,-154.0,124.0
786,-68.0,-88.0,80.0,849.0,-635.0,785.0,-261.0,-286.0,267.0
787,-24.0,-96.0,102.0,1136.0,-753.0,720.0,-92.0,-355.0,366.0
788,26.0,-75.0,112.0,1361.0,-832.0,585.0,103.0,-284.0,426.0
789,70.0,-44.0,100.0,1536.0,-887.0,392.0,279.0,-177.0,388.0
790,100.0,-13.0,78.0,1594.0,-919.0,171.0,375.0,-44.0,277.0
791,92.0,9.0,54.0,1515.0,-863.0,3.0,341.0,24.0,199.0
792,85.0,13.0,45.0,1328.0,-712.0,-39.0,309.0,40.0,169.0
793,81.0,10.0,28.0,1087.0,-493.0,-24.0,298.0,18.0,86.0
794,85.0,15.0,-1.0,813.0,-251.0,5.0,302.0,50.0,-25.0
795,107.0,25.0,-44.0,552.0,-12.0,19.0,387.0,84.0,-202.0
796,130.0,40.0,-98.0,304.0,239.0,0.0,481.0,148.0,-422.0
797,154.0,44.0,-142.0,57.0,500.0,-54.0,577.0,185.0,-604.0
798,160.0,49.0,-194.0,-163.0,705.0,-138.0,614.0,209.0,-814.0
799,145.0,47.0,-275.0,-325.0,780.0,-229.0,604.0,219.0,-1078.0
800,130.0,36.0,-327.0,-387.0,710.0,-296.0,548.0,219.0,-1314.0
801,113.0,11.0,-369.0,-329.0,563.0,-312.0,477.0,120.0,-1555.0
802,97.0,-35.0,-365.0,-155.0,463.0,-258.0,366.0,-30.0,-1517.0
803,88.0,-66.0,-295.0,69.0,465.0,-166.0,348.0,-204.0,-1281.0
804,51.0,-106.0,-242.0,238.0,475.0,-105.0,243.0,-387.0,-1052.0
805,-6.0,-153.0,-216.0,175.0,392.0,-46.0,51.0,-629.0,-934.0
806,-77.0,-234.0,-190.0,-128.0,225.0,6.0,-248.0,-915.0,-812.0
807,-174.0,-325.0,-136.0,-467.0,153.0,94.0,-647.0,-1241.0,-599.0
808,-236.0,-416.0,-97.0,-636.0,250.0,230.0,-893.0,-1590.0,-436.0
809,-241.0,-488.0,-114.0,-690.0,355.0,407.0,-871.0,-1911.0,-473.0
810,-187.0,-558.0,-176.0,-855.0,280.0,600.0,-679.0,-2215.0,-709.0
811,-90.0,-629.0,-206.0,-1259.0,-7.0,787.0,-296.0,-2483.0,-875.0
812,2.0,-720.0,-209.0,-1682.0,-321.0,899.0,60.0,-2827.0,-907.0
813,70.0,-812.0,-229.0,-1831.0,-499.0,923.0,361.0,-3138.0,-983.0
814,97.0,-894.0,-231.0,-1726.0,-571.0,885.0,469.0,-3452.0,-1002.0
815,76.0,-964.0,-185.0,-1463.0,-594.0,809.0,354.0,-3674.0,-821.0
816,11.0,-984.0,-131.0,-973.0,-542.0,699.0,131.0,-3748.0,-586.0
817,-39.0,-959.0,-87.0,-370.0,-520.0,611.0,-49.0,-3668.0,-422.0
818,-52.0,-896.0,-79.0,147.0,-610.0,591.0,-88.0,-3479.0,-382.0
819,-39.0,-801.0,-86.0,462.0,-744.0,559.0,-66.0,-3102.0,-398.0
820,-34.0,-680.0,-105.0,663.0,-788.0,465.0,-69.0,-2644.0,-452.0
821,-29.0,-543.0,-120.0,840.0,-707.0,403.0,-105.0,-2183.0,-514.0
822,-38.0,-432.0,-130.0,1055.0,-492.0,380.0,-137.0,-1741.0,-571.0
823,-74.0,-303.0,-144.0,1314.0,-194.0,355.0,-248.0,-1169.0,-607.0
824,-103.0,-175.0,-146.0,1509.0,53.0,329.0,-372.0,-709.0,-626.0
825,-126.0,-61.0,-144.0,1498.0,123.0,278.0,-443.0,-308.0,-609.0
826,-128.0,23.0,-157.0,1280.0,-11.0,214.0,-483.0,16.0,-641.0
827,-118.0,82.0,-181.0,947.0,-156.0,145.0,-482.0,267.0,-750.0
828,-119.0,117.0,-182.0,602.0,-170.0,75.0,-470.0,413.0,-759.0
829,-114.0,126.0,-169.0,331.0,-171.0,14.0,-461.0,482.0,-714.0
830,-104.0,129.0,-160.0,134.0,-221.0,-45.0,-419.0,464.0,-682.0
831,-90.0,108.0,-146.0,-45.0,-246.0,-105.0,-379.0,418.0,-636.0
832,-74.0,72.0,-112.0,-199.0,-176.0,-143.0,-337.0,319.0,-514.0
833,-36.0,35.0,-62.0,-260.0,-38.0,-162.0,-187.0,190.0,-328.0
834,8.0,-10.0,-16.0,-198.0,83.0,-193.0,2.0,0.0,-85.0
835,45.0,-42.0,22.0,-48.0,137.0,-256.0,210.0,-135.0,55.0
836,80.0,-65.0,46.0,129.0,140.0,-339.0,341.0,-235.0,161.0
837,99.0,-85.0,67.0,286.0,135.0,-417.0,412.0,-308.0,248.0
838,108.0,-101.0,91.0,404.0,158.0,-462.0,435.0,-371.0,334.0
839,101.0,-112.0,114.0,503.0,220.0,-479.0,408.0,-398.0,422.0
840,93.0,-113.0,132.0,641.0,308.0,-448.0,376.0,-388.0,496.0
841,77.0,-98.0,139.0,848.0,387.0,-373.0,326.0,-329.0,538.0
842,63.0,-73.0,135.0,1089.0,430.0,-276.0,268.0,-245.0,522.0
843,43.0,-38.0,114.0,1290.0,422.0,-186.0,197.0,-140.0,423.0
844,15.0,11.0,50.0,1371.0,360.0,-136.0,120.0,-9.0,239.0
845,-19.0,55.0,-12.0,1284.0,241.0,-123.0,0.0,182.0,-38.0
846,-38.0,100.0,-91.0,1033.0,74.0,-131.0,-119.0,335.0,-355.0
847,-38.0,138.0,-164.0,730.0,-121.0,-130.0,-147.0,467.0,-657.0
848,-47.0,158.0,-230.0,289.0,-265.0,-124.0,-184.0,563.0,-940.0
849,-49.0,165.0,-270.0,-135.0,-339.0,-108.0,-193.0,620.0,-1116.0
850,-46.0,149.0,-295.0,-441.0,-386.0,-87.0,-198.0,599.0,-1225.0
851,-40.0,110.0,-302.0,-551.0,-378.0,-81.0,-194.0,482.0,-1277.0
852,-32.0,58.0,-307.0,-478.0,-297.0,-85.0,-170.0,310.0,-1305.0
853,-29.0,-7.0,-282.0,-295.0,-115.0,-109.0,-163.0,61.0,-1232.0
854,-23.0,-76.0,-222.0,-61.0,175.0,-132.0,-131.0,-197.0,-1012.0
855,-17.0,-139.0,-140.0,187.0,455.0,-143.0,-70.0,-478.0,-677.0
856,-17.0,-196.0,-76.0,344.0,545.0,-153.0,10.0,-799.0,-338.0
857,-22.0,-249.0,-74.0,275.0,313.0,-189.0,37.0,-1042.0,-334.0
858,-42.0,-297.0,-127.0,-82.0,-213.0,-244.0,-55.0,-1245.0,-548.0
859,-76.0,-361.0,-182.0,-605.0,-816.0,-278.0,-218.0,-1464.0,-775.0
860,-90.0,-432.0,-204.0,-1011.0,-1244.0,-279.0,-329.0,-1656.0,-863.0
861,-70.0,-490.0,-195.0,-1041.0,-1319.0,-271.0,-290.0,-1830.0,-829.0
862,-13.0,-533.0,-191.0,-689.0,-1020.0,-276.0,-82.0,-2011.0,-815.0
863,59.0,-573.0,-197.0,-275.0,-533.0,-339.0,218.0,-2190.0,-825.0
864,101.0,-592.0,-169.0,-81.0,-66.0,-524.0,400.0,-2273.0,-755.0
865,78.0,-588.0,-134.0,-59.0,227.0,-812.0,357.0,-2271.0,-613.0
866,37.0,-555.0,-119.0,-63.0,346.0,-1069.0,237.0,-2190.0,-542.0
867,20.0,-534.0,-139.0,-66.0,381.0,-1197.0,142.0,-2094.0,-580.0
868,2.0,-526.0,-163.0,-119.0,402.0,-1229.0,75.0,-2070.0,-695.0
869,-11.0,-519.0,-187.0,-284.0,397.0,-1229.0,29.0,-2044.0,-790.0
870,-14.0,-511.0,-200.0,-510.0,317.0,-1215.0,19.0,-2009.0,-850.0
871,1.0,-526.0,-199.0,-705.0,179.0,-1157.0,66.0,-2024.0,-853.0
872,38.0,-543.0,-202.0,-776.0,67.0,-1065.0,192.0,-2092.0,-863.0
873,94.0,-561.0,-192.0,-788.0,19.0,-995.0,395.0,-2156.0,-834.0
874,148.0,-578.0,-161.0,-789.0,34.0,-962.0,608.0,-2218.0,-732.0
875,189.0,-599.0,-133.0,-760.0,86.0,-970.0,773.0,-2294.0,-595.0
876,212.0,-609.0,-110.0,-699.0,149.0,-1012.0,863.0,-2323.0,-503.0
877,199.0,-600.0,-103.0,-594.0,229.0,-1089.0,848.0,-2294.0,-465.0
878,173.0,-567.0,-117.0,-426.0,328.0,-1150.0,741.0,-2146.0,-526.0
879,147.0,-520.0,-147.0,-241.0,438.0,-1154.0,600.0,-1983.0,-650.0
880,114.0,-462.0,-162.0,-119.0,564.0,-1118.0,451.0,-1767.0,-724.0
881,77.0,-404.0,-168.0,-64.0,690.0,-1049.0,330.0,-1550.0,-729.0
882,45.0,-349.0,-169.0,-50.0,773.0,-952.0,221.0,-1344.0,-717.0
883,22.0,-301.0,-156.0,-61.0,786.0,-854.0,120.0,-1154.0,-681.0
884,-2.0,-250.0,-136.0,-55.0,746.0,-767.0,23.0,-939.0,-592.0
885,-26.0,-199.0,-114.0,-6.0,698.0,-694.0,-69.0,-752.0,-506.0
886,-48.0,-146.0,-83.0,53.0,647.0,-635.0,-159.0,-564.0,-391.0
887,-71.0,-101.0,-59.0,98.0,579.0,-584.0,-247.0,-391.0,-286.0
888,-91.0,-51.0,-38.0,115.0,465.0,-526.0,-335.0,-231.0,-198.0
889,-100.0,-22.0,-24.0,111.0,310.0,-455.0,-362.0,-89.0,-133.0
890,-99.0,3.0,-20.0,102.0,123.0,-379.0,-349.0,-4.0,-117.0
891,-92.0,9.0,-19.0,110.0,-76.0,-307.0,-334.0,54.0,-103.0
892,-89.0,20.0,-19.0,150.0,-282.0,-236.0,-325.0,95.0,-104.0
893,-95.0,22.0,-22.0,201.0,-464.0,-158.0,-340.0,108.0,-118.0
894,-102.0,16.0,-21.0,269.0,-609.0,-61.0,-369.0,88.0,-111.0
895,-122.0,6.0,-18.0,323.0,-718.0,39.0,-448.0,39.0,-106.0
896,-163.0,-8.0,-3.0,367.0,-847.0,133.0,-592.0,-22.0,-40.0
897,-180.0,-39.0,32.0,425.0,-983.0,228.0,-691.0,-113.0,70.0
898,-195.0,-62.0,62.0,521.0,-1108.0,330.0,-733.0,-210.0,196.0
899,-199.0,-89.0,103.0,658.0,-1203.0,409.0,-774.0,-302.0,342.0
900,-190.0,-114.0,123.0,821.0,-1270.0,488.0,-734.0,-432.0,488.0
901,-152.0,-125.0,141.0,992.0,-1315.0,547.0,-562.0,-492.0,541.0
902,-106.0,-139.0,118.0,1131.0,-1355.0,562.0,-377.0,-550.0,458.0
903,-56.0,-136.0,78.0,1162.0,-1391.0,525.0,-185.0,-566.0,293.0
904,-9.0,-118.0,28.0,1034.0,-1430.0,465.0,2.0,-502.0,86.0
905,46.0,-97.0,-24.0,800.0,-1474.0,393.0,204.0,-398.0,-111.0
906,96.0,-79.0,-70.0,567.0,-1506.0,283.0,384.0,-298.0,-287.0
907,139.0,-54.0,-92.0,400.0,-1484.0,142.0,533.0,-186.0,-414.0
908,157.0,-39.0,-115.0,328.0,-1392.0,-10.0,593.0,-108.0,-498.0
909,174.0,-13.0,-121.0,327.0,-1236.0,-125.0,622.0,-36.0,-546.0
910,171.0,-6.0,-127.0,397.0,-1072.0,-205.0,669.0,19.0,-553.0
911,181.0,0.0,-133.0,527.0,-954.0,-272.0,698.0,50.0,-575.0
912,165.0,-14.0,-118.0,674.0,-893.0,-345.0,645.0,-12.0,-524.0
913,147.0,-57.0,-87.0,803.0,-844.0,-409.0,569.0,-164.0,-410.0
914,120.0,-104.0,-48.0,872.0,-782.0,-464.0,491.0,-366.0,-243.0
915,98.0,-154.0,-18.0,846.0,-713.0,-534.0,394.0,-586.0,-110.0
916,74.0,-200.0,-31.0,705.0,-629.0,-619.0,305.0,-801.0,-140.0
917,60.0,-240.0,-99.0,411.0,-505.0,-713.0,254.0,-961.0,-370.0
918,34.0,-271.0,-173.0,-7.0,-372.0,-820.0,173.0,-1084.0,-681.0
919,3.0,-309.0,-210.0,-403.0,-276.0,-906.0,60.0,-1169.0,-874.0
920,-25.0,-340.0,-225.0,-553.0,-229.0,-931.0,-42.0,-1241.0,-950.0
921,-45.0,-365.0,-216.0,-363.0,-218.0,-887.0,-127.0,-1321.0,-942.0
922,-62.0,-367.0,-212.0,90.0,-213.0,-795.0,-194.0,-1346.0,-907.0
923,-80.0,-347.0,-215.0,562.0,-216.0,-672.0,-294.0,-1325.0,-925.0
924,-117.0,-315.0,-209.0,821.0,-234.0,-556.0,-418.0,-1231.0,-905.0
925,-155.0,-283.0,-190.0,818.0,-296.0,-449.0,-558.0,-1138.0,-807.0
926,-163.0,-270.0,-172.0,658.0,-441.0,-320.0,-568.0,-1094.0,-725.0
927,-133.0,-274.0,-155.0,438.0,-646.0,-171.0,-465.0,-1106.0,-683.0
928,-82.0,-291.0,-155.0,227.0,-843.0,-11.0,-269.0,-1140.0,-667.0
929,-25.0,-293.0,-159.0,80.0,-1006.0,117.0,-57.0,-1135.0,-685.0
930,22.0,-298.0,-177.0,21.0,-1122.0,194.0,118.0,-1130.0,-749.0
931,35.0,-306.0,-198.0,26.0,-1167.0,213.0,199.0,-1116.0,-835.0
932,58.0,-292.0,-208.0,60.0,-1143.0,224.0,242.0,-1118.0,-883.0
933,62.0,-295.0,-197.0,102.0,-1054.0,238.0,251.0,-1132.0,-835.0
934,59.0,-297.0,-179.0,140.0,-929.0,252.0,239.0,-1143.0,-772.0
935,54.0,-300.0,-155.0,149.0,-803.0,271.0,223.0,-1157.0,-680.0
936,48.0,-303.0,-139.0,137.0,-700.0,288.0,222.0,-1172.0,-595.0
937,46.0,-308.0,-123.0,103.0,-643.0,291.0,226.0,-1186.0,-547.0
938,44.0,-307.0,-108.0,68.0,-621.0,270.0,222.0,-1174.0,-488.0
939,44.0,-305.0,-97.0,82.0,-604.0,245.0,208.0,-1156.0,-442.0
940,34.0,-299.0,-92.0,152.0,-581.0,230.0,169.0,-1133.0,-415.0
941,31.0,-288.0,-83.0,256.0,-556.0,228.0,156.0,-1098.0,-382.0
942,18.0,-275.0,-82.0,353.0,-534.0,222.0,109.0,-1045.0,-371.0
943,11.0,-258.0,-84.0,466.0,-519.0,225.0,81.0,-1003.0,-378.0
944,5.0,-242.0,-86.0,552.0,-513.0,225.0,55.0,-916.0,-385.0
945,0.0,-220.0,-86.0,605.0,-515.0,216.0,25.0,-852.0,-393.0
946,-10.0,-204.0,-90.0,632.0,-519.0,196.0,-14.0,-778.0,-392.0
947,-17.0,-183.0,-87.0,641.0,-523.0,179.0,-58.0,-699.0,-393.0
948,-32.0,-161.0,-85.0,642.0,-528.0,164.0,-117.0,-617.0,-387.0
949,-51.0,-138.0,-85.0,643.0,-534.0,163.0,-180.0,-535.0,-375.0
950,-63.0,-120.0,-78.0,642.0,-544.0,178.0,-217.0,-464.0,-343.0
951,-69.0,-111.0,-74.0,632.0,-560.0,193.0,-255.0,-418.0,-325.0
952,-82.0,-81.0,-72.0,606.0,-576.0,202.0,-294.0,-370.0,-307.0
953,-88.0,-85.0,-69.0,570.0,-593.0,219.0,-327.0,-333.0,-306.0
954,-87.0,-85.0,-64.0,520.0,-608.0,251.0,-333.0,-328.0,-291.0
955,-83.0,-86.0,-65.0,454.0,-621.0,281.0,-314.0,-350.0,-273.0
956,-76.0,-95.0,-63.0,374.0,-637.0,300.0,-270.0,-380.0,-276.0
957,-61.0,-109.0,-67.0,289.0,-651.0,310.0,-223.0,-417.0,-287.0
958,-48.0,-118.0,-69.0,201.0,-654.0,313.0,-177.0,-454.0,-307.0
959,-36.0,-124.0,-77.0,118.0,-646.0,309.0,-133.0,-490.0,-330.0
960,-29.0,-137.0,-78.0,40.0,-632.0,289.0,-92.0,-525.0,-346.0
961,-22.0,-144.0,-77.0,-29.0,-626.0,247.0,-77.0,-551.0,-349.0
962,-24.0,-150.0,-73.0,-77.0,-635.0,198.0,-56.0,-569.0,-330.0
963,-21.0,-157.0,-67.0,-91.0,-659.0,154.0,-54.0,-592.0,-309.0
964,-15.0,-161.0,-60.0,-79.0,-693.0,110.0,-47.0,-600.0,-290.0
965,-15.0,-162.0,-64.0,-56.0,-729.0,72.0,-38.0,-616.0,-292.0
966,-10.0,-170.0,-66.0,-38.0,-758.0,43.0,-12.0,-649.0,-293.0
967,-6.0,-172.0,-67.0,-36.0,-783.0,10.0,-6.0,-665.0,-302.0
968,-8.0,-179.0,-64.0,-42.0,-801.0,-28.0,-17.0,-681.0,-296.0
969,-13.0,-183.0,-65.0,-46.0,-812.0,-63.0,-27.0,-697.0,-295.0
970,-18.0,-188.0,-62.0,-41.0,-815.0,-97.0,-44.0,-720.0,-287.0
971,-27.0,-195.0,-62.0,-22.0,-816.0,-133.0,-80.0,-752.0,-288.0
972,-33.0,-206.0,-59.0,9.0,-817.0,-166.0,-107.0,-789.0,-280.0
973,-44.0,-215.0,-58.0,50.0,-814.0,-190.0,-140.0,-824.0,-271.0
974,-47.0,-223.0,-64.0,90.0,-808.0,-212.0,-167.0,-852.0,-274.0
975,-58.0,-230.0,-59.0,128.0,-792.0,-237.0,-203.0,-884.0,-276.0
976,-63.0,-239.0,-63.0,149.0,-774.0,-261.0,-223.0,-916.0,-290.0
977,-65.0,-246.0,-65.0,155.0,-751.0,-289.0,-243.0,-955.0,-299.0
978,-75.0,-247.0,-70.0,149.0,-734.0,-312.0,-265.0,-968.0,-322.0
979,-78.0,-253.0,-79.0,139.0,-730.0,-334.0,-269.0,-984.0,-346.0
980,-77.0,-251.0,-86.0,132.0,-739.0,-361.0,-268.0,-977.0,-377.0
981,-77.0,-249.0,-92.0,134.0,-765.0,-391.0,-269.0,-970.0,-407.0
982,-73.0,-247.0,-96.0,148.0,-802.0,-418.0,-263.0,-959.0,-424.0
983,-70.0,-243.0,-102.0,182.0,-844.0,-446.0,-250.0,-930.0,-436.0
984,-68.0,-232.0,-102.0,225.0,-882.0,-476.0,-232.0,-897.0,-452.0
985,-56.0,-221.0,-106.0,260.0,-916.0,-509.0,-205.0,-854.0,-468.0
986,-43.0,-207.0,-110.0,267.0,-946.0,-541.0,-160.0,-815.0,-479.0
987,-39.0,-199.0,-115.0,245.0,-969.0,-575.0,-126.0,-782.0,-494.0
988,-33.0,-198.0,-116.0,185.0,-994.0,-608.0,-106.0,-771.0,-496.0
989,-35.0,-202.0,-110.0,111.0,-1022.0,-645.0,-100.0,-785.0,-488.0
990,-34.0,-208.0,-106.0,51.0,-1067.0,-683.0,-103.0,-800.0,-471.0
991,-36.0,-216.0,-103.0,26.0,-1112.0,-708.0,-112.0,-827.0,-455.0
992,-42.0,-225.0,-110.0,35.0,-1151.0,-722.0,-136.0,-857.0,-458.0
993,-43.0,-232.0,-99.0,46.0,-1180.0,-710.0,-136.0,-889.0,-458.0
994,-49.0,-240.0,-104.0,54.0,-1202.0,-689.0,-160.0,-919.0,-461.0
995,-52.0,-247.0,-104.0,49.0,-1229.0,-655.0,-172.0,-964.0,-458.0
996,-56.0,-253.0,-94.0,33.0,-1265.0,-621.0,-177.0,-1005.0,-438.0
997,-52.0,-267.0,-90.0,30.0,-1299.0,-588.0,-176.0,-1036.0,-410.0
998,-51.0,-275.0,-84.0,44.0,-1324.0,-554.0,-158.0,-1059.0,-374.0
999,-46.0,-280.0,-79.0,62.0,-1335.0,-518.0,-147.0,-1088.0,-356.0
1000,-36.0,-282.0,-78.0,74.0,-1340.0,-483.0,-104.0,-1100.0,-352.0
1001,-26.0,-287.0,-83.0,63.0,-1343.0,-453.0,-78.0,-1109.0,-374.0
1002,-19.0,-286.0,-86.0,30.0,-1344.0,-428.0,-44.0,-1116.0,-394.0
1003,-7.0,-291.0,-101.0,-15.0,-1339.0,-404.0,1.0,-1126.0,-427.0
1004,1.0,-295.0,-101.0,-61.0,-1327.0,-380.0,32.0,-1139.0,-451.0
1005,7.0,-297.0,-107.0,-92.0,-1309.0,-356.0,57.0,-1144.0,-467.0
1006,12.0,-298.0,-113.0,-100.0,-1289.0,-332.0,86.0,-1142.0,-484.0
1007,14.0,-297.0,-111.0,-77.0,-1270.0,-310.0,92.0,-1130.0,-480.0
1008,8.0,-290.0,-105.0,-18.0,-1256.0,-290.0,78.0,-1113.0,-473.0
1009,3.0,-283.0,-104.0,62.0,-1251.0,-268.0,54.0,-1092.0,-465.0
1010,-3.0,-271.0,-103.0,142.0,-1259.0,-248.0,23.0,-1038.0,-458.0
1011,-14.0,-255.0,-104.0,219.0,-1282.0,-235.0,-19.0,-971.0,-464.0
1012,-23.0,-239.0,-110.0,287.0,-1313.0,-223.0,-60.0,-915.0,-484.0
1013,-33.0,-220.0,-110.0,332.0,-1350.0,-207.0,-97.0,-846.0,-486.0
1014,-42.0,-206.0,-110.0,366.0,-1385.0,-188.0,-141.0,-786.0,-489.0
1015,-53.0,-186.0,-112.0,393.0,-1409.0,-164.0,-188.0,-721.0,-486.0
1016,-63.0,-174.0,-112.0,407.0,-1422.0,-136.0,-232.0,-668.0,-494.0
1017,-71.0,-157.0,-109.0,402.0,-1433.0,-109.0,-268.0,-608.0,-496.0
1018,-78.0,-139.0,-116.0,377.0,-1445.0,-82.0,-290.0,-544.0,-498.0
1019,-80.0,-124.0,-114.0,338.0,-1452.0,-57.0,-297.0,-501.0,-493.0
1020,-72.0,-119.0,-111.0,280.0,-1450.0,-20.0,-276.0,-465.0,-474.0
1021,-63.0,-118.0,-98.0,213.0,-1444.0,30.0,-249.0,-435.0,-436.0
1022,-53.0,-110.0,-86.0,142.0,-1434.0,85.0,-176.0,-420.0,-376.0
1023,-33.0,-108.0,-74.0,89.0,-1407.0,132.0,-105.0,-412.0,-325.0
1024,-17.0,-117.0,-65.0,44.0,-1368.0,177.0,-44.0,-460.0,-294.0
1025,4.0,-139.0,-51.0,-26.0,-1338.0,209.0,28.0,-531.0,-242.0
1026,15.0,-165.0,-40.0,-96.0,-1321.0,206.0,85.0,-632.0,-190.0
1027,17.0,-195.0,-31.0,-151.0,-1312.0,164.0,104.0,-744.0,-160.0
1028,10.0,-226.0,-38.0,-200.0,-1316.0,108.0,80.0,-868.0,-185.0
1029,10.0,-254.0,-60.0,-264.0,-1327.0,50.0,82.0,-970.0,-247.0
1030,13.0,-280.0,-84.0,-359.0,-1350.0,-18.0,92.0,-1066.0,-354.0
1031,22.0,-294.0,-111.0,-471.0,-1375.0,-91.0,112.0,-1138.0,-449.0
1032,35.0,-313.0,-128.0,-542.0,-1389.0,-168.0,155.0,-1210.0,-553.0
1033,44.0,-328.0,-135.0,-577.0,-1388.0,-247.0,211.0,-1247.0,-584.0
1034,54.0,-338.0,-141.0,-525.0,-1381.0,-323.0,244.0,-1284.0,-619.0
1035,58.0,-348.0,-147.0,-421.0,-1386.0,-406.0,263.0,-1314.0,-630.0
1036,54.0,-343.0,-149.0,-303.0,-1420.0,-469.0,250.0,-1302.0,-643.0
1037,52.0,-333.0,-150.0,-211.0,-1485.0,-533.0,247.0,-1286.0,-655.0
1038,45.0,-320.0,-159.0,-160.0,-1557.0,-596.0,241.0,-1237.0,-637.0
1039,42.0,-310.0,-146.0,-133.0,-1602.0,-647.0,193.0,-1186.0,-617.0
1040,16.0,-297.0,-144.0,-124.0,-1617.0,-665.0,109.0,-1147.0,-624.0
1041,-13.0,-287.0,-146.0,-145.0,-1630.0,-651.0,-8.0,-1113.0,-622.0
1042,-45.0,-280.0,-144.0,-181.0,-1659.0,-603.0,-125.0,-1097.0,-620.0
1043,-67.0,-280.0,-135.0,-210.0,-1717.0,-530.0,-222.0,-1090.0,-583.0
1044,-83.0,-286.0,-131.0,-209.0,-1784.0,-443.0,-290.0,-1113.0,-567.0
1045,-90.0,-290.0,-123.0,-191.0,-1857.0,-367.0,-309.0,-1132.0,-529.0
1046,-76.0,-296.0,-108.0,-156.0,-1926.0,-317.0,-248.0,-1150.0,-478.0
1047,-51.0,-304.0,-103.0,-105.0,-1994.0,-298.0,-149.0,-1165.0,-447.0
1048,-24.0,-305.0,-102.0,-60.0,-2063.0,-306.0,-48.0,-1178.0,-445.0
1049,0.0,-308.0,-103.0,-45.0,-2123.0,-329.0,19.0,-1177.0,-449.0
1050,12.0,-302.0,-104.0,-45.0,-2165.0,-362.0,83.0,-1175.0,-443.0
1051,34.0,-303.0,-101.0,-54.0,-2185.0,-403.0,153.0,-1162.0,-443.0
1052,47.0,-298.0,-96.0,-70.0,-2177.0,-455.0,213.0,-1144.0,-429.0
1053,60.0,-294.0,-88.0,-88.0,-2150.0,-516.0,251.0,-1129.0,-399.0
1054,64.0,-286.0,-77.0,-99.0,-2112.0,-583.0,274.0,-1103.0,-351.0
1055,67.0,-279.0,-71.0,-87.0,-2072.0,-651.0,289.0,-1066.0,-308.0
1056,67.0,-271.0,-60.0,-48.0,-2036.0,-725.0,285.0,-1025.0,-268.0
1057,59.0,-255.0,-57.0,22.0,-1998.0,-802.0,259.0,-967.0,-265.0
1058,44.0,-241.0,-59.0,97.0,-1968.0,-867.0,214.0,-914.0,-276.0
1059,41.0,-226.0,-68.0,155.0,-1956.0,-916.0,181.0,-855.0,-290.0
1060,26.0,-207.0,-67.0,185.0,-1956.0,-967.0,154.0,-798.0,-303.0
1061,25.0,-188.0,-72.0,182.0,-1965.0,-1008.0,123.0,-732.0,-323.0
1062,13.0,-173.0,-80.0,148.0,-1974.0,-1036.0,87.0,-678.0,-342.0
1063,7.0,-167.0,-83.0,92.0,-1991.0,-1049.0,58.0,-650.0,-351.0
1064,1.0,-161.0,-82.0,26.0,-2009.0,-1060.0,29.0,-631.0,-351.0
1065,-13.0,-160.0,-81.0,-45.0,-2034.0,-1057.0,-12.0,-627.0,-340.0
1066,-19.0,-162.0,-78.0,-113.0,-2060.0,-1042.0,-56.0,-635.0,-338.0
1067,-31.0,-167.0,-74.0,-176.0,-2091.0,-1018.0,-98.0,-652.0,-326.0
1068,-41.0,-176.0,-72.0,-239.0,-2131.0,-986.0,-136.0,-675.0,-313.0
1069,-46.0,-185.0,-69.0,-293.0,-2176.0,-944.0,-164.0,-710.0,-307.0
1070,-56.0,-196.0,-63.0,-337.0,-2228.0,-896.0,-181.0,-751.0,-302.0
1071,-51.0,-204.0,-69.0,-375.0,-2283.0,-846.0,-173.0,-799.0,-303.0
1072,-49.0,-217.0,-71.0,-410.0,-2341.0,-802.0,-168.0,-837.0,-313.0
1073,-42.0,-226.0,-71.0,-441.0,-2396.0,-763.0,-144.0,-863.0,-322.0
1074,-38.0,-228.0,-78.0,-470.0,-2442.0,-736.0,-110.0,-876.0,-342.0
1075,-30.0,-230.0,-85.0,-496.0,-2478.0,-712.0,-91.0,-883.0,-369.0
1076,-19.0,-229.0,-90.0,-523.0,-2504.0,-686.0,-54.0,-886.0,-399.0
1077,-11.0,-231.0,-100.0,-544.0,-2521.0,-662.0,-16.0,-883.0,-433.0
1078,-2.0,-231.0,-101.0,-571.0,-2533.0,-644.0,12.0,-888.0,-445.0
1079,3.0,-234.0,-104.0,-584.0,-2533.0,-628.0,35.0,-889.0,-453.0
1080,9.0,-234.0,-108.0,-585.0,-2529.0,-617.0,64.0,-895.0,-461.0
1081,12.0,-232.0,-115.0,-575.0,-2516.0,-611.0,89.0,-903.0,-477.0
1082,16.0,-257.0,-113.0,-568.0,-2503.0,-604.0,115.0,-910.0,-494.0
1083,40.0,-242.0,-115.0,-559.0,-2484.0,-607.0,140.0,-919.0,-509.0
1084,30.0,-246.0,-129.0,-541.0,-2462.0,-615.0,156.0,-925.0,-533.0
1085,35.0,-247.0,-131.0,-515.0,-2435.0,-617.0,163.0,-932.0,-555.0
1086,42.0,-248.0,-128.0,-484.0,-2403.0,-613.0,184.0,-953.0,-571.0
1087,47.0,-252.0,-137.0,-448.0,-2367.0,-611.0,208.0,-970.0,-581.0
1088,52.0,-260.0,-132.0,-412.0,-2322.0,-614.0,227.0,-985.0,-571.0
1089,54.0,-259.0,-135.0,-366.0,-2266.0,-612.0,232.0,-1007.0,-564.0
1090,53.0,-264.0,-118.0,-313.0,-2199.0,-598.0,249.0,-1017.0,-565.0
1091,61.0,-267.0,-129.0,-266.0,-2128.0,-584.0,261.0,-1018.0,-547.0
1092,61.0,-264.0,-125.0,-224.0,-2056.0,-576.0,260.0,-1016.0,-544.0
1093,60.0,-262.0,-123.0,-200.0,-1989.0,-574.0,259.0,-1011.0,-543.0
1094,55.0,-259.0,-121.0,-190.0,-1931.0,-586.0,243.0,-1005.0,-534.0
1095,48.0,-268.0,-110.0,-194.0,-1887.0,-607.0,212.0,-994.0,-510.0
1096,37.0,-248.0,-106.0,-190.0,-1852.0,-625.0,174.0,-983.0,-471.0
1097,35.0,-260.0,-95.0,-170.0,-1820.0,-638.0,158.0,-982.0,-438.0
1098,28.0,-252.0,-90.0,-130.0,-1789.0,-647.0,143.0,-971.0,-404.0
1099,26.0,-255.0,-94.0,-84.0,-1759.0,-648.0,138.0,-956.0,-400.0
1100,24.0,-249.0,-87.0,-45.0,-1735.0,-645.0,121.0,-943.0,-418.0
1101,24.0,-241.0,-97.0,-25.0,-1715.0,-635.0,120.0,-925.0,-440.0
1102,20.0,-241.0,-111.0,-33.0,-1703.0,-625.0,115.0,-927.0,-455.0
1103,21.0,-245.0,-111.0,-59.0,-1698.0,-613.0,119.0,-929.0,-483.0
1104,19.0,-245.0,-121.0,-97.0,-1700.0,-602.0,114.0,-941.0,-498.0
1105,19.0,-244.0,-111.0,-139.0,-1702.0,-596.0,104.0,-955.0,-501.0
1106,6.0,-257.0,-133.0,-171.0,-1709.0,-589.0,84.0,-966.0,-488.0
1107,10.0,-255.0,-102.0,-172.0,-1718.0,-584.0,79.0,-970.0,-451.0
1108,7.0,-252.0,-95.0,-136.0,-1727.0,-583.0,73.0,-967.0,-418.0
1109,10.0,-251.0,-86.0,-75.0,-1738.0,-579.0,75.0,-951.0,-379.0
1110,11.0,-247.0,-85.0,-11.0,-1749.0,-580.0,76.0,-936.0,-376.0
1111,11.0,-253.0,-81.0,39.0,-1756.0,-587.0,77.0,-917.0,-388.0
1112,19.0,-237.0,-103.0,59.0,-1759.0,-602.0,75.0,-900.0,-424.0
1113,1.0,-223.0,-96.0,41.0,-1760.0,-625.0,52.0,-887.0,-446.0
1114,3.0,-220.0,-112.0,-2.0,-1761.0,-648.0,27.0,-872.0,-459.0
1115,-23.0,-221.0,-96.0,-45.0,-1760.0,-671.0,4.0,-866.0,-454.0
1116,-14.0,-223.0,-104.0,-76.0,-1761.0,-697.0,-38.0,-873.0,-450.0
1117,-19.0,-217.0,-105.0,-88.0,-1773.0,-721.0,-72.0,-877.0,-456.0
1118,-23.0,-227.0,-110.0,-91.0,-1789.0,-744.0,-76.0,-884.0,-462.0
1119,-23.0,-225.0,-111.0,-96.0,-1805.0,-768.0,-67.0,-875.0,-470.0
1120,-18.0,-227.0,-103.0,-101.0,-1819.0,-790.0,-48.0,-868.0,-477.0
1121,-11.0,-216.0,-116.0,-106.0,-1825.0,-808.0,-35.0,-855.0,-469.0
1122,-13.0,-222.0,-103.0,-108.0,-1828.0,-821.0,-36.0,-848.0,-460.0
1123,-13.0,-219.0,-97.0,-103.0,-1832.0,-830.0,-28.0,-845.0,-435.0
1124,-14.0,-219.0,-95.0,-97.0,-1847.0,-840.0,-20.0,-845.0,-419.0
1125,-14.0,-214.0,-86.0,-98.0,-1870.0,-849.0,-22.0,-842.0,-403.0
1126,-23.0,-209.0,-87.0,-106.0,-1899.0,-860.0,-29.0,-841.0,-389.0
1127,-17.0,-227.0,-94.0,-120.0,-1930.0,-874.0,-42.0,-845.0,-379.0
1128,-20.0,-213.0,-74.0,-130.0,-1963.0,-885.0,-49.0,-849.0,-369.0
1129,-22.0,-226.0,-82.0,-132.0,-1996.0,-897.0,-74.0,-856.0,-373.0
1130,-35.0,-220.0,-74.0,-135.0,-2031.0,-901.0,-96.0,-861.0,-373.0
1131,-41.0,-218.0,-90.0,-137.0,-2065.0,-899.0,-105.0,-859.0,-370.0
1132,-38.0,-209.0,-85.0,-129.0,-2094.0,-895.0,-120.0,-851.0,-368.0
1133,-38.0,-211.0,-88.0,-120.0,-2117.0,-889.0,-115.0,-848.0,-381.0
1134,-36.0,-211.0,-88.0,-121.0,-2135.0,-881.0,-115.0,-837.0,-394.0
1135,-36.0,-212.0,-92.0,-141.0,-2155.0,-877.0,-104.0,-828.0,-406.0
1136,-30.0,-208.0,-96.0,-172.0,-2172.0,-877.0,-91.0,-818.0,-414.0
1137,-27.0,-208.0,-91.0,-214.0,-2187.0,-876.0,-84.0,-814.0,-404.0
1138,-23.0,-210.0,-86.0,-246.0,-2193.0,-867.0,-72.0,-810.0,-388.0
1139,-13.0,-211.0,-86.0,-238.0,-2187.0,-856.0,-43.0,-807.0,-387.0
1140,-6.0,-207.0,-92.0,-188.0,-2170.0,-849.0,-13.0,-799.0,-407.0
1141,9.0,-200.0,-97.0,-111.0,-2143.0,-846.0,44.0,-781.0,-423.0
1142,19.0,-189.0,-114.0,-29.0,-2087.0,-838.0,82.0,-739.0,-490.0
1143,39.0,-185.0,-124.0,11.0,-2012.0,-823.0,152.0,-721.0,-543.0
1144,46.0,-185.0,-132.0,3.0,-1929.0,-807.0,193.0,-719.0,-589.0
1145,61.0,-183.0,-140.0,-58.0,-1848.0,-798.0,251.0,-702.0,-617.0
1146,70.0,-187.0,-153.0,-151.0,-1781.0,-796.0,294.0,-718.0,-656.0
1147,83.0,-192.0,-160.0,-270.0,-1718.0,-793.0,336.0,-745.0,-687.0
1148,96.0,-211.0,-156.0,-410.0,-1657.0,-802.0,377.0,-799.0,-691.0
1149,99.0,-220.0,-156.0,-551.0,-1591.0,-821.0,409.0,-856.0,-678.0
1150,103.0,-242.0,-141.0,-678.0,-1519.0,-846.0,426.0,-920.0,-627.0
1151,97.0,-271.0,-133.0,-759.0,-1434.0,-881.0,428.0,-1022.0,-560.0
1152,102.0,-293.0,-105.0,-778.0,-1342.0,-911.0,408.0,-1092.0,-478.0
1153,87.0,-314.0,-86.0,-725.0,-1234.0,-927.0,365.0,-1195.0,-382.0
1154,66.0,-331.0,-71.0,-625.0,-1129.0,-936.0,285.0,-1265.0,-317.0
1155,45.0,-348.0,-58.0,-491.0,-1041.0,-931.0,198.0,-1334.0,-268.0
1156,14.0,-360.0,-47.0,-336.0,-974.0,-912.0,91.0,-1365.0,-234.0
1157,-12.0,-358.0,-50.0,-169.0,-938.0,-877.0,-10.0,-1399.0,-228.0
1158,-42.0,-375.0,-40.0,-18.0,-928.0,-829.0,-115.0,-1413.0,-252.0
1159,-81.0,-367.0,-59.0,110.0,-943.0,-772.0,-204.0,-1411.0,-266.0
1160,-69.0,-353.0,-66.0,219.0,-972.0,-706.0,-274.0,-1401.0,-288.0
1161,-101.0,-351.0,-72.0,311.0,-1009.0,-632.0,-344.0,-1385.0,-317.0
1162,-107.0,-348.0,-71.0,383.0,-1055.0,-546.0,-384.0,-1357.0,-335.0
1163,-117.0,-338.0,-83.0,439.0,-1102.0,-456.0,-412.0,-1325.0,-362.0
1164,-113.0,-324.0,-85.0,485.0,-1149.0,-368.0,-416.0,-1251.0,-390.0
1165,-100.0,-299.0,-106.0,531.0,-1190.0,-283.0,-398.0,-1187.0,-411.0
1166,-95.0,-290.0,-96.0,570.0,-1228.0,-206.0,-364.0,-1127.0,-430.0
1167,-80.0,-274.0,-105.0,591.0,-1257.0,-139.0,-308.0,-1065.0,-451.0
1168,-65.0,-256.0,-102.0,596.0,-1281.0,-85.0,-228.0,-1001.0,-448.0
1169,-43.0,-242.0,-100.0,594.0,-1292.0,-51.0,-153.0,-934.0,-445.0
1170,-28.0,-228.0,-100.0,582.0,-1295.0,-26.0,-90.0,-891.0,-441.0
1171,-12.0,-218.0,-94.0,561.0,-1293.0,-12.0,-34.0,-846.0,-427.0
1172,-1.0,-207.0,-90.0,533.0,-1285.0,-8.0,15.0,-815.0,-408.0
1173,16.0,-203.0,-85.0,498.0,-1270.0,-12.0,53.0,-796.0,-395.0
1174,15.0,-196.0,-84.0,455.0,-1256.0,-27.0,88.0,-778.0,-384.0
1175,10.0,-211.0,-81.0,408.0,-1245.0,-49.0,106.0,-755.0,-371.0
1176,22.0,-195.0,-79.0,365.0,-1236.0,-76.0,112.0,-753.0,-358.0
1177,19.0,-195.0,-77.0,326.0,-1224.0,-100.0,100.0,-755.0,-343.0
1178,13.0,-198.0,-73.0,293.0,-1203.0,-122.0,78.0,-768.0,-341.0
1179,5.0,-205.0,-76.0,266.0,-1174.0,-140.0,38.0,-779.0,-333.0
1180,-5.0,-204.0,-74.0,240.0,-1137.0,-152.0,2.0,-798.0,-332.0
1181,-13.0,-212.0,-76.0,213.0,-1095.0,-159.0,-33.0,-816.0,-335.0
1182,-21.0,-221.0,-78.0,186.0,-1053.0,-162.0,-57.0,-843.0,-335.0
1183,-23.0,-227.0,-75.0,158.0,-1015.0,-163.0,-68.0,-872.0,-334.0
1184,-33.0,-231.0,-65.0,132.0,-982.0,-167.0,-82.0,-896.0,-328.0
1185,-31.0,-239.0,-74.0,111.0,-951.0,-167.0,-91.0,-916.0,-331.0
1186,-34.0,-245.0,-76.0,94.0,-926.0,-161.0,-99.0,-931.0,-334.0
1187,-36.0,-247.0,-77.0,86.0,-905.0,-153.0,-115.0,-942.0,-335.0
1188,-38.0,-247.0,-74.0,85.0,-891.0,-140.0,-120.0,-946.0,-341.0
1189,-43.0,-262.0,-82.0,88.0,-882.0,-124.0,-114.0,-941.0,-345.0
1190,-32.0,-242.0,-82.0,95.0,-875.0,-111.0,-98.0,-931.0,-357.0
1191,-28.0,-240.0,-83.0,97.0,-868.0,-101.0,-79.0,-926.0,-370.0
1192,-21.0,-237.0,-87.0,92.0,-856.0,-99.0,-66.0,-909.0,-378.0
1193,-13.0,-239.0,-86.0,81.0,-842.0,-104.0,-44.0,-906.0,-388.0
1194,-10.0,-223.0,-85.0,66.0,-820.0,-114.0,-27.0,-897.0,-393.0
1195,-8.0,-232.0,-85.0,47.0,-794.0,-129.0,-19.0,-894.0,-384.0
1196,-5.0,-233.0,-86.0,35.0,-762.0,-144.0,-4.0,-893.0,-390.0
1197,-6.0,-234.0,-85.0,22.0,-727.0,-159.0,2.0,-895.0,-393.0
1198,0.0,-234.0,-85.0,11.0,-690.0,-169.0,14.0,-902.0,-385.0
1199,0.0,-237.0,-84.0,6.0,-651.0,-175.0,20.0,-911.0,-379.0
1200,0.0,-235.0,-87.0,7.0,-610.0,-178.0,25.0,-910.0,-378.0
1201,2.0,-239.0,-84.0,14.0,-571.0,-178.0,31.0,-917.0,-368.0
1202,1.0,-240.0,-76.0,25.0,-533.0,-172.0,33.0,-916.0,-356.0
1203,2.0,-244.0,-78.0,46.0,-497.0,-163.0,38.0,-919.0,-347.0
1204,2.0,-245.0,-80.0,70.0,-463.0,-155.0,37.0,-927.0,-339.0
1205,2.0,-246.0,-74.0,94.0,-431.0,-150.0,37.0,-939.0,-332.0
1206,0.0,-247.0,-75.0,114.0,-403.0,-145.0,33.0,-949.0,-330.0
1207,0.0,-252.0,-73.0,131.0,-377.0,-143.0,22.0,-961.0,-328.0
1208,-1.0,-252.0,-63.0,139.0,-353.0,-143.0,20.0,-968.0,-323.0
1209,-3.0,-250.0,-69.0,141.0,-332.0,-143.0,6.0,-975.0,-320.0
1210,-4.0,-254.0,-73.0,141.0,-310.0,-142.0,2.0,-971.0,-315.0
1211,-6.0,-254.0,-68.0,146.0,-289.0,-142.0,-6.0,-976.0,-311.0
1212,-9.0,-253.0,-65.0,156.0,-269.0,-140.0,-13.0,-978.0,-309.0
1213,-11.0,-252.0,-67.0,173.0,-254.0,-137.0,-20.0,-971.0,-306.0
1214,-10.0,-250.0,-68.0,193.0,-239.0,-130.0,-16.0,-972.0,-309.0
1215,-7.0,-250.0,-72.0,208.0,-227.0,-129.0,-14.0,-961.0,-316.0
1216,-14.0,-246.0,-70.0,213.0,-216.0,-129.0,-18.0,-946.0,-323.0
1217,-15.0,-244.0,-75.0,213.0,-209.0,-132.0,-22.0,-944.0,-322.0
1218,-14.0,-243.0,-76.0,211.0,-206.0,-134.0,-28.0,-935.0,-335.0
1219,-15.0,-242.0,-75.0,210.0,-201.0,-138.0,-29.0,-923.0,-333.0
1220,-11.0,-241.0,-79.0,210.0,-194.0,-140.0,-31.0,-918.0,-346.0
1221,-13.0,-235.0,-83.0,206.0,-183.0,-142.0,-31.0,-909.0,-368.0
1222,-11.0,-238.0,-90.0,187.0,-167.0,-144.0,-25.0,-914.0,-400.0
1223,-13.0,-234.0,-91.0,148.0,-147.0,-146.0,-33.0,-909.0,-420.0
1224,-15.0,-236.0,-94.0,94.0,-129.0,-143.0,-37.0,-915.0,-438.0
1225,-13.0,-239.0,-98.0,39.0,-116.0,-139.0,-33.0,-921.0,-445.0
1226,-13.0,-242.0,-104.0,-5.0,-106.0,-135.0,-32.0,-936.0,-451.0
1227,-13.0,-248.0,-102.0,-35.0,-101.0,-127.0,-30.0,-951.0,-457.0
1228,-19.0,-251.0,-101.0,-47.0,-99.0,-119.0,-29.0,-959.0,-462.0
1229,-17.0,-253.0,-110.0,-41.0,-97.0,-111.0,-33.0,-969.0,-478.0
1230,-22.0,-254.0,-108.0,-26.0,-97.0,-100.0,-30.0,-968.0,-482.0
1231,-12.0,-253.0,-109.0,-9.0,-94.0,-92.0,-19.0,-961.0,-481.0
1232,-9.0,-248.0,-104.0,14.0,-90.0,-82.0,-15.0,-942.0,-466.0
1233,-8.0,-244.0,-107.0,45.0,-83.0,-74.0,-2.0,-928.0,-466.0
1234,-6.0,-239.0,-106.0,63.0,-75.0,-69.0,-4.0,-912.0,-464.0
1235,-5.0,-236.0,-102.0,73.0,-72.0,-68.0,1.0,-896.0,-455.0
1236,-4.0,-225.0,-102.0,79.0,-64.0,-69.0,11.0,-869.0,-446.0
1237,-7.0,-219.0,-98.0,81.0,-58.0,-75.0,8.0,-847.0,-440.0
1238,-4.0,-216.0,-101.0,80.0,-54.0,-82.0,3.0,-828.0,-439.0
1239,-6.0,-210.0,-97.0,76.0,-53.0,-94.0,-1.0,-809.0,-426.0
1240,-7.0,-208.0,-98.0,67.0,-53.0,-110.0,-1.0,-804.0,-427.0
1241,-8.0,-207.0,-98.0,58.0,-60.0,-125.0,-11.0,-793.0,-429.0
1242,-10.0,-205.0,-97.0,47.0,-66.0,-143.0,-16.0,-795.0,-440.0
1243,-11.0,-206.0,-103.0,29.0,-74.0,-162.0,-27.0,-797.0,-443.0
1244,-18.0,-203.0,-105.0,6.0,-80.0,-180.0,-43.0,-795.0,-469.0
1245,-21.0,-208.0,-109.0,-29.0,-87.0,-194.0,-62.0,-807.0,-478.0
1246,-24.0,-213.0,-113.0,-66.0,-96.0,-204.0,-79.0,-821.0,-488.0
1247,-32.0,-218.0,-115.0,-96.0,-104.0,-215.0,-99.0,-843.0,-489.0
1248,-41.0,-223.0,-111.0,-119.0,-116.0,-215.0,-120.0,-859.0,-497.0
1249,-42.0,-230.0,-113.0,-135.0,-133.0,-210.0,-143.0,-891.0,-497.0
1250,-50.0,-235.0,-117.0,-144.0,-151.0,-199.0,-161.0,-905.0,-503.0
1251,-51.0,-245.0,-115.0,-141.0,-169.0,-183.0,-175.0,-922.0,-501.0
1252,-54.0,-245.0,-110.0,-126.0,-185.0,-163.0,-174.0,-939.0,-504.0
1253,-51.0,-250.0,-114.0,-107.0,-204.0,-138.0,-163.0,-953.0,-510.0
1254,-47.0,-248.0,-116.0,-81.0,-222.0,-110.0,-151.0,-953.0,-515.0
1255,-41.0,-247.0,-121.0,-48.0,-238.0,-81.0,-132.0,-952.0,-522.0
1256,-32.0,-249.0,-120.0,-8.0,-246.0,-48.0,-95.0,-940.0,-523.0
1257,-21.0,-244.0,-115.0,39.0,-244.0,-13.0,-68.0,-924.0,-513.0
1258,-13.0,-239.0,-113.0,91.0,-235.0,20.0,-34.0,-905.0,-498.0
1259,-3.0,-233.0,-109.0,146.0,-229.0,53.0,-2.0,-881.0,-480.0
1260,3.0,-223.0,-100.0,200.0,-221.0,84.0,36.0,-853.0,-453.0
1261,11.0,-218.0,-95.0,247.0,-213.0,111.0,76.0,-830.0,-428.0
1262,20.0,-209.0,-87.0,278.0,-203.0,136.0,112.0,-815.0,-409.0
1263,31.0,-205.0,-88.0,284.0,-195.0,158.0,146.0,-803.0,-389.0
1264,35.0,-206.0,-85.0,267.0,-185.0,171.0,167.0,-792.0,-384.0
1265,37.0,-207.0,-81.0,216.0,-179.0,174.0,174.0,-804.0,-374.0
1266,36.0,-210.0,-79.0,144.0,-173.0,175.0,183.0,-820.0,-364.0
1267,38.0,-218.0,-79.0,58.0,-172.0,169.0,167.0,-843.0,-353.0
1268,35.0,-224.0,-82.0,-32.0,-175.0,157.0,162.0,-867.0,-365.0
1269,32.0,-233.0,-84.0,-119.0,-175.0,139.0,152.0,-899.0,-377.0
1270,29.0,-237.0,-90.0,-188.0,-173.0,117.0,144.0,-915.0,-405.0
1271,29.0,-243.0,-95.0,-232.0,-164.0,100.0,143.0,-931.0,-411.0
1272,29.0,-249.0,-89.0,-251.0,-144.0,79.0,143.0,-956.0,-397.0
1273,27.0,-261.0,-88.0,-248.0,-117.0,56.0,136.0,-975.0,-391.0
1274,23.0,-260.0,-91.0,-230.0,-91.0,33.0,125.0,-1011.0,-394.0
1275,17.0,-269.0,-91.0,-211.0,-72.0,9.0,96.0,-1031.0,-409.0
1276,7.0,-274.0,-92.0,-206.0,-65.0,-24.0,61.0,-1055.0,-419.0
1277,-3.0,-279.0,-97.0,-207.0,-64.0,-60.0,24.0,-1080.0,-431.0
1278,-12.0,-281.0,-103.0,-217.0,-66.0,-95.0,-14.0,-1090.0,-441.0
1279,-21.0,-287.0,-98.0,-225.0,-71.0,-127.0,-41.0,-1102.0,-445.0
1280,-29.0,-286.0,-102.0,-234.0,-82.0,-159.0,-79.0,-1101.0,-452.0
1281,-35.0,-283.0,-102.0,-235.0,-99.0,-182.0,-93.0,-1094.0,-447.0
1282,-32.0,-280.0,-102.0,-225.0,-119.0,-201.0,-92.0,-1090.0,-455.0
1283,-30.0,-278.0,-106.0,-215.0,-139.0,-224.0,-87.0,-1076.0,-456.0
1284,-26.0,-271.0,-111.0,-214.0,-158.0,-249.0,-76.0,-1061.0,-469.0
1285,-25.0,-273.0,-109.0,-233.0,-181.0,-276.0,-72.0,-1057.0,-482.0
1286,-25.0,-274.0,-113.0,-271.0,-206.0,-298.0,-67.0,-1076.0,-490.0
1287,-24.0,-282.0,-111.0,-324.0,-235.0,-305.0,-49.0,-1094.0,-479.0
1288,-13.0,-288.0,-101.0,-367.0,-268.0,-304.0,-13.0,-1112.0,-462.0
1289,-1.0,-291.0,-99.0,-374.0,-301.0,-321.0,22.0,-1107.0,-445.0
1290,3.0,-285.0,-97.0,-345.0,-326.0,-354.0,47.0,-1098.0,-426.0
1291,11.0,-284.0,-95.0,-296.0,-346.0,-386.0,88.0,-1097.0,-428.0
1292,16.0,-282.0,-91.0,-247.0,-362.0,-425.0,97.0,-1076.0,-424.0
1293,17.0,-280.0,-92.0,-198.0,-365.0,-461.0,100.0,-1079.0,-421.0
1294,22.0,-277.0,-92.0,-156.0,-366.0,-480.0,112.0,-1069.0,-413.0
1295,21.0,-274.0,-94.0,-114.0,-360.0,-494.0,132.0,-1060.0,-410.0
1296,31.0,-267.0,-87.0,-71.0,-350.0,-515.0,151.0,-1026.0,-399.0
1297,33.0,-259.0,-87.0,-35.0,-337.0,-532.0,148.0,-1003.0,-391.0
1298,29.0,-253.0,-84.0,-10.0,-318.0,-543.0,143.0,-975.0,-384.0
1299,27.0,-249.0,-78.0,6.0,-298.0,-547.0,139.0,-957.0,-361.0
1300,26.0,-244.0,-74.0,23.0,-277.0,-548.0,138.0,-929.0,-337.0
1301,30.0,-235.0,-72.0,41.0,-259.0,-548.0,137.0,-907.0,-314.0
1302,23.0,-228.0,-64.0,61.0,-244.0,-548.0,129.0,-884.0,-302.0
1303,25.0,-223.0,-61.0,77.0,-237.0,-544.0,113.0,-855.0,-279.0
1304,18.0,-215.0,-58.0,85.0,-238.0,-541.0,106.0,-834.0,-276.0
1305,15.0,-211.0,-60.0,85.0,-241.0,-536.0,93.0,-812.0,-273.0
1306,14.0,-209.0,-58.0,77.0,-245.0,-529.0,84.0,-810.0,-268.0
1307,9.0,-208.0,-58.0,60.0,-249.0,-520.0,82.0,-817.0,-267.0
1308,9.0,-211.0,-61.0,37.0,-256.0,-511.0,72.0,-821.0,-268.0
1309,8.0,-215.0,-62.0,10.0,-263.0,-501.0,61.0,-829.0,-275.0
1310,8.0,-220.0,-68.0,-14.0,-274.0,-489.0,54.0,-848.0,-290.0
1311,6.0,-224.0,-66.0,-47.0,-284.0,-480.0,51.0,-860.0,-303.0
1312,4.0,-231.0,-65.0,-81.0,-293.0,-470.0,50.0,-880.0,-304.0
1313,6.0,-232.0,-65.0,-106.0,-304.0,-463.0,53.0,-900.0,-304.0
1314,5.0,-239.0,-65.0,-122.0,-314.0,-459.0,54.0,-911.0,-312.0
1315,8.0,-241.0,-75.0,-130.0,-325.0,-452.0,56.0,-919.0,-319.0
1316,8.0,-243.0,-76.0,-136.0,-333.0,-442.0,66.0,-924.0,-332.0
1317,21.0,-246.0,-81.0,-140.0,-339.0,-434.0,80.0,-932.0,-353.0
1318,13.0,-247.0,-83.0,-147.0,-339.0,-423.0,90.0,-935.0,-380.0
1319,17.0,-246.0,-90.0,-149.0,-339.0,-409.0,104.0,-935.0,-398.0
1320,23.0,-244.0,-90.0,-148.0,-331.0,-393.0,117.0,-930.0,-401.0
1321,20.0,-242.0,-92.0,-140.0,-319.0,-375.0,120.0,-924.0,-417.0
1322,24.0,-243.0,-92.0,-124.0,-311.0,-356.0,128.0,-920.0,-419.0
1323,24.0,-243.0,-94.0,-104.0,-304.0,-335.0,138.0,-912.0,-416.0
1324,25.0,-237.0,-97.0,-80.0,-297.0,-313.0,144.0,-906.0,-424.0
1325,29.0,-239.0,-92.0,-55.0,-295.0,-296.0,141.0,-910.0,-421.0
1326,25.0,-242.0,-91.0,-28.0,-292.0,-279.0,126.0,-910.0,-418.0
1327,23.0,-249.0,-94.0,-2.0,-290.0,-260.0,112.0,-926.0,-404.0
1328,16.0,-249.0,-87.0,22.0,-292.0,-241.0,91.0,-937.0,-393.0
1329,14.0,-253.0,-84.0,43.0,-287.0,-220.0,92.0,-968.0,-383.0
1330,11.0,-259.0,-81.0,69.0,-275.0,-200.0,77.0,-988.0,-366.0
1331,9.0,-261.0,-77.0,99.0,-257.0,-179.0,68.0,-1006.0,-367.0
1332,6.0,-262.0,-77.0,127.0,-238.0,-156.0,56.0,-1009.0,-352.0
1333,3.0,-261.0,-78.0,153.0,-219.0,-136.0,57.0,-1008.0,-339.0
1334,7.0,-258.0,-75.0,177.0,-203.0,-116.0,58.0,-996.0,-338.0
1335,6.0,-251.0,-80.0,199.0,-190.0,-98.0,59.0,-968.0,-333.0
1336,8.0,-249.0,-74.0,215.0,-177.0,-80.0,67.0,-950.0,-339.0
1337,9.0,-242.0,-79.0,224.0,-166.0,-67.0,72.0,-925.0,-339.0
1338,21.0,-240.0,-59.0,228.0,-156.0,-54.0,77.0,-905.0,-337.0
1339,11.0,-234.0,-71.0,230.0,-144.0,-42.0,78.0,-896.0,-323.0
1340,13.0,-235.0,-70.0,234.0,-132.0,-29.0,85.0,-892.0,-311.0
1341,15.0,-236.0,-67.0,239.0,-122.0,-16.0,98.0,-890.0,-304.0
1342,21.0,-237.0,-61.0,245.0,-103.0,0.0,113.0,-897.0,-297.0
1343,22.0,-238.0,-62.0,253.0,-86.0,14.0,119.0,-917.0,-296.0
1344,20.0,-244.0,-65.0,254.0,-69.0,25.0,123.0,-931.0,-295.0
1345,22.0,-247.0,-68.0,244.0,-59.0,32.0,122.0,-934.0,-309.0
1346,22.0,-248.0,-72.0,226.0,-54.0,33.0,124.0,-956.0,-323.0
1347,25.0,-255.0,-78.0,206.0,-55.0,36.0,131.0,-964.0,-331.0
1348,28.0,-254.0,-78.0,193.0,-54.0,35.0,134.0,-986.0,-339.0
1349,28.0,-258.0,-77.0,191.0,-46.0,35.0,134.0,-986.0,-346.0
1350,26.0,-261.0,-75.0,204.0,-37.0,37.0,139.0,-1006.0,-337.0
1351,25.0,-259.0,-77.0,233.0,-25.0,39.0,140.0,-1007.0,-329.0
1352,23.0,-258.0,-71.0,269.0,-12.0,40.0,126.0,-999.0,-320.0
1353,17.0,-252.0,-70.0,306.0,-5.0,40.0,117.0,-983.0,-312.0
1354,17.0,-256.0,-69.0,330.0,-5.0,40.0,108.0,-969.0,-309.0
1355,16.0,-251.0,-66.0,345.0,-13.0,36.0,99.0,-957.0,-300.0
1356,16.0,-249.0,-62.0,357.0,-27.0,31.0,93.0,-950.0,-290.0
1357,14.0,-247.0,-66.0,363.0,-42.0,26.0,91.0,-944.0,-290.0
1358,14.0,-247.0,-67.0,363.0,-60.0,20.0,81.0,-946.0,-306.0
1359,11.0,-248.0,-76.0,347.0,-75.0,10.0,75.0,-948.0,-327.0
1360,3.0,-243.0,-92.0,319.0,-94.0,0.0,63.0,-950.0,-355.0
1361,6.0,-249.0,-87.0,281.0,-112.0,-9.0,55.0,-949.0,-388.0
1362,4.0,-250.0,-89.0,244.0,-127.0,-22.0,44.0,-967.0,-390.0
1363,2.0,-252.0,-84.0,223.0,-137.0,-35.0,35.0,-975.0,-388.0
1364,1.0,-254.0,-87.0,223.0,-142.0,-46.0,34.0,-985.0,-372.0
1365,2.0,-257.0,-82.0,241.0,-138.0,-55.0,34.0,-995.0,-373.0
1366,1.0,-256.0,-87.0,263.0,-132.0,-63.0,33.0,-992.0,-375.0
1367,2.0,-255.0,-90.0,277.0,-126.0,-74.0,34.0,-980.0,-395.0
1368,3.0,-250.0,-96.0,272.0,-122.0,-86.0,37.0,-967.0,-419.0
1369,2.0,-247.0,-101.0,251.0,-115.0,-98.0,40.0,-951.0,-444.0
1370,6.0,-246.0,-107.0,218.0,-110.0,-110.0,48.0,-935.0,-457.0
1371,6.0,-242.0,-104.0,188.0,-101.0,-118.0,55.0,-923.0,-463.0
1372,8.0,-240.0,-104.0,161.0,-89.0,-125.0,61.0,-915.0,-453.0
1373,10.0,-236.0,-104.0,143.0,-76.0,-129.0,59.0,-898.0,-446.0
1374,8.0,-233.0,-96.0,131.0,-63.0,-129.0,68.0,-902.0,-435.0
1375,8.0,-233.0,-96.0,122.0,-53.0,-126.0,71.0,-888.0,-429.0
1376,9.0,-229.0,-97.0,121.0,-48.0,-122.0,75.0,-880.0,-439.0
1377,8.0,-225.0,-97.0,123.0,-45.0,-118.0,71.0,-867.0,-433.0
1378,8.0,-224.0,-97.0,119.0,-47.0,-111.0,67.0,-866.0,-432.0
1379,6.0,-228.0,-97.0,108.0,-48.0,-102.0,56.0,-862.0,-423.0
1380,7.0,-227.0,-91.0,99.0,-43.0,-92.0,49.0,-860.0,-413.0
1381,5.0,-227.0,-90.0,89.0,-39.0,-83.0,46.0,-858.0,-412.0
1382,6.0,-218.0,-91.0,76.0,-37.0,-74.0,44.0,-870.0,-402.0
1383,1.0,-228.0,-90.0,63.0,-38.0,-66.0,42.0,-873.0,-397.0
1384,3.0,-232.0,-89.0,49.0,-42.0,-58.0,37.0,-880.0,-398.0
1385,-2.0,-228.0,-85.0,34.0,-46.0,-47.0,31.0,-889.0,-389.0
1386,-1.0,-230.0,-88.0,23.0,-47.0,-35.0,29.0,-888.0,-391.0
1387,0.0,-233.0,-85.0,14.0,-51.0,-24.0,27.0,-895.0,-388.0
1388,0.0,-234.0,-86.0,4.0,-56.0,-15.0,29.0,-891.0,-387.0
1389,1.0,-234.0,-87.0,-5.0,-57.0,-8.0,41.0,-896.0,-389.0
1390,5.0,-236.0,-89.0,-18.0,-56.0,0.0,42.0,-900.0,-389.0
1391,4.0,-234.0,-87.0,-32.0,-53.0,7.0,49.0,-906.0,-393.0
1392,7.0,-240.0,-91.0,-49.0,-45.0,13.0,52.0,-907.0,-392.0
1393,5.0,-239.0,-85.0,-62.0,-41.0,17.0,52.0,-908.0,-388.0
1394,1.0,-241.0,-85.0,-70.0,-35.0,22.0,57.0,-913.0,-387.0
1395,4.0,-240.0,-86.0,-72.0,-33.0,29.0,55.0,-912.0,-388.0
1396,8.0,-242.0,-85.0,-73.0,-32.0,37.0,54.0,-916.0,-380.0
1397,7.0,-239.0,-85.0,-69.0,-32.0,44.0,61.0,-915.0,-374.0
1398,12.0,-238.0,-84.0,-62.0,-29.0,53.0,71.0,-908.0,-372.0
1399,9.0,-236.0,-83.0,-49.0,-26.0,58.0,70.0,-893.0,-373.0
1400,11.0,-233.0,-83.0,-37.0,-19.0,63.0,71.0,-890.0,-374.0
1401,10.0,-228.0,-84.0,-34.0,-12.0,70.0,76.0,-873.0,-377.0
1402,10.0,-226.0,-84.0,-38.0,-4.0,72.0,73.0,-872.0,-379.0
1403,8.0,-227.0,-85.0,-46.0,-1.0,74.0,64.0,-869.0,-375.0
1404,7.0,-223.0,-83.0,-58.0,3.0,75.0,55.0,-864.0,-373.0
1405,4.0,-225.0,-83.0,-74.0,5.0,74.0,55.0,-869.0,-372.0
1406,5.0,-229.0,-83.0,-88.0,8.0,75.0,48.0,-874.0,-369.0
1407,1.0,-229.0,-84.0,-101.0,11.0,75.0,43.0,-882.0,-362.0
1408,2.0,-234.0,-79.0,-116.0,18.0,73.0,37.0,-898.0,-366.0
1409,1.0,-236.0,-79.0,-129.0,21.0,70.0,41.0,-897.0,-358.0
1410,5.0,-236.0,-77.0,-141.0,25.0,63.0,44.0,-907.0,-348.0
1411,4.0,-239.0,-79.0,-158.0,30.0,58.0,51.0,-914.0,-347.0
1412,6.0,-239.0,-78.0,-172.0,37.0,51.0,52.0,-918.0,-340.0
1413,7.0,-241.0,-76.0,-182.0,48.0,43.0,55.0,-925.0,-338.0
1414,7.0,-245.0,-76.0,-188.0,56.0,33.0,54.0,-924.0,-341.0
1415,4.0,-240.0,-76.0,-197.0,63.0,24.0,52.0,-923.0,-340.0
1416,2.0,-239.0,-76.0,-206.0,67.0,16.0,44.0,-924.0,-345.0
1417,1.0,-240.0,-78.0,-214.0,69.0,7.0,32.0,-918.0,-343.0
1418,0.0,-242.0,-75.0,-224.0,70.0,-1.0,22.0,-920.0,-350.0
1419,-1.0,-240.0,-80.0,-238.0,66.0,-7.0,24.0,-917.0,-352.0
1420,-1.0,-243.0,-80.0,-251.0,59.0,-14.0,24.0,-917.0,-358.0
1421,-3.0,-242.0,-82.0,-262.0,51.0,-21.0,26.0,-919.0,-352.0
1422,0.0,-242.0,-80.0,-273.0,43.0,-29.0,35.0,-922.0,-356.0
1423,1.0,-238.0,-80.0,-279.0,39.0,-36.0,47.0,-923.0,-356.0
1424,5.0,-245.0,-80.0,-287.0,37.0,-46.0,52.0,-928.0,-352.0
1425,14.0,-251.0,-77.0,-294.0,35.0,-56.0,64.0,-932.0,-361.0
1426,10.0,-247.0,-81.0,-299.0,38.0,-68.0,72.0,-950.0,-347.0
1427,13.0,-248.0,-77.0,-301.0,42.0,-78.0,84.0,-950.0,-352.0
1428,19.0,-257.0,-80.0,-301.0,51.0,-85.0,89.0,-958.0,-352.0
1429,17.0,-251.0,-85.0,-299.0,63.0,-90.0,97.0,-966.0,-366.0
1430,19.0,-254.0,-82.0,-295.0,79.0,-91.0,102.0,-979.0,-374.0
1431,16.0,-258.0,-84.0,-290.0,95.0,-87.0,102.0,-993.0,-373.0
1432,14.0,-258.0,-86.0,-280.0,108.0,-80.0,95.0,-1007.0,-379.0
1433,13.0,-262.0,-83.0,-269.0,113.0,-72.0,93.0,-1007.0,-381.0
1434,15.0,-261.0,-83.0,-255.0,114.0,-62.0,102.0,-1017.0,-376.0
1435,13.0,-264.0,-80.0,-234.0,112.0,-53.0,95.0,-1021.0,-369.0
1436,11.0,-266.0,-83.0,-208.0,106.0,-43.0,87.0,-1024.0,-361.0
1437,9.0,-268.0,-78.0,-174.0,102.0,-29.0,85.0,-1020.0,-348.0
1438,9.0,-266.0,-76.0,-134.0,99.0,-17.0,68.0,-1020.0,-342.0
1439,2.0,-266.0,-75.0,-95.0,96.0,-5.0,53.0,-1025.0,-344.0
1440,0.0,-264.0,-73.0,-59.0,93.0,8.0,37.0,-1020.0,-337.0
1441,-3.0,-262.0,-75.0,-30.0,87.0,17.0,20.0,-1012.0,-336.0
1442,-7.0,-259.0,-72.0,-8.0,80.0,24.0,7.0,-1009.0,-329.0
1443,-10.0,-255.0,-73.0,9.0,69.0,30.0,-7.0,-991.0,-328.0
1444,-14.0,-251.0,-70.0,25.0,57.0,35.0,-14.0,-971.0,-330.0
1445,-20.0,-249.0,-73.0,37.0,41.0,39.0,-27.0,-960.0,-334.0
1446,-14.0,-248.0,-70.0,43.0,21.0,41.0,-38.0,-948.0,-334.0
1447,-14.0,-245.0,-72.0,43.0,-1.0,41.0,-36.0,-927.0,-346.0
1448,-16.0,-237.0,-80.0,34.0,-24.0,40.0,-31.0,-914.0,-351.0
1449,-19.0,-233.0,-84.0,17.0,-44.0,38.0,-35.0,-902.0,-369.0
1450,-19.0,-227.0,-84.0,-7.0,-65.0,30.0,-38.0,-874.0,-379.0
1451,-16.0,-223.0,-87.0,-26.0,-89.0,23.0,-43.0,-858.0,-384.0
1452,-19.0,-219.0,-86.0,-50.0,-115.0,19.0,-41.0,-847.0,-388.0
1453,-17.0,-214.0,-85.0,-77.0,-139.0,10.0,-38.0,-832.0,-397.0
1454,-18.0,-212.0,-92.0,-108.0,-169.0,3.0,-39.0,-824.0,-405.0
1455,-16.0,-210.0,-94.0,-140.0,-198.0,-4.0,-33.0,-816.0,-414.0
1456,-14.0,-212.0,-88.0,-173.0,-230.0,-13.0,-27.0,-814.0,-403.0
1457,-14.0,-210.0,-87.0,-202.0,-256.0,-24.0,-25.0,-814.0,-401.0
1458,-10.0,-212.0,-85.0,-229.0,-283.0,-37.0,-17.0,-816.0,-392.0
1459,-12.0,-213.0,-84.0,-251.0,-306.0,-55.0,-19.0,-821.0,-383.0
1460,-11.0,-220.0,-83.0,-273.0,-322.0,-71.0,-19.0,-839.0,-377.0
1461,-10.0,-224.0,-84.0,-290.0,-333.0,-89.0,-23.0,-862.0,-372.0
1462,-15.0,-227.0,-83.0,-307.0,-337.0,-105.0,-22.0,-886.0,-375.0
1463,-14.0,-235.0,-87.0,-326.0,-340.0,-121.0,-26.0,-912.0,-385.0
1464,-13.0,-246.0,-90.0,-343.0,-336.0,-134.0,-27.0,-943.0,-405.0
1465,-13.0,-253.0,-97.0,-372.0,-332.0,-140.0,-27.0,-974.0,-426.0
1466,-12.0,-263.0,-98.0,-403.0,-320.0,-142.0,-17.0,-1022.0,-447.0
1467,-11.0,-277.0,-103.0,-435.0,-304.0,-139.0,-9.0,-1057.0,-453.0
1468,-6.0,-286.0,-91.0,-449.0,-284.0,-133.0,-3.0,-1095.0,-431.0
1469,-3.0,-295.0,-82.0,-429.0,-261.0,-124.0,10.0,-1124.0,-418.0
1470,-4.0,-300.0,-88.0,-380.0,-241.0,-108.0,20.0,-1149.0,-399.0
1471,-1.0,-303.0,-85.0,-321.0,-223.0,-86.0,37.0,-1156.0,-390.0
1472,4.0,-298.0,-87.0,-266.0,-210.0,-61.0,38.0,-1139.0,-385.0
1473,6.0,-294.0,-83.0,-219.0,-196.0,-34.0,56.0,-1125.0,-377.0
1474,6.0,-284.0,-82.0,-179.0,-180.0,-5.0,63.0,-1091.0,-367.0
1475,12.0,-280.0,-80.0,-146.0,-165.0,28.0,74.0,-1066.0,-357.0
1476,15.0,-268.0,-81.0,-116.0,-143.0,58.0,85.0,-1044.0,-355.0
1477,13.0,-262.0,-79.0,-91.0,-117.0,90.0,80.0,-1016.0,-364.0
1478,16.0,-256.0,-81.0,-77.0,-94.0,118.0,84.0,-992.0,-365.0
1479,13.0,-249.0,-84.0,-75.0,-73.0,140.0,80.0,-970.0,-371.0
1480,8.0,-247.0,-83.0,-83.0,-53.0,160.0,64.0,-943.0,-375.0
1481,4.0,-245.0,-81.0,-97.0,-40.0,178.0,56.0,-936.0,-368.0
1482,2.0,-245.0,-82.0,-105.0,-28.0,200.0,38.0,-930.0,-357.0
1483,0.0,-242.0,-85.0,-103.0,-20.0,221.0,33.0,-928.0,-383.0
1484,0.0,-240.0,-85.0,-98.0,-14.0,239.0,21.0,-918.0,-384.0
1485,0.0,-238.0,-84.0,-94.0,-10.0,249.0,20.0,-915.0,-380.0
1486,-4.0,-235.0,-84.0,-97.0,-5.0,259.0,10.0,-905.0,-388.0
1487,-2.0,-237.0,-83.0,-111.0,-8.0,268.0,2.0,-912.0,-375.0
1488,-6.0,-237.0,-82.0,-125.0,-17.0,277.0,0.0,-912.0,-358.0
1489,-7.0,-238.0,-71.0,-128.0,-24.0,281.0,4.0,-911.0,-333.0
1490,-8.0,-241.0,-71.0,-122.0,-25.0,282.0,-5.0,-915.0,-310.0
1491,-14.0,-239.0,-63.0,-115.0,-21.0,281.0,-16.0,-925.0,-292.0
1492,-10.0,-243.0,-66.0,-106.0,-17.0,283.0,-15.0,-928.0,-281.0
1493,-8.0,-246.0,-61.0,-103.0,-11.0,287.0,-17.0,-931.0,-277.0
1494,-10.0,-247.0,-56.0,-102.0,-5.0,290.0,-13.0,-940.0,-267.0
1495,-11.0,-251.0,-53.0,-99.0,3.0,291.0,-18.0,-959.0,-254.0
1496,-8.0,-252.0,-54.0,-91.0,12.0,293.0,-12.0,-975.0,-242.0
1497,-10.0,-253.0,-47.0,-82.0,27.0,297.0,-1.0,-986.0,-238.0
1498,-7.0,-257.0,-51.0,-72.0,45.0,297.0,8.0,-1007.0,-235.0
1499,-4.0,-260.0,-48.0,-71.0,65.0,294.0,13.0,-1014.0,-234.0
1500,0.0,-263.0,-48.0,-74.0,79.0,291.0,19.0,-1019.0,-227.0
1501,-6.0,-265.0,-45.0,-77.0,90.0,292.0,11.0,-1030.0,-223.0
1502,-5.0,-267.0,-46.0,-73.0,90.0,295.0,14.0,-1028.0,-221.0
1503,-4.0,-268.0,-47.0,-61.0,87.0,297.0,12.0,-1031.0,-219.0
1504,-9.0,-262.0,-46.0,-42.0,83.0,302.0,10.0,-1024.0,-218.0
1505,-7.0,-262.0,-46.0,-9.0,81.0,307.0,1.0,-1019.0,-211.0
1506,-9.0,-260.0,-46.0,30.0,74.0,313.0,9.0,-1014.0,-213.0
1507,-5.0,-257.0,-48.0,70.0,74.0,320.0,13.0,-986.0,-218.0
1508,0.0,-252.0,-48.0,102.0,76.0,324.0,26.0,-975.0,-232.0
1509,1.0,-249.0,-53.0,122.0,82.0,326.0,41.0,-957.0,-236.0
1510,6.0,-245.0,-53.0,134.0,92.0,323.0,50.0,-938.0,-249.0
1511,13.0,-239.0,-57.0,138.0,100.0,317.0,65.0,-917.0,-264.0
1512,17.0,-231.0,-66.0,136.0,112.0,305.0,92.0,-905.0,-284.0
1513,17.0,-227.0,-67.0,126.0,131.0,292.0,105.0,-877.0,-307.0
1514,22.0,-223.0,-69.0,114.0,158.0,280.0,112.0,-854.0,-321.0
1515,25.0,-214.0,-76.0,105.0,188.0,271.0,123.0,-818.0,-333.0
1516,26.0,-205.0,-77.0,97.0,220.0,260.0,135.0,-782.0,-348.0
1517,29.0,-191.0,-82.0,85.0,255.0,249.0,138.0,-731.0,-357.0
1518,27.0,-181.0,-85.0,75.0,296.0,243.0,134.0,-692.0,-376.0
1519,28.0,-171.0,-93.0,64.0,336.0,241.0,128.0,-652.0,-412.0
1520,27.0,-161.0,-100.0,50.0,382.0,245.0,121.0,-610.0,-462.0
1521,22.0,-149.0,-112.0,22.0,440.0,251.0,104.0,-566.0,-503.0
1522,21.0,-136.0,-122.0,-11.0,505.0,261.0,93.0,-527.0,-535.0
1523,17.0,-126.0,-122.0,-32.0,573.0,275.0,82.0,-481.0,-534.0
1524,15.0,-118.0,-119.0,-27.0,636.0,292.0,66.0,-430.0,-523.0
1525,7.0,-108.0,-111.0,3.0,689.0,311.0,48.0,-406.0,-501.0
1526,0.0,-99.0,-105.0,37.0,733.0,321.0,20.0,-365.0,-469.0
1527,-14.0,-93.0,-112.0,60.0,765.0,330.0,-22.0,-357.0,-476.0
1528,-29.0,-96.0,-128.0,29.0,775.0,335.0,-91.0,-379.0,-546.0
1529,-42.0,-109.0,-154.0,-95.0,751.0,336.0,-152.0,-433.0,-638.0
1530,-58.0,-127.0,-178.0,-306.0,692.0,323.0,-208.0,-518.0,-748.0
1531,-66.0,-160.0,-200.0,-552.0,620.0,310.0,-248.0,-638.0,-842.0
1532,-73.0,-199.0,-204.0,-771.0,567.0,310.0,-267.0,-775.0,-868.0
1533,-78.0,-245.0,-188.0,-895.0,562.0,329.0,-280.0,-924.0,-808.0
1534,-85.0,-298.0,-152.0,-881.0,584.0,362.0,-305.0,-1095.0,-674.0
1535,-91.0,-331.0,-108.0,-733.0,584.0,393.0,-321.0,-1234.0,-488.0
1536,-96.0,-355.0,-63.0,-500.0,531.0,410.0,-326.0,-1348.0,-322.0
1537,-85.0,-369.0,-30.0,-249.0,430.0,406.0,-282.0,-1402.0,-190.0
1538,-69.0,-368.0,-19.0,-21.0,305.0,365.0,-234.0,-1400.0,-126.0
1539,-57.0,-350.0,-28.0,165.0,192.0,313.0,-163.0,-1343.0,-148.0
1540,-43.0,-325.0,-49.0,301.0,90.0,270.0,-107.0,-1251.0,-235.0
1541,-29.0,-293.0,-74.0,373.0,-10.0,235.0,-62.0,-1135.0,-338.0
1542,-12.0,-269.0,-101.0,386.0,-105.0,202.0,-8.0,-1028.0,-447.0
1543,0.0,-244.0,-120.0,343.0,-181.0,170.0,31.0,-934.0,-515.0
1544,5.0,-225.0,-121.0,272.0,-238.0,125.0,46.0,-861.0,-542.0
1545,9.0,-211.0,-122.0,217.0,-265.0,71.0,61.0,-814.0,-538.0
1546,6.0,-203.0,-115.0,177.0,-263.0,14.0,58.0,-789.0,-513.0
1547,5.0,-204.0,-107.0,134.0,-247.0,-30.0,54.0,-790.0,-486.0
1548,3.0,-206.0,-98.0,90.0,-228.0,-63.0,34.0,-808.0,-447.0
1549,7.0,-214.0,-83.0,28.0,-205.0,-98.0,50.0,-828.0,-374.0
1550,8.0,-221.0,-74.0,-18.0,-172.0,-130.0,45.0,-850.0,-316.0
1551,13.0,-230.0,-53.0,-50.0,-116.0,-154.0,66.0,-875.0,-258.0
1552,16.0,-230.0,-39.0,-72.0,-40.0,-168.0,92.0,-889.0,-198.0
1553,24.0,-236.0,-22.0,-97.0,51.0,-178.0,113.0,-908.0,-127.0
1554,29.0,-238.0,-10.0,-124.0,144.0,-181.0,140.0,-912.0,-83.0
1555,42.0,-241.0,1.0,-152.0,237.0,-185.0,176.0,-918.0,-46.0
1556,47.0,-237.0,-10.0,-185.0,332.0,-187.0,198.0,-917.0,-53.0
1557,46.0,-241.0,-17.0,-250.0,414.0,-179.0,213.0,-933.0,-83.0
1558,46.0,-248.0,-22.0,-350.0,480.0,-156.0,211.0,-968.0,-129.0
1559,45.0,-263.0,-36.0,-471.0,524.0,-129.0,201.0,-1020.0,-175.0
1560,37.0,-277.0,-46.0,-578.0,556.0,-92.0,174.0,-1075.0,-217.0
1561,29.0,-296.0,-51.0,-647.0,588.0,-49.0,144.0,-1150.0,-243.0
1562,25.0,-316.0,-51.0,-677.0,623.0,1.0,121.0,-1214.0,-238.0
1563,14.0,-326.0,-46.0,-670.0,652.0,37.0,104.0,-1258.0,-217.0
1564,8.0,-336.0,-38.0,-620.0,670.0,64.0,72.0,-1285.0,-199.0
1565,1.0,-339.0,-37.0,-536.0,673.0,85.0,46.0,-1313.0,-189.0
1566,-1.0,-341.0,-33.0,-442.0,658.0,104.0,26.0,-1327.0,-178.0
1567,-9.0,-345.0,-35.0,-346.0,632.0,115.0,11.0,-1332.0,-181.0
1568,-14.0,-346.0,-34.0,-267.0,600.0,117.0,-8.0,-1337.0,-177.0
1569,-15.0,-347.0,-34.0,-205.0,576.0,113.0,-19.0,-1336.0,-162.0
1570,-20.0,-347.0,-22.0,-149.0,561.0,103.0,-34.0,-1336.0,-141.0
1571,-15.0,-350.0,-20.0,-96.0,550.0,96.0,-29.0,-1353.0,-113.0
1572,-14.0,-351.0,-11.0,-54.0,536.0,78.0,-20.0,-1360.0,-85.0
1573,-15.0,-354.0,-7.0,-18.0,518.0,56.0,-15.0,-1361.0,-65.0
1574,-15.0,-351.0,-2.0,21.0,497.0,37.0,-24.0,-1356.0,-43.0
1575,-17.0,-347.0,6.0,70.0,478.0,20.0,-28.0,-1340.0,-15.0
1576,-21.0,-339.0,10.0,137.0,463.0,11.0,-44.0,-1316.0,14.0
1577,-19.0,-327.0,5.0,213.0,450.0,6.0,-63.0,-1275.0,22.0
1578,-29.0,-313.0,9.0,283.0,442.0,1.0,-74.0,-1220.0,17.0
1579,-34.0,-299.0,11.0,328.0,433.0,-2.0,-94.0,-1170.0,5.0
1580,-36.0,-281.0,1.0,349.0,419.0,-5.0,-107.0,-1103.0,-13.0
1581,-39.0,-259.0,-3.0,343.0,404.0,-12.0,-119.0,-1024.0,-34.0
1582,-45.0,-243.0,-14.0,320.0,388.0,-22.0,-142.0,-938.0,-84.0
1583,-47.0,-224.0,-18.0,288.0,366.0,-26.0,-162.0,-861.0,-115.0
1584,-52.0,-204.0,-21.0,262.0,327.0,-27.0,-163.0,-798.0,-126.0
1585,-51.0,-191.0,-27.0,244.0,255.0,-27.0,-171.0,-737.0,-151.0
1586,-54.0,-174.0,-41.0,230.0,162.0,-23.0,-167.0,-675.0,-192.0
1587,-54.0,-156.0,-55.0,201.0,67.0,-20.0,-181.0,-604.0,-244.0
1588,-56.0,-137.0,-66.0,147.0,-32.0,-19.0,-189.0,-541.0,-310.0
1589,-57.0,-121.0,-82.0,76.0,-125.0,-13.0,-193.0,-473.0,-351.0
1590,-58.0,-103.0,-87.0,10.0,-219.0,2.0,-197.0,-418.0,-380.0
1591,-59.0,-89.0,-91.0,-36.0,-320.0,15.0,-196.0,-358.0,-412.0
1592,-51.0,-74.0,-96.0,-62.0,-438.0,21.0,-175.0,-296.0,-430.0
1593,-48.0,-55.0,-102.0,-80.0,-563.0,14.0,-159.0,-229.0,-449.0
1594,-41.0,-33.0,-103.0,-100.0,-679.0,8.0,-144.0,-138.0,-444.0
1595,-42.0,-14.0,-92.0,-153.0,-777.0,17.0,-147.0,-65.0,-419.0
1596,-40.0,8.0,-82.0,-248.0,-856.0,43.0,-144.0,8.0,-355.0
1597,-30.0,22.0,-66.0,-330.0,-918.0,76.0,-116.0,84.0,-310.0
1598,-7.0,48.0,-66.0,-418.0,-965.0,107.0,-45.0,153.0,-280.0
1599,11.0,47.0,-55.0,-473.0,-987.0,137.0,42.0,201.0,-264.0
1600,34.0,50.0,-55.0,-484.0,-977.0,164.0,116.0,233.0,-246.0
1601,49.0,54.0,-43.0,-436.0,-932.0,181.0,180.0,250.0,-209.0
1602,62.0,51.0,-36.0,-337.0,-854.0,182.0,222.0,242.0,-176.0
1603,63.0,50.0,-29.0,-213.0,-734.0,171.0,238.0,231.0,-143.0
1604,67.0,47.0,-21.0,-86.0,-586.0,145.0,248.0,209.0,-114.0
1605,66.0,40.0,-13.0,17.0,-419.0,95.0,232.0,187.0,-82.0
1606,55.0,38.0,-14.0,97.0,-241.0,40.0,201.0,171.0,-73.0
1607,42.0,33.0,-20.0,143.0,-72.0,-5.0,137.0,147.0,-100.0
1608,21.0,31.0,-32.0,145.0,70.0,-37.0,78.0,128.0,-158.0
1609,2.0,24.0,-61.0,113.0,171.0,-61.0,4.0,105.0,-268.0
1610,-10.0,22.0,-83.0,76.0,223.0,-60.0,-41.0,112.0,-376.0
1611,-13.0,23.0,-121.0,61.0,251.0,-30.0,-55.0,106.0,-510.0
1612,-10.0,25.0,-159.0,25.0,261.0,9.0,-36.0,110.0,-652.0
1613,0.0,15.0,-162.0,-47.0,244.0,44.0,2.0,82.0,-694.0
1614,5.0,9.0,-161.0,-106.0,186.0,72.0,31.0,50.0,-681.0
1615,16.0,-3.0,-165.0,-158.0,69.0,81.0,78.0,8.0,-697.0
1616,16.0,-29.0,-153.0,-225.0,-70.0,62.0,88.0,-76.0,-658.0
1617,13.0,-53.0,-141.0,-260.0,-191.0,40.0,65.0,-175.0,-600.0
1618,20.0,-70.0,-129.0,-263.0,-264.0,25.0,92.0,-254.0,-561.0
1619,25.0,-100.0,-126.0,-244.0,-263.0,13.0,88.0,-337.0,-550.0
1620,23.0,-119.0,-123.0,-221.0,-185.0,18.0,84.0,-444.0,-544.0
1621,16.0,-150.0,-125.0,-217.0,-64.0,36.0,59.0,-560.0,-548.0
1622,12.0,-195.0,-121.0,-218.0,70.0,49.0,49.0,-709.0,-528.0
1623,15.0,-236.0,-133.0,-168.0,224.0,57.0,45.0,-879.0,-556.0
1624,36.0,-255.0,-240.0,-167.0,410.0,66.0,136.0,-1033.0,-904.0
1625,61.0,-282.0,-422.0,-491.0,586.0,56.0,227.0,-1155.0,-1614.0
1626,82.0,-358.0,-524.0,-1141.0,743.0,30.0,310.0,-1378.0,-2178.0
1627,79.0,-495.0,-330.0,-1656.0,1020.0,-47.0,277.0,-1893.0,-1344.0
1628,33.0,-640.0,-8.0,-1573.0,1403.0,-195.0,176.0,-2397.0,-38.0
1629,-10.0,-743.0,181.0,-982.0,1590.0,-374.0,48.0,-2849.0,675.0
1630,-38.0,-798.0,218.0,-410.0,1574.0,-529.0,-66.0,-3129.0,850.0
1631,-63.0,-828.0,227.0,-132.0,1548.0,-616.0,-156.0,-3240.0,876.0
1632,-105.0,-830.0,238.0,21.0,1473.0,-618.0,-277.0,-3220.0,912.0
1633,-142.0,-801.0,202.0,302.0,1287.0,-511.0,-438.0,-3088.0,774.0
1634,-168.0,-740.0,93.0,762.0,1073.0,-319.0,-554.0,-2829.0,345.0
1635,-172.0,-632.0,-92.0,1245.0,910.0,-84.0,-595.0,-2530.0,-253.0
1636,-154.0,-545.0,-185.0,1556.0,776.0,130.0,-556.0,-2221.0,-713.0
1637,-125.0,-465.0,-184.0,1647.0,614.0,285.0,-461.0,-1909.0,-803.0
1638,-102.0,-389.0,-136.0,1601.0,415.0,387.0,-335.0,-1548.0,-602.0
1639,-82.0,-332.0,-86.0,1468.0,201.0,457.0,-266.0,-1343.0,-393.0
1640,-91.0,-284.0,-67.0,1255.0,22.0,476.0,-325.0,-1157.0,-296.0
1641,-100.0,-246.0,-61.0,970.0,-87.0,467.0,-356.0,-1034.0,-306.0
1642,-87.0,-227.0,-63.0,618.0,-153.0,408.0,-329.0,-932.0,-283.0
1643,-68.0,-227.0,-68.0,330.0,-165.0,279.0,-249.0,-903.0,-294.0
1644,-63.0,-223.0,-67.0,136.0,-173.0,85.0,-215.0,-871.0,-294.0
1645,-45.0,-220.0,-63.0,53.0,-200.0,-106.0,-162.0,-834.0,-286.0
1646,-24.0,-203.0,-99.0,62.0,-198.0,-268.0,-93.0,-786.0,-399.0
1647,-13.0,-184.0,-145.0,133.0,-149.0,-400.0,-55.0,-702.0,-579.0
1648,-5.0,-163.0,-176.0,201.0,-30.0,-478.0,-42.0,-616.0,-767.0
1649,2.0,-141.0,-191.0,275.0,131.0,-484.0,-7.0,-494.0,-822.0
1650,1.0,-115.0,-211.0,361.0,277.0,-443.0,23.0,-421.0,-897.0
1651,2.0,-95.0,-224.0,398.0,350.0,-374.0,27.0,-355.0,-956.0
1652,1.0,-82.0,-225.0,376.0,352.0,-269.0,12.0,-302.0,-970.0
1653,0.0,-70.0,-225.0,350.0,333.0,-138.0,13.0,-257.0,-949.0
1654,0.0,-62.0,-206.0,350.0,341.0,-7.0,-3.0,-225.0,-875.0
1655,1.0,-56.0,-182.0,371.0,390.0,107.0,2.0,-196.0,-771.0
1656,5.0,-50.0,-171.0,372.0,424.0,191.0,31.0,-183.0,-731.0
1657,-3.0,-39.0,-157.0,282.0,395.0,211.0,12.0,-166.0,-694.0
1658,-23.0,-35.0,-147.0,138.0,330.0,173.0,-51.0,-137.0,-643.0
1659,-48.0,-40.0,-123.0,32.0,284.0,104.0,-157.0,-147.0,-552.0
1660,-47.0,-50.0,-89.0,-32.0,258.0,40.0,-172.0,-193.0,-416.0
1661,-20.0,-74.0,-61.0,-79.0,185.0,-12.0,-39.0,-280.0,-293.0
1662,15.0,-99.0,-43.0,-123.0,29.0,-66.0,93.0,-363.0,-213.0
1663,26.0,-116.0,-78.0,-139.0,-174.0,-132.0,154.0,-419.0,-324.0
1664,51.0,-113.0,-164.0,-183.0,-398.0,-179.0,229.0,-447.0,-657.0
1665,56.0,-104.0,-321.0,-348.0,-575.0,-239.0,246.0,-434.0,-1239.0
1666,61.0,-101.0,-503.0,-710.0,-680.0,-288.0,246.0,-426.0,-1994.0
1667,51.0,-143.0,-595.0,-1199.0,-705.0,-310.0,197.0,-524.0,-2476.0
1668,31.0,-234.0,-455.0,-1529.0,-622.0,-287.0,124.0,-788.0,-2080.0
1669,6.0,-348.0,-174.0,-1421.0,-481.0,-211.0,68.0,-1194.0,-982.0
1670,-29.0,-439.0,55.0,-996.0,-425.0,-133.0,-2.0,-1624.0,192.0
1671,-45.0,-508.0,118.0,-695.0,-522.0,-54.0,-89.0,-2026.0,438.0
1672,-22.0,-559.0,92.0,-699.0,-599.0,51.0,-45.0,-2218.0,343.0
1673,0.0,-602.0,66.0,-771.0,-506.0,178.0,31.0,-2313.0,219.0
1674,33.0,-621.0,13.0,-602.0,-275.0,286.0,163.0,-2346.0,3.0
1675,59.0,-600.0,-58.0,-189.0,6.0,314.0,254.0,-2263.0,-260.0
1676,75.0,-552.0,-104.0,258.0,290.0,269.0,326.0,-2109.0,-472.0
1677,104.0,-505.0,-116.0,500.0,504.0,203.0,430.0,-1981.0,-505.0
1678,112.0,-475.0,-79.0,493.0,623.0,93.0,495.0,-1857.0,-364.0
1679,74.0,-451.0,-33.0,370.0,639.0,-54.0,399.0,-1781.0,-205.0
1680,33.0,-440.0,-25.0,242.0,587.0,-169.0,235.0,-1729.0,-137.0
1681,1.0,-425.0,-38.0,132.0,503.0,-214.0,96.0,-1670.0,-183.0
1682,-24.0,-413.0,-44.0,57.0,440.0,-193.0,-59.0,-1600.0,-205.0
1683,-52.0,-398.0,-50.0,53.0,447.0,-103.0,-175.0,-1549.0,-228.0
1684,-55.0,-395.0,-48.0,83.0,505.0,50.0,-178.0,-1537.0,-224.0
1685,-43.0,-397.0,-35.0,97.0,558.0,198.0,-130.0,-1536.0,-206.0
1686,-22.0,-402.0,-30.0,87.0,546.0,329.0,-36.0,-1554.0,-159.0
1687,-2.0,-408.0,-16.0,93.0,445.0,411.0,46.0,-1569.0,-92.0
1688,13.0,-406.0,-16.0,164.0,304.0,450.0,104.0,-1556.0,-84.0
1689,18.0,-390.0,-27.0,284.0,182.0,453.0,131.0,-1510.0,-131.0
1690,24.0,-370.0,-41.0,404.0,116.0,432.0,137.0,-1422.0,-200.0
1691,19.0,-339.0,-63.0,505.0,103.0,377.0,116.0,-1314.0,-281.0
1692,11.0,-302.0,-82.0,577.0,110.0,298.0,87.0,-1182.0,-376.0
1693,-4.0,-268.0,-103.0,609.0,105.0,205.0,14.0,-1034.0,-448.0
1694,-18.0,-240.0,-115.0,598.0,84.0,112.0,-37.0,-912.0,-505.0
1695,-26.0,-211.0,-117.0,550.0,48.0,23.0,-72.0,-809.0,-512.0
1696,-31.0,-187.0,-126.0,509.0,5.0,-52.0,-88.0,-712.0,-544.0
1697,-30.0,-163.0,-127.0,492.0,-65.0,-121.0,-86.0,-607.0,-557.0
1698,-37.0,-133.0,-132.0,493.0,-163.0,-166.0,-109.0,-505.0,-558.0
1699,-44.0,-107.0,-128.0,510.0,-287.0,-199.0,-140.0,-407.0,-559.0
1700,-52.0,-81.0,-118.0,531.0,-428.0,-199.0,-184.0,-296.0,-520.0
1701,-47.0,-50.0,-101.0,564.0,-551.0,-166.0,-169.0,-175.0,-440.0
1702,-37.0,-5.0,-63.0,618.0,-628.0,-117.0,-143.0,-49.0,-332.0
1703,-27.0,21.0,-47.0,662.0,-673.0,-67.0,-107.0,60.0,-221.0
1704,-29.0,51.0,-35.0,664.0,-717.0,-26.0,-100.0,195.0,-153.0
1705,-25.0,75.0,-20.0,619.0,-785.0,11.0,-98.0,281.0,-113.0
1706,-22.0,90.0,-17.0,548.0,-861.0,39.0,-71.0,356.0,-106.0
1707,-5.0,109.0,-27.0,465.0,-912.0,45.0,-33.0,425.0,-128.0
1708,4.0,132.0,-51.0,372.0,-910.0,32.0,5.0,487.0,-213.0
1709,32.0,138.0,-77.0,273.0,-843.0,32.0,99.0,527.0,-322.0
1710,67.0,146.0,-111.0,152.0,-724.0,38.0,226.0,553.0,-442.0
1711,95.0,137.0,-149.0,-27.0,-612.0,37.0,340.0,528.0,-593.0
1712,88.0,112.0,-162.0,-254.0,-502.0,3.0,333.0,459.0,-686.0
1713,80.0,72.0,-166.0,-411.0,-355.0,-34.0,290.0,337.0,-705.0
1714,65.0,33.0,-192.0,-428.0,-152.0,-71.0,223.0,192.0,-811.0
1715,34.0,2.0,-222.0,-393.0,99.0,-100.0,110.0,4.0,-961.0
1716,9.0,-37.0,-245.0,-415.0,353.0,-125.0,13.0,-167.0,-1033.0
1717,-19.0,-92.0,-257.0,-503.0,542.0,-158.0,-79.0,-329.0,-1045.0
1718,-39.0,-128.0,-236.0,-592.0,625.0,-193.0,-146.0,-486.0,-998.0
1719,-40.0,-169.0,-248.0,-651.0,622.0,-218.0,-139.0,-658.0,-1051.0
1720,-31.0,-214.0,-253.0,-744.0,573.0,-225.0,-84.0,-830.0,-1077.0
1721,-5.0,-275.0,-244.0,-860.0,527.0,-230.0,3.0,-1057.0,-1033.0
1722,5.0,-344.0,-175.0,-946.0,499.0,-255.0,56.0,-1311.0,-772.0
1723,2.0,-418.0,-64.0,-916.0,509.0,-300.0,39.0,-1570.0,-334.0
1724,-22.0,-480.0,32.0,-745.0,533.0,-335.0,-32.0,-1842.0,66.0
1725,-41.0,-551.0,94.0,-558.0,529.0,-337.0,-81.0,-2084.0,325.0
1726,-39.0,-589.0,87.0,-440.0,519.0,-287.0,-102.0,-2287.0,330.0
1727,-40.0,-608.0,55.0,-382.0,521.0,-196.0,-91.0,-2373.0,207.0
1728,-40.0,-615.0,7.0,-333.0,509.0,-92.0,-86.0,-2386.0,15.0
1729,-44.0,-606.0,-47.0,-251.0,474.0,-12.0,-99.0,-2330.0,-213.0
1730,-59.0,-585.0,-69.0,-99.0,440.0,54.0,-155.0,-2253.0,-309.0
1731,-70.0,-560.0,-60.0,151.0,419.0,130.0,-219.0,-2152.0,-293.0
1732,-72.0,-517.0,-36.0,430.0,422.0,213.0,-234.0,-2017.0,-204.0
1733,-61.0,-471.0,-27.0,627.0,431.0,294.0,-193.0,-1859.0,-142.0
1734,-43.0,-429.0,-22.0,668.0,415.0,347.0,-125.0,-1700.0,-130.0
1735,-32.0,-389.0,-21.0,584.0,377.0,361.0,-83.0,-1554.0,-130.0
1736,-25.0,-363.0,-29.0,464.0,317.0,364.0,-52.0,-1439.0,-161.0
1737,-10.0,-343.0,-42.0,366.0,249.0,351.0,9.0,-1334.0,-195.0
1738,-2.0,-320.0,-56.0,294.0,204.0,307.0,22.0,-1250.0,-261.0
1739,-8.0,-304.0,-78.0,210.0,181.0,228.0,-10.0,-1180.0,-344.0
1740,-24.0,-283.0,-99.0,92.0,181.0,129.0,-71.0,-1111.0,-432.0
1741,-33.0,-263.0,-113.0,-54.0,200.0,30.0,-97.0,-1029.0,-490.0
1742,-50.0,-248.0,-123.0,-161.0,227.0,-56.0,-175.0,-956.0,-536.0
1743,-53.0,-230.0,-136.0,-249.0,244.0,-102.0,-187.0,-887.0,-587.0
1744,-55.0,-215.0,-176.0,-283.0,258.0,-127.0,-211.0,-829.0,-734.0
1745,-59.0,-196.0,-209.0,-308.0,285.0,-125.0,-229.0,-749.0,-875.0
1746,-57.0,-179.0,-232.0,-310.0,335.0,-98.0,-219.0,-687.0,-974.0
1747,-39.0,-162.0,-239.0,-267.0,406.0,-38.0,-159.0,-614.0,-1005.0
1748,-24.0,-149.0,-227.0,-174.0,470.0,27.0,-88.0,-533.0,-991.0
1749,-18.0,-131.0,-203.0,-67.0,488.0,93.0,-49.0,-476.0,-897.0
1750,0.0,-117.0,-163.0,49.0,470.0,151.0,4.0,-426.0,-744.0
1751,6.0,-105.0,-131.0,166.0,444.0,193.0,39.0,-376.0,-583.0
1752,18.0,-93.0,-94.0,273.0,417.0,213.0,83.0,-334.0,-443.0
1753,22.0,-80.0,-68.0,371.0,408.0,224.0,97.0,-291.0,-322.0
1754,21.0,-66.0,-42.0,453.0,435.0,220.0,89.0,-246.0,-213.0
1755,11.0,-55.0,-40.0,486.0,478.0,191.0,71.0,-211.0,-183.0
1756,-5.0,-41.0,-38.0,456.0,504.0,124.0,1.0,-166.0,-184.0
1757,-40.0,-25.0,-50.0,369.0,507.0,40.0,-123.0,-114.0,-206.0
1758,-50.0,-10.0,-44.0,229.0,501.0,-37.0,-186.0,-59.0,-200.0
1759,-31.0,-8.0,-39.0,72.0,474.0,-73.0,-88.0,-39.0,-183.0
1760,3.0,-19.0,-39.0,-70.0,410.0,-83.0,62.0,-75.0,-186.0
1761,32.0,-29.0,-59.0,-178.0,287.0,-103.0,168.0,-102.0,-283.0
1762,39.0,-34.0,-115.0,-261.0,101.0,-134.0,206.0,-122.0,-507.0
1763,36.0,-33.0,-192.0,-344.0,-111.0,-166.0,169.0,-119.0,-831.0
1764,33.0,-45.0,-268.0,-444.0,-257.0,-179.0,132.0,-160.0,-1126.0
1765,22.0,-58.0,-315.0,-539.0,-266.0,-180.0,69.0,-206.0,-1307.0
1766,2.0,-66.0,-368.0,-602.0,-165.0,-177.0,6.0,-252.0,-1516.0
1767,-20.0,-80.0,-493.0,-768.0,-46.0,-178.0,-85.0,-344.0,-2024.0
1768,-61.0,-119.0,-549.0,-1222.0,14.0,-205.0,-227.0,-518.0,-2305.0
1769,-119.0,-224.0,-373.0,-1767.0,80.0,-214.0,-435.0,-846.0,-1395.0
1770,-184.0,-420.0,8.0,-1955.0,118.0,-89.0,-655.0,-1521.0,-134.0
1771,-173.0,-559.0,122.0,-1662.0,52.0,185.0,-604.0,-2121.0,442.0
1772,-125.0,-671.0,104.0,-1320.0,-41.0,483.0,-419.0,-2602.0,400.0
1773,-45.0,-751.0,45.0,-1210.0,-145.0,684.0,-100.0,-2919.0,171.0
1774,45.0,-786.0,-21.0,-1189.0,-344.0,729.0,273.0,-3034.0,-94.0
1775,129.0,-796.0,-82.0,-1043.0,-591.0,660.0,548.0,-3019.0,-342.0
1776,202.0,-791.0,-115.0,-666.0,-637.0,534.0,776.0,-2971.0,-516.0
1777,260.0,-775.0,-139.0,-102.0,-353.0,385.0,986.0,-2912.0,-619.0
1778,266.0,-739.0,-148.0,495.0,129.0,213.0,1065.0,-2816.0,-652.0
1779,207.0,-691.0,-128.0,982.0,579.0,42.0,901.0,-2665.0,-604.0
1780,144.0,-635.0,-94.0,1291.0,837.0,-85.0,674.0,-2486.0,-429.0
1781,94.0,-573.0,-56.0,1453.0,903.0,-189.0,427.0,-2209.0,-250.0
1782,33.0,-515.0,-27.0,1553.0,855.0,-279.0,189.0,-1978.0,-162.0
1783,-23.0,-457.0,-40.0,1612.0,765.0,-305.0,-33.0,-1767.0,-193.0
1784,-58.0,-405.0,-64.0,1634.0,704.0,-282.0,-186.0,-1570.0,-290.0
1785,-100.0,-345.0,-89.0,1627.0,663.0,-247.0,-348.0,-1347.0,-389.0
1786,-113.0,-282.0,-108.0,1603.0,622.0,-185.0,-404.0,-1117.0,-460.0
1787,-110.0,-225.0,-124.0,1570.0,583.0,-114.0,-396.0,-892.0,-543.0
1788,-103.0,-183.0,-138.0,1475.0,527.0,-36.0,-363.0,-722.0,-573.0
1789,-88.0,-152.0,-127.0,1375.0,425.0,27.0,-320.0,-589.0,-548.0
1790,-70.0,-121.0,-120.0,1275.0,264.0,51.0,-239.0,-476.0,-517.0
1791,-60.0,-89.0,-128.0,1194.0,60.0,45.0,-194.0,-365.0,-557.0
1792,-37.0,-58.0,-144.0,1050.0,-105.0,9.0,-122.0,-255.0,-607.0
1793,-27.0,-32.0,-147.0,803.0,-285.0,-60.0,-86.0,-172.0,-629.0
1794,-16.0,-19.0,-132.0,476.0,-443.0,-124.0,-53.0,-101.0,-567.0
1795,-14.0,-18.0,-101.0,176.0,-558.0,-193.0,-50.0,-61.0,-457.0
1796,-20.0,-21.0,-71.0,-15.0,-622.0,-230.0,-60.0,-57.0,-337.0
1797,-23.0,-25.0,-47.0,-73.0,-662.0,-223.0,-75.0,-68.0,-229.0
1798,-26.0,-25.0,-25.0,-22.0,-696.0,-188.0,-84.0,-72.0,-157.0
1799,-28.0,-20.0,-19.0,91.0,-733.0,-135.0,-83.0,-57.0,-118.0
1800,-22.0,-5.0,-12.0,210.0,-773.0,-75.0,-77.0,-23.0,-83.0
1801,-23.0,4.0,-10.0,312.0,-803.0,-6.0,-84.0,29.0,-71.0
1802,-25.0,20.0,-4.0,381.0,-815.0,67.0,-83.0,72.0,-60.0
1803,-15.0,25.0,-7.0,416.0,-805.0,145.0,-59.0,124.0,-56.0
1804,-5.0,37.0,-5.0,405.0,-769.0,216.0,-19.0,142.0,-45.0
1805,12.0,40.0,-2.0,352.0,-700.0,250.0,50.0,167.0,-39.0
1806,28.0,48.0,-2.0,261.0,-603.0,242.0,97.0,192.0,-36.0
1807,49.0,54.0,-6.0,147.0,-487.0,220.0,169.0,212.0,-53.0
1808,69.0,61.0,-26.0,19.0,-355.0,185.0,265.0,247.0,-126.0
1809,91.0,67.0,-42.0,-119.0,-218.0,144.0,346.0,263.0,-204.0
1810,121.0,63.0,-66.0,-265.0,-113.0,110.0,450.0,255.0,-286.0
1811,131.0,60.0,-87.0,-401.0,-52.0,48.0,515.0,245.0,-374.0
1812,121.0,46.0,-111.0,-513.0,-20.0,-47.0,468.0,202.0,-490.0
1813,90.0,34.0,-131.0,-595.0,-11.0,-151.0,359.0,160.0,-557.0
1814,60.0,4.0,-152.0,-643.0,-18.0,-217.0,215.0,50.0,-661.0
1815,26.0,-22.0,-182.0,-697.0,-18.0,-247.0,124.0,-69.0,-763.0
1816,8.0,-66.0,-182.0,-784.0,11.0,-262.0,42.0,-211.0,-774.0
1817,-5.0,-113.0,-166.0,-837.0,88.0,-268.0,-39.0,-373.0,-711.0
1818,-14.0,-159.0,-162.0,-769.0,229.0,-244.0,-81.0,-549.0,-686.0
1819,3.0,-186.0,-195.0,-600.0,445.0,-179.0,-28.0,-696.0,-773.0
1820,32.0,-199.0,-308.0,-522.0,704.0,-90.0,116.0,-817.0,-1176.0
1821,53.0,-247.0,-448.0,-794.0,893.0,-42.0,224.0,-1003.0,-1787.0
1822,30.0,-346.0,-414.0,-1406.0,936.0,-109.0,200.0,-1307.0,-1857.0
1823,-52.0,-481.0,-172.0,-1824.0,839.0,-293.0,-54.0,-1703.0,-1002.0
1824,-151.0,-607.0,71.0,-1560.0,598.0,-478.0,-410.0,-2168.0,47.0
1825,-194.0,-690.0,164.0,-854.0,264.0,-538.0,-679.0,-2661.0,614.0
1826,-191.0,-740.0,143.0,-284.0,28.0,-495.0,-672.0,-2929.0,546.0
1827,-165.0,-768.0,100.0,-64.0,38.0,-450.0,-604.0,-3032.0,369.0
1828,-168.0,-756.0,44.0,-24.0,168.0,-416.0,-595.0,-2949.0,139.0
1829,-168.0,-724.0,-21.0,82.0,248.0,-333.0,-581.0,-2796.0,-121.0
1830,-170.0,-679.0,-95.0,327.0,209.0,-236.0,-578.0,-2605.0,-405.0
1831,-159.0,-611.0,-139.0,608.0,79.0,-167.0,-549.0,-2361.0,-604.0
1832,-142.0,-533.0,-149.0,793.0,-88.0,-115.0,-499.0,-2081.0,-657.0
1833,-114.0,-462.0,-139.0,840.0,-248.0,-53.0,-389.0,-1830.0,-604.0
1834,-71.0,-409.0,-109.0,772.0,-369.0,0.0,-253.0,-1611.0,-490.0
1835,-43.0,-360.0,-81.0,644.0,-445.0,42.0,-124.0,-1421.0,-378.0
1836,-7.0,-328.0,-70.0,511.0,-518.0,86.0,61.0,-1259.0,-308.0
1837,54.0,-309.0,-56.0,412.0,-612.0,94.0,240.0,-1181.0,-266.0
1838,98.0,-291.0,-54.0,377.0,-672.0,43.0,398.0,-1123.0,-252.0
1839,123.0,-283.0,-53.0,380.0,-660.0,-63.0,492.0,-1083.0,-253.0
1840,108.0,-264.0,-55.0,375.0,-593.0,-187.0,441.0,-1018.0,-257.0
1841,87.0,-249.0,-74.0,354.0,-523.0,-290.0,380.0,-971.0,-316.0
1842,66.0,-229.0,-104.0,308.0,-464.0,-372.0,279.0,-905.0,-428.0
1843,51.0,-216.0,-141.0,231.0,-362.0,-419.0,215.0,-846.0,-559.0
1844,31.0,-204.0,-164.0,133.0,-194.0,-427.0,131.0,-805.0,-686.0
1845,15.0,-193.0,-187.0,13.0,6.0,-392.0,62.0,-767.0,-772.0
1846,8.0,-196.0,-197.0,-118.0,191.0,-319.0,49.0,-767.0,-822.0
1847,7.0,-203.0,-199.0,-272.0,324.0,-240.0,56.0,-786.0,-851.0
1848,1.0,-205.0,-193.0,-423.0,403.0,-172.0,33.0,-792.0,-818.0
1849,-4.0,-208.0,-184.0,-531.0,441.0,-97.0,2.0,-803.0,-783.0
1850,-17.0,-209.0,-169.0,-561.0,466.0,-17.0,-52.0,-797.0,-734.0
1851,-27.0,-206.0,-157.0,-515.0,498.0,77.0,-83.0,-773.0,-684.0
1852,-28.0,-197.0,-140.0,-417.0,536.0,185.0,-85.0,-727.0,-616.0
1853,-20.0,-180.0,-122.0,-286.0,564.0,273.0,-66.0,-663.0,-539.0
1854,-16.0,-154.0,-104.0,-157.0,560.0,323.0,-25.0,-564.0,-465.0
1855,-4.0,-124.0,-87.0,-58.0,529.0,338.0,9.0,-482.0,-398.0
1856,4.0,-100.0,-80.0,19.0,482.0,329.0,35.0,-364.0,-362.0
1857,5.0,-67.0,-85.0,105.0,437.0,293.0,31.0,-265.0,-334.0
1858,-15.0,-45.0,-71.0,224.0,412.0,227.0,-55.0,-127.0,-314.0
1859,-29.0,-16.0,-64.0,341.0,406.0,167.0,-111.0,-40.0,-299.0
1860,-29.0,8.0,-59.0,416.0,405.0,105.0,-104.0,45.0,-265.0
1861,-18.0,25.0,-48.0,419.0,392.0,36.0,-65.0,97.0,-228.0
1862,7.0,33.0,-51.0,350.0,358.0,-22.0,42.0,126.0,-218.0
1863,16.0,34.0,-55.0,234.0,311.0,-85.0,84.0,136.0,-236.0
1864,12.0,18.0,-75.0,111.0,242.0,-133.0,88.0,97.0,-308.0
1865,1.0,-9.0,-111.0,28.0,141.0,-169.0,41.0,-4.0,-460.0
1866,-17.0,-25.0,-213.0,-2.0,22.0,-196.0,-33.0,-86.0,-761.0
1867,-28.0,-27.0,-471.0,-127.0,-83.0,-203.0,-85.0,-157.0,-1677.0
1868,-50.0,-46.0,-697.0,-638.0,-157.0,-235.0,-200.0,-231.0,-2740.0
1869,-92.0,-124.0,-607.0,-1353.0,-71.0,-259.0,-404.0,-467.0,-2536.0
1870,-139.0,-256.0,-242.0,-1643.0,117.0,-173.0,-536.0,-898.0,-1069.0
1871,-158.0,-396.0,120.0,-1333.0,224.0,32.0,-557.0,-1491.0,389.0
1872,-123.0,-504.0,215.0,-870.0,137.0,268.0,-388.0,-2004.0,814.0
1873,-57.0,-586.0,178.0,-795.0,-82.0,440.0,-110.0,-2369.0,693.0
1874,4.0,-642.0,114.0,-1091.0,-361.0,520.0,118.0,-2559.0,440.0
1875,74.0,-691.0,42.0,-1371.0,-619.0,530.0,354.0,-2651.0,130.0
1876,114.0,-698.0,-61.0,-1296.0,-751.0,467.0,487.0,-2629.0,-255.0
1877,174.0,-713.0,-146.0,-832.0,-643.0,457.0,657.0,-2630.0,-626.0
1878,250.0,-725.0,-178.0,-105.0,-207.0,465.0,925.0,-2654.0,-797.0
1879,279.0,-690.0,-169.0,660.0,449.0,375.0,1081.0,-2587.0,-755.0
1880,240.0,-609.0,-135.0,1198.0,1039.0,176.0,938.0,-2294.0,-583.0
1881,171.0,-528.0,-94.0,1364.0,1351.0,-52.0,683.0,-2020.0,-425.0
1882,93.0,-457.0,-70.0,1230.0,1393.0,-224.0,398.0,-1786.0,-310.0
1883,18.0,-413.0,-57.0,986.0,1261.0,-293.0,169.0,-1642.0,-277.0
1884,-34.0,-391.0,-60.0,818.0,1135.0,-271.0,-66.0,-1528.0,-276.0
1885,-82.0,-369.0,-64.0,799.0,1119.0,-166.0,-274.0,-1429.0,-287.0
1886,-120.0,-330.0,-75.0,847.0,1164.0,-13.0,-411.0,-1329.0,-314.0
1887,-127.0,-302.0,-78.0,860.0,1145.0,135.0,-447.0,-1201.0,-334.0
1888,-109.0,-266.0,-92.0,819.0,997.0,244.0,-374.0,-1084.0,-402.0
1889,-77.0,-245.0,-120.0,708.0,745.0,306.0,-259.0,-976.0,-505.0
1890,-54.0,-229.0,-125.0,562.0,527.0,318.0,-166.0,-906.0,-550.0
1891,-30.0,-223.0,-118.0,455.0,286.0,283.0,-69.0,-842.0,-519.0
1892,-11.0,-207.0,-104.0,441.0,101.0,216.0,-14.0,-769.0,-469.0
1893,1.0,-189.0,-103.0,498.0,-24.0,103.0,31.0,-713.0,-451.0
1894,2.0,-173.0,-101.0,546.0,-129.0,-33.0,43.0,-672.0,-456.0
1895,-3.0,-158.0,-98.0,519.0,-248.0,-181.0,12.0,-609.0,-436.0
1896,-25.0,-147.0,-85.0,454.0,-361.0,-316.0,-58.0,-555.0,-393.0
1897,-48.0,-129.0,-68.0,418.0,-443.0,-405.0,-159.0,-502.0,-312.0
1898,-70.0,-122.0,-53.0,460.0,-495.0,-440.0,-252.0,-456.0,-258.0
1899,-91.0,-104.0,-40.0,531.0,-556.0,-434.0,-328.0,-386.0,-201.0
1900,-134.0,-78.0,-44.0,611.0,-619.0,-381.0,-443.0,-308.0,-183.0
1901,-126.0,-63.0,-32.0,653.0,-701.0,-283.0,-457.0,-270.0,-169.0
1902,-111.0,-49.0,-20.0,662.0,-792.0,-199.0,-421.0,-159.0,-97.0
1903,-98.0,-26.0,-8.0,689.0,-877.0,-116.0,-355.0,-90.0,-52.0
1904,-72.0,-17.0,0.0,737.0,-938.0,-42.0,-256.0,-47.0,-20.0
1905,-45.0,-14.0,6.0,782.0,-964.0,21.0,-162.0,-28.0,9.0
1906,-17.0,3.0,7.0,809.0,-961.0,61.0,-74.0,-3.0,6.0
1907,7.0,5.0,-9.0,803.0,-924.0,75.0,12.0,23.0,-49.0
1908,22.0,19.0,-27.0,745.0,-851.0,60.0,71.0,68.0,-103.0
1909,30.0,37.0,-32.0,632.0,-751.0,29.0,100.0,121.0,-136.0
1910,45.0,44.0,-42.0,502.0,-642.0,-1.0,155.0,165.0,-174.0
1911,69.0,55.0,-64.0,374.0,-521.0,-21.0,231.0,204.0,-255.0
1912,101.0,69.0,-89.0,242.0,-385.0,-23.0,352.0,251.0,-361.0
1913,127.0,76.0,-120.0,78.0,-255.0,-2.0,487.0,286.0,-504.0
1914,134.0,67.0,-135.0,-144.0,-156.0,3.0,541.0,247.0,-578.0
1915,127.0,39.0,-129.0,-403.0,-159.0,-27.0,522.0,163.0,-565.0
1916,112.0,3.0,-123.0,-595.0,-282.0,-66.0,461.0,41.0,-545.0
1917,89.0,-36.0,-124.0,-662.0,-412.0,-98.0,358.0,-100.0,-544.0
1918,56.0,-68.0,-124.0,-641.0,-466.0,-119.0,233.0,-223.0,-546.0
1919,27.0,-102.0,-123.0,-600.0,-431.0,-122.0,106.0,-358.0,-528.0
1920,27.0,-135.0,-130.0,-565.0,-283.0,-95.0,70.0,-493.0,-547.0
1921,35.0,-152.0,-156.0,-537.0,24.0,-41.0,86.0,-587.0,-646.0
1922,70.0,-146.0,-279.0,-653.0,457.0,54.0,224.0,-641.0,-1065.0
1923,109.0,-176.0,-457.0,-1155.0,831.0,131.0,413.0,-766.0,-1795.0
1924,125.0,-268.0,-498.0,-2007.0,976.0,83.0,514.0,-1132.0,-2015.0
1925,65.0,-412.0,-246.0,-2629.0,872.0,-122.0,291.0,-1551.0,-957.0
1926,-24.0,-557.0,51.0,-2373.0,590.0,-342.0,-5.0,-2044.0,197.0
1927,-79.0,-644.0,176.0,-1482.0,282.0,-464.0,-251.0,-2460.0,677.0
1928,-112.0,-709.0,183.0,-718.0,251.0,-479.0,-401.0,-2750.0,720.0
1929,-147.0,-725.0,147.0,-431.0,502.0,-470.0,-504.0,-2875.0,622.0
1930,-194.0,-702.0,84.0,-450.0,737.0,-467.0,-664.0,-2793.0,376.0
1931,-224.0,-667.0,-19.0,-441.0,757.0,-407.0,-766.0,-2613.0,-15.0
1932,-238.0,-631.0,-117.0,-266.0,602.0,-316.0,-830.0,-2453.0,-438.0
1933,-255.0,-580.0,-181.0,66.0,354.0,-234.0,-892.0,-2266.0,-731.0
1934,-241.0,-518.0,-190.0,415.0,74.0,-115.0,-893.0,-2060.0,-813.0
1935,-198.0,-464.0,-142.0,599.0,-172.0,49.0,-720.0,-1829.0,-614.0
1936,-154.0,-429.0,-77.0,585.0,-362.0,214.0,-542.0,-1705.0,-353.0
1937,-116.0,-409.0,-37.0,492.0,-517.0,323.0,-395.0,-1614.0,-186.0
1938,-83.0,-390.0,-40.0,367.0,-660.0,388.0,-271.0,-1534.0,-202.0
1939,-49.0,-383.0,-64.0,253.0,-801.0,411.0,-136.0,-1495.0,-285.0
1940,-11.0,-382.0,-74.0,144.0,-894.0,372.0,4.0,-1499.0,-331.0
1941,1.0,-381.0,-67.0,70.0,-966.0,296.0,51.0,-1469.0,-304.0
1942,11.0,-382.0,-70.0,95.0,-999.0,246.0,85.0,-1461.0,-317.0
1943,24.0,-383.0,-80.0,189.0,-963.0,178.0,153.0,-1456.0,-347.0
1944,31.0,-349.0,-94.0,297.0,-842.0,81.0,131.0,-1346.0,-407.0
1945,41.0,-305.0,-127.0,388.0,-662.0,24.0,152.0,-1178.0,-535.0
1946,50.0,-252.0,-157.0,401.0,-440.0,0.0,195.0,-949.0,-683.0
1947,50.0,-203.0,-169.0,327.0,-200.0,5.0,193.0,-775.0,-726.0
1948,51.0,-165.0,-169.0,202.0,9.0,40.0,210.0,-637.0,-726.0
1949,52.0,-139.0,-175.0,50.0,138.0,83.0,215.0,-529.0,-752.0
1950,51.0,-114.0,-171.0,-112.0,189.0,111.0,215.0,-418.0,-737.0
1951,54.0,-91.0,-171.0,-217.0,209.0,127.0,209.0,-329.0,-734.0
1952,57.0,-69.0,-162.0,-239.0,246.0,146.0,217.0,-242.0,-701.0
1953,64.0,-53.0,-146.0,-183.0,322.0,167.0,238.0,-179.0,-646.0
1954,67.0,-38.0,-135.0,-81.0,431.0,175.0,272.0,-112.0,-591.0
1955,63.0,-18.0,-115.0,9.0,519.0,155.0,257.0,-54.0,-536.0
1956,60.0,-5.0,-103.0,61.0,550.0,124.0,242.0,-2.0,-471.0
1957,44.0,8.0,-101.0,93.0,549.0,80.0,174.0,38.0,-433.0
1958,17.0,10.0,-103.0,102.0,521.0,14.0,81.0,48.0,-453.0
1959,-24.0,10.0,-111.0,48.0,477.0,-57.0,-81.0,25.0,-474.0
1960,-77.0,-4.0,-108.0,-64.0,431.0,-99.0,-286.0,-19.0,-459.0
1961,-101.0,-34.0,-77.0,-160.0,397.0,-125.0,-383.0,-105.0,-347.0
1962,-102.0,-56.0,-43.0,-159.0,359.0,-154.0,-380.0,-187.0,-221.0
1963,-82.0,-82.0,-25.0,-79.0,301.0,-150.0,-290.0,-282.0,-137.0
1964,-56.0,-94.0,-31.0,19.0,220.0,-137.0,-214.0,-371.0,-142.0
1965,-38.0,-116.0,-80.0,88.0,111.0,-135.0,-121.0,-437.0,-314.0
1966,-22.0,-120.0,-173.0,65.0,-12.0,-148.0,-64.0,-472.0,-669.0
1967,-14.0,-128.0,-276.0,-58.0,-100.0,-167.0,-46.0,-504.0,-1100.0
1968,-7.0,-148.0,-380.0,-225.0,-91.0,-168.0,-41.0,-569.0,-1633.0
1969,-5.0,-171.0,-491.0,-376.0,4.0,-148.0,-31.0,-661.0,-2074.0
1970,-13.0,-188.0,-583.0,-586.0,113.0,-129.0,-58.0,-774.0,-2443.0
1971,-25.0,-239.0,-534.0,-975.0,190.0,-107.0,-94.0,-984.0,-2201.0
1972,-49.0,-329.0,-281.0,-1370.0,190.0,-62.0,-132.0,-1306.0,-1165.0
1973,-43.0,-446.0,20.0,-1509.0,70.0,39.0,-73.0,-1731.0,56.0
1974,2.0,-577.0,168.0,-1378.0,-167.0,191.0,74.0,-2171.0,598.0
1975,57.0,-663.0,139.0,-1249.0,-371.0,361.0,271.0,-2528.0,583.0
1976,102.0,-726.0,96.0,-1203.0,-435.0,513.0,436.0,-2759.0,404.0
1977,145.0,-762.0,26.0,-1024.0,-419.0,602.0,604.0,-2860.0,137.0
1978,165.0,-757.0,-66.0,-598.0,-355.0,615.0,677.0,-2837.0,-202.0
1979,188.0,-738.0,-125.0,22.0,-177.0,599.0,749.0,-2760.0,-547.0
1980,211.0,-702.0,-135.0,705.0,166.0,569.0,833.0,-2631.0,-596.0
1981,214.0,-638.0,-98.0,1287.0,580.0,474.0,856.0,-2436.0,-457.0
1982,177.0,-560.0,-67.0,1647.0,924.0,296.0,740.0,-2169.0,-307.0
1983,122.0,-480.0,-59.0,1716.0,1115.0,96.0,547.0,-1910.0,-271.0
1984,75.0,-425.0,-63.0,1538.0,1130.0,-65.0,372.0,-1677.0,-274.0
1985,42.0,-383.0,-52.0,1315.0,1055.0,-172.0,229.0,-1504.0,-248.0
1986,1.0,-353.0,-74.0,1228.0,1023.0,-229.0,49.0,-1375.0,-296.0
1987,-36.0,-323.0,-60.0,1210.0,1038.0,-220.0,-83.0,-1250.0,-283.0
1988,-75.0,-286.0,-48.0,1291.0,1042.0,-176.0,-240.0,-1111.0,-243.0
1989,-91.0,-250.0,-56.0,1451.0,987.0,-97.0,-315.0,-963.0,-258.0
1990,-99.0,-207.0,-71.0,1581.0,842.0,-9.0,-332.0,-779.0,-321.0
1991,-93.0,-172.0,-84.0,1633.0,643.0,110.0,-322.0,-655.0,-383.0
1992,-82.0,-141.0,-89.0,1613.0,452.0,204.0,-285.0,-544.0,-393.0
1993,-94.0,-112.0,-84.0,1559.0,275.0,229.0,-329.0,-428.0,-368.0
1994,-102.0,-80.0,-67.0,1498.0,73.0,229.0,-366.0,-305.0,-298.0
1995,-111.0,-47.0,-63.0,1426.0,-169.0,220.0,-393.0,-198.0,-268.0
1996,-126.0,-20.0,-59.0,1298.0,-426.0,197.0,-457.0,-102.0,-277.0
1997,-128.0,5.0,-64.0,1102.0,-642.0,179.0,-488.0,-27.0,-292.0
1998,-115.0,15.0,-46.0,881.0,-792.0,171.0,-466.0,28.0,-234.0
1999,-94.0,20.0,-20.0,686.0,-889.0,162.0,-370.0,61.0,-148.0
2000,-76.0,27.0,3.0,534.0,-948.0,130.0,-316.0,84.0,-59.0
2001,-53.0,34.0,39.0,423.0,-983.0,109.0,-214.0,143.0,108.0
2002,-38.0,41.0,55.0,404.0,-994.0,110.0,-150.0,180.0,188.0
2003,-15.0,44.0,55.0,447.0,-977.0,143.0,-69.0,185.0,198.0
2004,9.0,48.0,36.0,492.0,-921.0,189.0,23.0,198.0,147.0
2005,32.0,56.0,19.0,499.0,-819.0,227.0,111.0,212.0,54.0
2006,54.0,65.0,-13.0,434.0,-675.0,253.0,191.0,235.0,-58.0
2007,76.0,65.0,-38.0,279.0,-516.0,255.0,290.0,231.0,-168.0
2008,93.0,60.0,-48.0,35.0,-366.0,195.0,340.0,216.0,-222.0
2009,95.0,45.0,-45.0,-243.0,-243.0,106.0,370.0,180.0,-218.0
2010,104.0,17.0,-56.0,-479.0,-140.0,18.0,397.0,85.0,-241.0
2011,112.0,-20.0,-65.0,-621.0,-22.0,-54.0,413.0,-17.0,-292.0
2012,116.0,-47.0,-88.0,-639.0,132.0,-98.0,437.0,-142.0,-390.0
2013,112.0,-68.0,-123.0,-540.0,284.0,-130.0,437.0,-222.0,-537.0
2014,106.0,-87.0,-162.0,-396.0,372.0,-159.0,420.0,-305.0,-696.0
2015,85.0,-105.0,-188.0,-282.0,352.0,-196.0,370.0,-388.0,-792.0
2016,66.0,-126.0,-202.0,-218.0,230.0,-226.0,292.0,-477.0,-863.0
2017,51.0,-148.0,-219.0,-214.0,101.0,-252.0,215.0,-564.0,-945.0
2018,35.0,-167.0,-229.0,-265.0,58.0,-277.0,152.0,-651.0,-983.0
2019,28.0,-195.0,-219.0,-346.0,108.0,-298.0,103.0,-752.0,-943.0
2020,12.0,-240.0,-186.0,-424.0,201.0,-316.0,59.0,-873.0,-834.0
2021,5.0,-276.0,-158.0,-482.0,296.0,-328.0,36.0,-1031.0,-706.0
2022,7.0,-320.0,-150.0,-547.0,370.0,-354.0,52.0,-1203.0,-639.0
2023,16.0,-360.0,-193.0,-673.0,448.0,-406.0,101.0,-1426.0,-797.0
2024,33.0,-407.0,-238.0,-924.0,545.0,-493.0,157.0,-1612.0,-989.0
2025,26.0,-475.0,-240.0,-1249.0,660.0,-631.0,138.0,-1837.0,-1027.0
2026,-8.0,-553.0,-150.0,-1474.0,745.0,-803.0,36.0,-2085.0,-697.0
2027,-62.0,-613.0,-17.0,-1341.0,750.0,-973.0,-154.0,-2273.0,-169.0
2028,-90.0,-648.0,51.0,-817.0,683.0,-1040.0,-279.0,-2425.0,147.0
2029,-105.0,-638.0,48.0,-213.0,637.0,-995.0,-314.0,-2476.0,176.0
2030,-102.0,-623.0,21.0,183.0,651.0,-885.0,-327.0,-2443.0,83.0
2031,-122.0,-582.0,-10.0,349.0,665.0,-767.0,-402.0,-2297.0,-34.0
2032,-133.0,-533.0,-43.0,410.0,631.0,-638.0,-459.0,-2104.0,-189.0
2033,-129.0,-483.0,-80.0,480.0,551.0,-486.0,-447.0,-1908.0,-322.0
2034,-100.0,-441.0,-99.0,572.0,475.0,-324.0,-329.0,-1687.0,-428.0
2035,-63.0,-406.0,-102.0,677.0,399.0,-176.0,-186.0,-1549.0,-453.0
2036,-29.0,-370.0,-104.0,767.0,364.0,-81.0,-67.0,-1418.0,-454.0
2037,-2.0,-331.0,-100.0,812.0,347.0,17.0,33.0,-1289.0,-449.0
2038,13.0,-304.0,-91.0,784.0,301.0,88.0,111.0,-1186.0,-419.0
2039,34.0,-287.0,-81.0,704.0,209.0,130.0,170.0,-1124.0,-364.0
2040,38.0,-275.0,-57.0,598.0,114.0,132.0,197.0,-1070.0,-255.0
2041,41.0,-266.0,-33.0,510.0,62.0,106.0,185.0,-1041.0,-179.0
2042,52.0,-258.0,-15.0,447.0,79.0,72.0,209.0,-1016.0,-99.0
2043,67.0,-249.0,-11.0,405.0,177.0,35.0,249.0,-968.0,-60.0
2044,76.0,-234.0,-26.0,365.0,323.0,-10.0,303.0,-916.0,-102.0
2045,67.0,-220.0,-66.0,293.0,452.0,-69.0,283.0,-860.0,-287.0
2046,48.0,-211.0,-118.0,181.0,540.0,-117.0,214.0,-834.0,-484.0
2047,23.0,-209.0,-151.0,44.0,587.0,-152.0,127.0,-811.0,-651.0
2048,3.0,-211.0,-175.0,-54.0,617.0,-174.0,39.0,-809.0,-739.0
2049,-7.0,-216.0,-185.0,-91.0,669.0,-182.0,-11.0,-827.0,-776.0
2050,-19.0,-215.0,-181.0,-125.0,726.0,-190.0,-66.0,-845.0,-776.0
2051,-26.0,-227.0,-167.0,-188.0,770.0,-183.0,-77.0,-873.0,-724.0
2052,-22.0,-242.0,-151.0,-273.0,799.0,-150.0,-74.0,-923.0,-666.0
2053,-25.0,-254.0,-133.0,-357.0,811.0,-89.0,-69.0,-975.0,-586.0
2054,-29.0,-264.0,-113.0,-385.0,798.0,-7.0,-75.0,-1012.0,-506.0
2055,-27.0,-265.0,-97.0,-322.0,763.0,90.0,-70.0,-997.0,-449.0
2056,-21.0,-257.0,-90.0,-166.0,715.0,186.0,-47.0,-940.0,-421.0
2057,-14.0,-234.0,-96.0,40.0,657.0,268.0,-25.0,-863.0,-446.0
2058,-4.0,-202.0,-115.0,243.0,601.0,329.0,7.0,-752.0,-504.0
2059,-1.0,-173.0,-127.0,390.0,552.0,364.0,26.0,-647.0,-548.0
2060,1.0,-150.0,-122.0,479.0,525.0,375.0,20.0,-563.0,-522.0
2061,0.0,-138.0,-106.0,538.0,525.0,390.0,9.0,-520.0,-468.0
2062,-4.0,-135.0,-98.0,560.0,550.0,413.0,-7.0,-514.0,-427.0
2063,-5.0,-133.0,-93.0,518.0,591.0,422.0,-13.0,-530.0,-415.0
2064,-25.0,-146.0,-112.0,408.0,607.0,389.0,-77.0,-584.0,-483.0
2065,-57.0,-171.0,-149.0,228.0,537.0,337.0,-138.0,-659.0,-593.0
2066,-64.0,-200.0,-202.0,21.0,374.0,294.0,-192.0,-764.0,-785.0
2067,-57.0,-246.0,-242.0,-178.0,185.0,267.0,-197.0,-927.0,-1008.0
2068,-44.0,-291.0,-266.0,-320.0,73.0,255.0,-155.0,-1112.0,-1111.0
2069,-20.0,-333.0,-275.0,-389.0,59.0,245.0,-69.0,-1268.0,-1173.0
2070,11.0,-367.0,-331.0,-443.0,82.0,213.0,68.0,-1424.0,-1366.0
2071,37.0,-399.0,-406.0,-615.0,63.0,124.0,204.0,-1579.0,-1679.0
2072,50.0,-440.0,-447.0,-996.0,-49.0,-16.0,264.0,-1744.0,-1890.0
2073,52.0,-508.0,-393.0,-1413.0,-236.0,-144.0,273.0,-1926.0,-1714.0
2074,68.0,-585.0,-277.0,-1559.0,-420.0,-208.0,321.0,-2171.0,-1272.0
2075,89.0,-652.0,-160.0,-1369.0,-538.0,-201.0,408.0,-2428.0,-783.0
2076,103.0,-696.0,-91.0,-957.0,-579.0,-155.0,461.0,-2610.0,-466.0
2077,101.0,-691.0,-53.0,-499.0,-565.0,-115.0,449.0,-2620.0,-304.0
2078,95.0,-639.0,-50.0,-64.0,-490.0,-86.0,414.0,-2403.0,-252.0
2079,85.0,-564.0,-68.0,256.0,-374.0,-61.0,369.0,-2124.0,-321.0
2080,70.0,-481.0,-95.0,622.0,-273.0,-49.0,320.0,-1809.0,-441.0
2081,61.0,-402.0,-135.0,926.0,-206.0,-27.0,266.0,-1518.0,-582.0
2082,53.0,-334.0,-156.0,1122.0,-116.0,6.0,217.0,-1272.0,-682.0
2083,47.0,-279.0,-173.0,1170.0,-12.0,26.0,193.0,-1097.0,-724.0
2084,44.0,-242.0,-161.0,1063.0,105.0,36.0,182.0,-958.0,-701.0
2085,39.0,-219.0,-150.0,834.0,215.0,38.0,171.0,-881.0,-643.0
2086,35.0,-203.0,-141.0,546.0,297.0,35.0,155.0,-829.0,-599.0
2087,25.0,-204.0,-132.0,258.0,354.0,28.0,126.0,-812.0,-570.0
2088,16.0,-210.0,-136.0,11.0,379.0,22.0,100.0,-818.0,-574.0
2089,11.0,-221.0,-141.0,-191.0,353.0,19.0,81.0,-856.0,-602.0
2090,13.0,-237.0,-139.0,-360.0,290.0,20.0,92.0,-915.0,-600.0
2091,23.0,-265.0,-128.0,-502.0,229.0,24.0,130.0,-1026.0,-571.0
2092,34.0,-301.0,-111.0,-626.0,190.0,24.0,165.0,-1156.0,-504.0
2093,40.0,-332.0,-98.0,-720.0,179.0,28.0,201.0,-1275.0,-420.0
2094,47.0,-370.0,-75.0,-743.0,176.0,38.0,233.0,-1394.0,-332.0
2095,50.0,-391.0,-60.0,-687.0,155.0,46.0,244.0,-1471.0,-289.0
2096,51.0,-406.0,-51.0,-571.0,103.0,46.0,256.0,-1532.0,-257.0
2097,42.0,-412.0,-49.0,-412.0,18.0,33.0,232.0,-1567.0,-244.0
2098,36.0,-406.0,-43.0,-226.0,-78.0,22.0,209.0,-1544.0,-237.0
2099,29.0,-386.0,-49.0,-15.0,-161.0,13.0,173.0,-1488.0,-230.0
2100,23.0,-365.0,-51.0,197.0,-207.0,2.0,138.0,-1372.0,-257.0
2101,10.0,-332.0,-59.0,371.0,-224.0,0.0,82.0,-1259.0,-277.0
2102,4.0,-296.0,-58.0,484.0,-217.0,10.0,46.0,-1136.0,-273.0
2103,0.0,-264.0,-61.0,553.0,-190.0,20.0,18.0,-1020.0,-265.0
2104,1.0,-237.0,-60.0,586.0,-151.0,35.0,19.0,-913.0,-276.0
2105,2.0,-214.0,-58.0,577.0,-111.0,44.0,21.0,-827.0,-266.0
2106,-12.0,-191.0,-50.0,543.0,-89.0,54.0,-14.0,-748.0,-245.0
2107,-19.0,-182.0,-47.0,504.0,-89.0,82.0,-57.0,-694.0,-226.0
2108,-25.0,-175.0,-43.0,472.0,-99.0,115.0,-69.0,-671.0,-198.0
2109,-30.0,-171.0,-49.0,443.0,-121.0,151.0,-92.0,-665.0,-214.0
2110,-32.0,-175.0,-44.0,383.0,-159.0,192.0,-94.0,-676.0,-216.0
2111,-29.0,-184.0,-48.0,308.0,-204.0,227.0,-86.0,-719.0,-216.0
2112,-26.0,-194.0,-38.0,233.0,-247.0,245.0,-78.0,-747.0,-190.0
2113,-20.0,-196.0,-27.0,182.0,-279.0,248.0,-64.0,-760.0,-165.0
2114,-25.0,-194.0,-28.0,181.0,-293.0,234.0,-54.0,-753.0,-153.0
2115,-10.0,-192.0,-33.0,217.0,-290.0,219.0,-32.0,-752.0,-174.0
2116,-11.0,-191.0,-44.0,245.0,-278.0,206.0,-32.0,-735.0,-203.0
2117,-11.0,-179.0,-51.0,262.0,-262.0,195.0,-25.0,-700.0,-236.0
2118,-7.0,-179.0,-58.0,270.0,-246.0,180.0,-14.0,-675.0,-268.0
2119,0.0,-166.0,-68.0,263.0,-236.0,163.0,13.0,-647.0,-297.0
2120,1.0,-162.0,-75.0,252.0,-233.0,146.0,28.0,-621.0,-323.0
2121,1.0,-154.0,-83.0,239.0,-232.0,137.0,36.0,-591.0,-351.0
2122,0.0,-148.0,-87.0,212.0,-236.0,134.0,26.0,-574.0,-401.0
2123,-1.0,-146.0,-93.0,181.0,-247.0,137.0,24.0,-556.0,-416.0
2124,-2.0,-143.0,-97.0,146.0,-257.0,136.0,9.0,-539.0,-429.0
2125,-7.0,-142.0,-99.0,109.0,-271.0,144.0,-10.0,-538.0,-441.0
2126,-11.0,-143.0,-96.0,69.0,-300.0,153.0,-17.0,-547.0,-428.0
2127,-8.0,-148.0,-89.0,44.0,-339.0,157.0,-7.0,-550.0,-416.0
2128,-9.0,-149.0,-91.0,43.0,-374.0,160.0,-16.0,-565.0,-410.0
2129,-12.0,-157.0,-93.0,54.0,-411.0,154.0,-21.0,-593.0,-414.0
2130,-16.0,-162.0,-90.0,66.0,-451.0,139.0,-40.0,-615.0,-420.0
2131,-14.0,-169.0,-96.0,80.0,-484.0,112.0,-38.0,-643.0,-436.0
2132,-9.0,-180.0,-111.0,84.0,-508.0,64.0,-24.0,-683.0,-484.0
2133,-2.0,-186.0,-139.0,52.0,-513.0,1.0,7.0,-749.0,-602.0
2134,9.0,-212.0,-169.0,-35.0,-483.0,-89.0,36.0,-818.0,-710.0
2135,12.0,-234.0,-189.0,-173.0,-417.0,-212.0,48.0,-898.0,-804.0
2136,7.0,-254.0,-200.0,-335.0,-342.0,-364.0,48.0,-973.0,-842.0
2137,5.0,-277.0,-191.0,-473.0,-277.0,-517.0,46.0,-1058.0,-820.0
2138,11.0,-299.0,-174.0,-556.0,-233.0,-647.0,68.0,-1126.0,-760.0
2139,25.0,-312.0,-155.0,-552.0,-194.0,-739.0,111.0,-1171.0,-678.0
2140,37.0,-314.0,-136.0,-468.0,-130.0,-783.0,165.0,-1192.0,-600.0
2141,42.0,-312.0,-119.0,-336.0,-41.0,-790.0,201.0,-1189.0,-539.0
2142,38.0,-303.0,-117.0,-187.0,44.0,-770.0,192.0,-1158.0,-498.0
2143,27.0,-288.0,-118.0,-66.0,87.0,-725.0,157.0,-1109.0,-504.0
2144,9.0,-266.0,-120.0,-4.0,70.0,-661.0,101.0,-1029.0,-520.0
2145,-14.0,-253.0,-123.0,0.0,11.0,-588.0,-7.0,-981.0,-551.0
2146,-34.0,-247.0,-129.0,-43.0,-78.0,-504.0,-91.0,-952.0,-559.0
2147,-52.0,-246.0,-126.0,-117.0,-178.0,-428.0,-182.0,-946.0,-555.0
2148,-66.0,-246.0,-122.0,-199.0,-278.0,-361.0,-219.0,-951.0,-542.0
2149,-68.0,-247.0,-110.0,-263.0,-372.0,-295.0,-223.0,-962.0,-500.0
2150,-60.0,-251.0,-109.0,-300.0,-451.0,-224.0,-198.0,-980.0,-478.0
2151,-43.0,-264.0,-106.0,-309.0,-517.0,-160.0,-140.0,-1013.0,-465.0
2152,-28.0,-273.0,-97.0,-293.0,-566.0,-105.0,-80.0,-1046.0,-440.0
2153,-13.0,-282.0,-97.0,-251.0,-596.0,-60.0,-25.0,-1073.0,-429.0
2154,-2.0,-289.0,-90.0,-199.0,-616.0,-22.0,24.0,-1097.0,-409.0
2155,5.0,-291.0,-86.0,-138.0,-629.0,0.0,51.0,-1122.0,-388.0
2156,7.0,-291.0,-82.0,-75.0,-642.0,8.0,64.0,-1115.0,-372.0
2157,5.0,-284.0,-78.0,-9.0,-657.0,12.0,67.0,-1091.0,-345.0
2158,5.0,-280.0,-75.0,66.0,-668.0,19.0,50.0,-1060.0,-338.0
2159,1.0,-265.0,-70.0,140.0,-672.0,29.0,29.0,-1020.0,-330.0
2160,-6.0,-248.0,-75.0,206.0,-674.0,45.0,5.0,-957.0,-338.0
2161,-12.0,-237.0,-79.0,258.0,-678.0,62.0,-24.0,-897.0,-355.0
2162,-17.0,-216.0,-90.0,290.0,-683.0,83.0,-47.0,-838.0,-375.0
2163,-21.0,-203.0,-91.0,295.0,-684.0,101.0,-64.0,-793.0,-391.0
2164,-22.0,-191.0,-95.0,277.0,-681.0,118.0,-74.0,-744.0,-419.0
2165,-22.0,-184.0,-96.0,235.0,-669.0,133.0,-69.0,-713.0,-431.0
2166,-14.0,-179.0,-100.0,174.0,-645.0,145.0,-51.0,-693.0,-443.0
2167,-8.0,-178.0,-104.0,107.0,-605.0,150.0,-7.0,-688.0,-465.0
2168,1.0,-179.0,-108.0,29.0,-555.0,147.0,21.0,-697.0,-472.0
2169,7.0,-185.0,-105.0,-58.0,-496.0,140.0,50.0,-719.0,-460.0
2170,14.0,-191.0,-99.0,-119.0,-435.0,129.0,81.0,-748.0,-451.0
2171,19.0,-203.0,-98.0,-176.0,-378.0,115.0,97.0,-790.0,-443.0
2172,20.0,-213.0,-92.0,-220.0,-335.0,102.0,111.0,-820.0,-417.0
2173,26.0,-223.0,-88.0,-236.0,-286.0,84.0,128.0,-846.0,-395.0
2174,29.0,-228.0,-86.0,-231.0,-240.0,69.0,133.0,-873.0,-392.0
2175,28.0,-231.0,-85.0,-216.0,-195.0,51.0,139.0,-885.0,-386.0
2176,30.0,-231.0,-84.0,-194.0,-155.0,32.0,136.0,-889.0,-381.0
2177,25.0,-232.0,-86.0,-175.0,-121.0,10.0,127.0,-893.0,-389.0
2178,19.0,-235.0,-88.0,-168.0,-94.0,-13.0,98.0,-902.0,-390.0
2179,12.0,-238.0,-89.0,-179.0,-79.0,-35.0,69.0,-911.0,-392.0
2180,3.0,-241.0,-85.0,-197.0,-74.0,-57.0,42.0,-913.0,-393.0
2181,-2.0,-241.0,-88.0,-210.0,-77.0,-76.0,10.0,-921.0,-395.0
2182,-11.0,-242.0,-86.0,-222.0,-84.0,-91.0,-9.0,-919.0,-401.0
2183,-13.0,-243.0,-90.0,-232.0,-91.0,-99.0,-33.0,-929.0,-413.0
2184,-20.0,-243.0,-92.0,-243.0,-100.0,-103.0,-48.0,-934.0,-416.0
2185,-26.0,-244.0,-93.0,-249.0,-110.0,-99.0,-66.0,-940.0,-423.0
2186,-27.0,-246.0,-95.0,-249.0,-121.0,-97.0,-67.0,-943.0,-425.0
2187,-26.0,-247.0,-99.0,-249.0,-132.0,-95.0,-78.0,-948.0,-431.0
2188,-19.0,-250.0,-97.0,-252.0,-147.0,-92.0,-68.0,-956.0,-430.0
2189,-23.0,-249.0,-94.0,-251.0,-162.0,-93.0,-58.0,-962.0,-425.0
2190,-17.0,-252.0,-95.0,-243.0,-178.0,-94.0,-49.0,-972.0,-420.0
2191,-19.0,-256.0,-88.0,-226.0,-194.0,-93.0,-40.0,-982.0,-411.0
2192,-14.0,-259.0,-90.0,-198.0,-207.0,-94.0,-27.0,-996.0,-391.0
2193,-15.0,-262.0,-82.0,-160.0,-221.0,-96.0,-26.0,-1011.0,-385.0
2194,-12.0,-265.0,-88.0,-112.0,-236.0,-95.0,-18.0,-1015.0,-381.0
2195,-12.0,-265.0,-90.0,-70.0,-250.0,-91.0,-13.0,-1025.0,-391.0
2196,-7.0,-267.0,-88.0,-36.0,-258.0,-87.0,0.0,-1023.0,-402.0
2197,-7.0,-265.0,-86.0,-3.0,-260.0,-87.0,7.0,-1021.0,-398.0
2198,-1.0,-264.0,-87.0,35.0,-254.0,-88.0,19.0,-1023.0,-388.0
2199,-1.0,-262.0,-83.0,81.0,-237.0,-91.0,20.0,-1008.0,-374.0
2200,1.0,-263.0,-82.0,125.0,-217.0,-93.0,23.0,-1005.0,-361.0
2201,2.0,-257.0,-79.0,160.0,-202.0,-94.0,38.0,-999.0,-346.0
2202,15.0,-256.0,-82.0,183.0,-192.0,-94.0,51.0,-979.0,-332.0
2203,10.0,-254.0,-71.0,195.0,-184.0,-95.0,72.0,-970.0,-316.0
2204,10.0,-250.0,-65.0,202.0,-171.0,-102.0,77.0,-957.0,-292.0
2205,14.0,-248.0,-60.0,205.0,-153.0,-105.0,77.0,-950.0,-273.0
2206,11.0,-247.0,-58.0,210.0,-134.0,-110.0,69.0,-940.0,-271.0
2207,9.0,-244.0,-62.0,218.0,-116.0,-118.0,67.0,-930.0,-273.0
2208,12.0,-240.0,-64.0,225.0,-99.0,-128.0,72.0,-924.0,-296.0
2209,13.0,-240.0,-71.0,220.0,-83.0,-138.0,80.0,-918.0,-316.0
2210,12.0,-240.0,-75.0,199.0,-61.0,-151.0,83.0,-914.0,-330.0
2211,12.0,-237.0,-72.0,169.0,-30.0,-160.0,83.0,-913.0,-326.0
2212,11.0,-238.0,-71.0,141.0,-3.0,-171.0,73.0,-917.0,-324.0
2213,13.0,-239.0,-65.0,129.0,22.0,-180.0,76.0,-917.0,-306.0
2214,10.0,-242.0,-63.0,132.0,53.0,-188.0,78.0,-919.0,-290.0
2215,13.0,-242.0,-63.0,142.0,88.0,-198.0,84.0,-918.0,-275.0
2216,16.0,-239.0,-60.0,149.0,128.0,-207.0,90.0,-918.0,-272.0
2217,16.0,-236.0,-60.0,145.0,160.0,-219.0,91.0,-913.0,-268.0
2218,17.0,-233.0,-54.0,132.0,197.0,-231.0,94.0,-904.0,-265.0
2219,17.0,-233.0,-59.0,115.0,223.0,-243.0,94.0,-894.0,-268.0
2220,20.0,-233.0,-62.0,96.0,243.0,-255.0,94.0,-889.0,-277.0
2221,19.0,-231.0,-64.0,74.0,261.0,-262.0,101.0,-893.0,-308.0
2222,17.0,-231.0,-69.0,44.0,280.0,-270.0,108.0,-904.0,-320.0
2223,23.0,-234.0,-70.0,11.0,301.0,-274.0,110.0,-914.0,-323.0
2224,19.0,-243.0,-76.0,-22.0,320.0,-276.0,108.0,-933.0,-333.0
2225,19.0,-248.0,-71.0,-50.0,342.0,-274.0,110.0,-962.0,-339.0
2226,19.0,-256.0,-73.0,-73.0,367.0,-270.0,112.0,-986.0,-332.0
2227,17.0,-265.0,-78.0,-87.0,388.0,-261.0,108.0,-1020.0,-339.0
2228,16.0,-270.0,-82.0,-97.0,401.0,-251.0,96.0,-1046.0,-354.0
2229,9.0,-278.0,-87.0,-103.0,405.0,-237.0,78.0,-1065.0,-382.0
2230,5.0,-281.0,-92.0,-113.0,399.0,-216.0,59.0,-1073.0,-412.0
2231,1.0,-284.0,-93.0,-123.0,386.0,-186.0,40.0,-1092.0,-429.0
2232,-7.0,-283.0,-101.0,-129.0,366.0,-148.0,19.0,-1091.0,-443.0
2233,-5.0,-280.0,-103.0,-124.0,341.0,-103.0,-3.0,-1079.0,-442.0
2234,-10.0,-278.0,-92.0,-102.0,320.0,-54.0,-11.0,-1065.0,-427.0
2235,-15.0,-270.0,-90.0,-64.0,301.0,-5.0,-24.0,-1040.0,-398.0
2236,-14.0,-258.0,-85.0,-16.0,280.0,41.0,-24.0,-1010.0,-377.0
2237,-12.0,-249.0,-82.0,28.0,257.0,78.0,-18.0,-960.0,-359.0
2238,-7.0,-242.0,-77.0,59.0,237.0,105.0,-3.0,-918.0,-352.0
2239,0.0,-229.0,-77.0,72.0,221.0,120.0,27.0,-887.0,-348.0
2240,6.0,-222.0,-81.0,68.0,214.0,128.0,42.0,-852.0,-342.0
2241,7.0,-217.0,-74.0,56.0,210.0,124.0,56.0,-837.0,-341.0
2242,9.0,-214.0,-75.0,35.0,207.0,116.0,72.0,-818.0,-341.0
2243,14.0,-209.0,-80.0,8.0,199.0,105.0,81.0,-820.0,-345.0
2244,16.0,-214.0,-80.0,-23.0,195.0,87.0,81.0,-828.0,-347.0
2245,11.0,-211.0,-94.0,-59.0,194.0,72.0,87.0,-840.0,-352.0
2246,13.0,-225.0,-81.0,-95.0,196.0,61.0,78.0,-866.0,-350.0
2247,10.0,-230.0,-78.0,-129.0,207.0,46.0,72.0,-888.0,-346.0
2248,9.0,-243.0,-75.0,-148.0,220.0,30.0,75.0,-918.0,-338.0
2249,13.0,-248.0,-71.0,-154.0,238.0,19.0,75.0,-948.0,-333.0
2250,12.0,-254.0,-74.0,-149.0,256.0,11.0,71.0,-973.0,-330.0
2251,15.0,-258.0,-72.0,-137.0,278.0,7.0,85.0,-982.0,-320.0
2252,10.0,-262.0,-64.0,-113.0,304.0,4.0,87.0,-1010.0,-311.0
2253,18.0,-264.0,-67.0,-87.0,329.0,8.0,88.0,-1011.0,-307.0
2254,10.0,-259.0,-65.0,-57.0,352.0,8.0,85.0,-1009.0,-306.0
2255,12.0,-260.0,-66.0,-33.0,366.0,10.0,84.0,-993.0,-303.0
2256,9.0,-253.0,-68.0,-13.0,376.0,11.0,79.0,-973.0,-305.0
2257,11.0,-249.0,-69.0,2.0,381.0,15.0,79.0,-954.0,-318.0
2258,11.0,-245.0,-70.0,8.0,381.0,17.0,81.0,-927.0,-326.0
2259,9.0,-242.0,-75.0,14.0,382.0,14.0,84.0,-916.0,-331.0
2260,12.0,-239.0,-78.0,10.0,381.0,14.0,75.0,-908.0,-340.0
2261,7.0,-236.0,-78.0,-2.0,377.0,12.0,68.0,-900.0,-339.0
2262,11.0,-234.0,-79.0,-20.0,372.0,8.0,68.0,-896.0,-353.0
2263,6.0,-234.0,-80.0,-43.0,362.0,3.0,58.0,-901.0,-359.0
2264,4.0,-239.0,-82.0,-68.0,351.0,-2.0,51.0,-904.0,-369.0
2265,1.0,-237.0,-83.0,-87.0,335.0,-1.0,38.0,-913.0,-362.0
2266,4.0,-242.0,-80.0,-105.0,320.0,0.0,35.0,-918.0,-362.0
2267,0.0,-244.0,-84.0,-114.0,308.0,1.0,28.0,-929.0,-368.0
2268,-2.0,-247.0,-80.0,-119.0,290.0,0.0,18.0,-946.0,-368.0
2269,-3.0,-248.0,-82.0,-118.0,274.0,1.0,17.0,-953.0,-363.0
2270,-5.0,-251.0,-83.0,-114.0,259.0,4.0,9.0,-958.0,-366.0
2271,-6.0,-253.0,-81.0,-106.0,244.0,7.0,8.0,-973.0,-370.0
2272,-7.0,-254.0,-84.0,-104.0,230.0,4.0,3.0,-983.0,-374.0
2273,-6.0,-257.0,-83.0,-103.0,217.0,2.0,13.0,-981.0,-370.0
2274,-8.0,-257.0,-80.0,-99.0,203.0,2.0,11.0,-998.0,-365.0
2275,-3.0,-260.0,-80.0,-92.0,190.0,0.0,12.0,-999.0,-358.0
2276,-3.0,-260.0,-83.0,-80.0,175.0,1.0,14.0,-1007.0,-362.0
2277,-3.0,-257.0,-82.0,-67.0,160.0,2.0,18.0,-985.0,-350.0
2278,-5.0,-256.0,-79.0,-53.0,145.0,1.0,19.0,-983.0,-351.0
2279,-1.0,-257.0,-79.0,-41.0,130.0,1.0,21.0,-986.0,-345.0
2280,-1.0,-258.0,-80.0,-31.0,117.0,-3.0,18.0,-988.0,-345.0
2281,-5.0,-257.0,-75.0,-20.0,105.0,-6.0,16.0,-998.0,-336.0
2282,-2.0,-256.0,-74.0,-6.0,93.0,-9.0,22.0,-991.0,-332.0
2283,-2.0,-257.0,-76.0,11.0,82.0,-10.0,28.0,-990.0,-333.0
2284,-1.0,-256.0,-74.0,31.0,74.0,-12.0,34.0,-981.0,-332.0
2285,3.0,-254.0,-77.0,49.0,71.0,-9.0,49.0,-978.0,-328.0
2286,6.0,-250.0,-70.0,67.0,72.0,-5.0,50.0,-968.0,-326.0
2287,9.0,-255.0,-71.0,79.0,75.0,-1.0,63.0,-967.0,-322.0
2288,19.0,-253.0,-73.0,87.0,82.0,4.0,76.0,-956.0,-315.0
2289,11.0,-249.0,-67.0,95.0,91.0,9.0,81.0,-954.0,-313.0
2290,15.0,-248.0,-71.0,95.0,100.0,11.0,86.0,-944.0,-312.0
2291,11.0,-244.0,-66.0,92.0,105.0,9.0,95.0,-940.0,-313.0
2292,19.0,-246.0,-66.0,87.0,108.0,9.0,99.0,-933.0,-312.0
2293,15.0,-245.0,-67.0,82.0,112.0,6.0,99.0,-934.0,-311.0
2294,18.0,-242.0,-69.0,79.0,114.0,0.0,102.0,-935.0,-312.0
2295,15.0,-246.0,-71.0,78.0,116.0,-5.0,100.0,-931.0,-314.0
2296,16.0,-242.0,-69.0,77.0,117.0,-13.0,99.0,-930.0,-320.0
2297,15.0,-245.0,-73.0,77.0,114.0,-14.0,96.0,-926.0,-325.0
2298,16.0,-242.0,-69.0,73.0,114.0,-16.0,88.0,-918.0,-333.0
2299,12.0,-241.0,-71.0,66.0,116.0,-16.0,82.0,-925.0,-330.0
2300,13.0,-240.0,-71.0,56.0,117.0,-16.0,84.0,-920.0,-329.0
2301,12.0,-243.0,-75.0,46.0,122.0,-12.0,81.0,-925.0,-330.0
2302,12.0,-242.0,-73.0,34.0,126.0,-8.0,87.0,-925.0,-332.0
2303,9.0,-241.0,-72.0,24.0,127.0,-3.0,88.0,-932.0,-325.0
2304,13.0,-246.0,-74.0,12.0,125.0,3.0,84.0,-938.0,-323.0
2305,7.0,-246.0,-72.0,-4.0,123.0,1.0,71.0,-944.0,-313.0
2306,11.0,-246.0,-69.0,-20.0,117.0,-1.0,70.0,-943.0,-312.0
2307,12.0,-246.0,-68.0,-34.0,116.0,-4.0,64.0,-942.0,-310.0
2308,9.0,-249.0,-73.0,-40.0,112.0,-7.0,72.0,-951.0,-309.0
2309,8.0,-248.0,-71.0,-37.0,107.0,-9.0,68.0,-946.0,-324.0
2310,4.0,-256.0,-83.0,-30.0,103.0,-10.0,64.0,-947.0,-333.0
2311,9.0,-249.0,-78.0,-21.0,100.0,-10.0,61.0,-943.0,-341.0
2312,7.0,-247.0,-77.0,-17.0,98.0,-8.0,58.0,-940.0,-340.0
2313,7.0,-247.0,-81.0,-10.0,95.0,-10.0,59.0,-947.0,-351.0
2314,9.0,-247.0,-80.0,-8.0,91.0,-11.0,62.0,-950.0,-352.0
2315,10.0,-248.0,-75.0,-10.0,83.0,-14.0,67.0,-950.0,-347.0
2316,9.0,-248.0,-76.0,-12.0,76.0,-16.0,62.0,-956.0,-341.0
2317,7.0,-249.0,-70.0,-13.0,67.0,-16.0,58.0,-955.0,-334.0
2318,9.0,-252.0,-73.0,-11.0,60.0,-17.0,57.0,-958.0,-324.0
2319,7.0,-252.0,-73.0,-9.0,52.0,-16.0,56.0,-959.0,-321.0
2320,4.0,-254.0,-71.0,-3.0,44.0,-16.0,64.0,-970.0,-322.0
2321,9.0,-251.0,-68.0,0.0,39.0,-16.0,67.0,-957.0,-319.0
2322,10.0,-249.0,-71.0,2.0,38.0,-16.0,77.0,-955.0,-325.0
2323,10.0,-249.0,-71.0,2.0,42.0,-15.0,80.0,-959.0,-320.0
2324,13.0,-251.0,-74.0,0.0,49.0,-16.0,90.0,-957.0,-322.0
2325,14.0,-251.0,-69.0,-3.0,57.0,-14.0,88.0,-953.0,-315.0
2326,17.0,-248.0,-72.0,-3.0,62.0,-13.0,101.0,-957.0,-310.0
2327,19.0,-249.0,-67.0,0.0,63.0,-12.0,99.0,-954.0,-310.0
2328,17.0,-248.0,-71.0,-2.0,64.0,-12.0,105.0,-961.0,-311.0
2329,17.0,-250.0,-72.0,-3.0,61.0,-10.0,105.0,-963.0,-313.0
2330,19.0,-251.0,-68.0,-4.0,59.0,-7.0,102.0,-964.0,-313.0
2331,16.0,-253.0,-68.0,0.0,57.0,-5.0,96.0,-962.0,-311.0
2332,21.0,-245.0,-71.0,3.0,56.0,-6.0,93.0,-954.0,-317.0
2333,13.0,-249.0,-70.0,5.0,53.0,-9.0,84.0,-955.0,-320.0
2334,14.0,-249.0,-71.0,6.0,51.0,-10.0,83.0,-952.0,-322.0
2335,12.0,-248.0,-74.0,4.0,51.0,-11.0,81.0,-954.0,-320.0
2336,10.0,-248.0,-70.0,2.0,48.0,-12.0,76.0,-944.0,-315.0
2337,7.0,-246.0,-71.0,-1.0,43.0,-15.0,79.0,-937.0,-318.0
2338,10.0,-244.0,-70.0,-5.0,39.0,-19.0,73.0,-940.0,-316.0
2339,13.0,-246.0,-71.0,-8.0,38.0,-19.0,77.0,-931.0,-313.0
2340,12.0,-244.0,-68.0,-10.0,39.0,-21.0,73.0,-922.0,-311.0
2341,10.0,-241.0,-72.0,-11.0,40.0,-21.0,74.0,-920.0,-316.0
2342,12.0,-242.0,-70.0,-17.0,44.0,-19.0,80.0,-924.0,-319.0
2343,17.0,-243.0,-74.0,-29.0,47.0,-17.0,88.0,-922.0,-324.0
2344,13.0,-240.0,-70.0,-43.0,51.0,-14.0,90.0,-927.0,-327.0
2345,14.0,-246.0,-74.0,-53.0,54.0,-19.0,90.0,-936.0,-328.0
2346,16.0,-247.0,-75.0,-64.0,53.0,-22.0,89.0,-937.0,-329.0
2347,15.0,-248.0,-75.0,-77.0,52.0,-25.0,94.0,-950.0,-333.0
2348,18.0,-248.0,-75.0,-92.0,53.0,-22.0,92.0,-958.0,-335.0
2349,15.0,-253.0,-73.0,-102.0,53.0,-20.0,91.0,-974.0,-335.0
2350,14.0,-254.0,-71.0,-101.0,57.0,-17.0,91.0,-971.0,-332.0
2351,13.0,-255.0,-74.0,-94.0,60.0,-14.0,88.0,-978.0,-332.0
2352,15.0,-256.0,-74.0,-84.0,65.0,-13.0,91.0,-977.0,-333.0
2353,13.0,-252.0,-76.0,-72.0,68.0,-9.0,86.0,-966.0,-331.0
2354,14.0,-258.0,-75.0,-61.0,68.0,-9.0,86.0,-951.0,-325.0
2355,14.0,-247.0,-72.0,-55.0,67.0,-9.0,82.0,-938.0,-326.0
2356,13.0,-244.0,-73.0,-55.0,65.0,-9.0,87.0,-924.0,-325.0
2357,14.0,-240.0,-72.0,-61.0,64.0,-11.0,86.0,-924.0,-325.0
2358,11.0,-241.0,-74.0,-69.0,63.0,-11.0,84.0,-918.0,-327.0
2359,11.0,-242.0,-75.0,-77.0,64.0,-11.0,88.0,-918.0,-335.0
2360,17.0,-243.0,-78.0,-85.0,67.0,-9.0,87.0,-922.0,-339.0
2361,14.0,-243.0,-78.0,-95.0,69.0,-10.0,88.0,-920.0,-344.0
2362,12.0,-245.0,-76.0,-107.0,71.0,-12.0,88.0,-929.0,-342.0
2363,13.0,-246.0,-78.0,-119.0,74.0,-12.0,86.0,-937.0,-339.0
2364,11.0,-248.0,-77.0,-127.0,75.0,-12.0,81.0,-953.0,-340.0
2365,13.0,-249.0,-76.0,-132.0,77.0,-13.0,85.0,-959.0,-334.0
2366,9.0,-248.0,-75.0,-132.0,77.0,-12.0,76.0,-963.0,-334.0
2367,15.0,-251.0,-78.0,-128.0,75.0,-11.0,86.0,-968.0,-334.0
2368,15.0,-250.0,-71.0,-126.0,75.0,-11.0,88.0,-965.0,-335.0
2369,12.0,-254.0,-78.0,-125.0,78.0,-9.0,87.0,-972.0,-340.0
2370,12.0,-250.0,-74.0,-128.0,79.0,-3.0,88.0,-968.0,-346.0
2371,14.0,-252.0,-79.0,-131.0,80.0,2.0,89.0,-965.0,-337.0
2372,13.0,-249.0,-76.0,-132.0,83.0,5.0,77.0,-959.0,-340.0
2373,10.0,-248.0,-74.0,-132.0,83.0,9.0,75.0,-954.0,-330.0
2374,8.0,-246.0,-72.0,-132.0,82.0,13.0,65.0,-944.0,-322.0
2375,8.0,-246.0,-67.0,-132.0,79.0,14.0,59.0,-936.0,-309.0
2376,11.0,-251.0,-70.0,-136.0,75.0,14.0,68.0,-938.0,-304.0
2377,11.0,-246.0,-65.0,-142.0,73.0,11.0,68.0,-932.0,-299.0
2378,8.0,-246.0,-68.0,-148.0,77.0,8.0,77.0,-936.0,-299.0
2379,11.0,-245.0,-67.0,-152.0,81.0,5.0,75.0,-934.0,-306.0
2380,10.0,-247.0,-70.0,-154.0,87.0,3.0,77.0,-938.0,-318.0
2381,13.0,-247.0,-74.0,-161.0,91.0,-1.0,85.0,-938.0,-335.0
2382,13.0,-245.0,-77.0,-171.0,94.0,-5.0,88.0,-941.0,-346.0
2383,13.0,-247.0,-79.0,-179.0,94.0,-8.0,88.0,-949.0,-348.0
2384,10.0,-250.0,-79.0,-184.0,92.0,-7.0,88.0,-947.0,-353.0
2385,14.0,-249.0,-76.0,-182.0,89.0,-6.0,88.0,-956.0,-347.0
2386,15.0,-248.0,-79.0,-175.0,86.0,-3.0,92.0,-956.0,-342.0
2387,14.0,-248.0,-79.0,-164.0,84.0,0.0,92.0,-950.0,-351.0
2388,14.0,-248.0,-82.0,-153.0,84.0,4.0,86.0,-947.0,-361.0
2389,13.0,-246.0,-82.0,-145.0,85.0,9.0,84.0,-942.0,-361.0
2390,14.0,-247.0,-80.0,-140.0,87.0,12.0,89.0,-934.0,-366.0
2391,13.0,-244.0,-84.0,-141.0,92.0,16.0,87.0,-927.0,-360.0
2392,13.0,-243.0,-83.0,-146.0,95.0,19.0,87.0,-927.0,-360.0
2393,16.0,-241.0,-79.0,-152.0,100.0,22.0,94.0,-925.0,-356.0
2394,16.0,-245.0,-77.0,-157.0,105.0,23.0,93.0,-929.0,-354.0
2395,17.0,-246.0,-80.0,-157.0,112.0,24.0,98.0,-935.0,-348.0
2396,14.0,-247.0,-78.0,-154.0,118.0,26.0,98.0,-939.0,-358.0
2397,18.0,-241.0,-78.0,-150.0,126.0,26.0,97.0,-938.0,-357.0
2398,17.0,-247.0,-83.0,-149.0,132.0,26.0,102.0,-939.0,-359.0
2399,16.0,-248.0,-83.0,-151.0,137.0,23.0,103.0,-941.0,-364.0
2400,17.0,-249.0,-83.0,-157.0,141.0,21.0,101.0,-947.0,-364.0
2401,19.0,-250.0,-85.0,-162.0,148.0,17.0,94.0,-951.0,-368.0
2402,16.0,-248.0,-83.0,-166.0,155.0,11.0,90.0,-956.0,-365.0
2403,13.0,-248.0,-80.0,-166.0,160.0,5.0,91.0,-948.0,-372.0
2404,13.0,-248.0,-81.0,-161.0,162.0,3.0,91.0,-945.0,-366.0
2405,14.0,-247.0,-82.0,-161.0,166.0,1.0,85.0,-952.0,-359.0
2406,10.0,-248.0,-82.0,-161.0,166.0,-1.0,84.0,-950.0,-348.0
2407,9.0,-247.0,-76.0,-163.0,165.0,-2.0,74.0,-946.0,-343.0
2408,9.0,-248.0,-77.0,-164.0,166.0,-2.0,73.0,-938.0,-345.0
2409,9.0,-246.0,-76.0,-160.0,166.0,1.0,61.0,-937.0,-339.0
2410,8.0,-248.0,-79.0,-149.0,167.0,5.0,64.0,-936.0,-358.0
2411,9.0,-246.0,-87.0,-133.0,167.0,10.0,67.0,-934.0,-375.0
2412,8.0,-243.0,-87.0,-119.0,170.0,13.0,61.0,-929.0,-387.0
2413,8.0,-242.0,-92.0,-113.0,172.0,17.0,68.0,-932.0,-396.0
2414,6.0,-240.0,-87.0,-117.0,177.0,22.0,73.0,-928.0,-398.0
2415,12.0,-243.0,-86.0,-122.0,179.0,24.0,77.0,-930.0,-393.0
2416,12.0,-245.0,-88.0,-125.0,176.0,27.0,79.0,-928.0,-388.0
2417,13.0,-243.0,-86.0,-124.0,173.0,28.0,84.0,-930.0,-385.0
2418,14.0,-244.0,-85.0,-118.0,174.0,28.0,84.0,-933.0,-384.0
2419,11.0,-251.0,-89.0,-110.0,177.0,29.0,91.0,-938.0,-369.0
2420,14.0,-245.0,-81.0,-99.0,180.0,29.0,89.0,-932.0,-374.0
2421,12.0,-244.0,-82.0,-93.0,181.0,30.0,92.0,-934.0,-367.0
2422,13.0,-243.0,-81.0,-93.0,180.0,27.0,93.0,-933.0,-369.0
2423,14.0,-246.0,-84.0,-96.0,180.0,25.0,98.0,-928.0,-370.0
2424,15.0,-243.0,-83.0,-99.0,181.0,25.0,91.0,-929.0,-370.0
2425,15.0,-244.0,-85.0,-102.0,183.0,26.0,89.0,-934.0,-370.0
2426,13.0,-247.0,-83.0,-103.0,185.0,28.0,89.0,-933.0,-374.0
2427,12.0,-245.0,-86.0,-107.0,186.0,27.0,83.0,-932.0,-378.0
2428,16.0,-245.0,-85.0,-111.0,187.0,25.0,80.0,-931.0,-383.0
2429,11.0,-243.0,-83.0,-115.0,189.0,25.0,80.0,-933.0,-380.0
2430,10.0,-244.0,-86.0,-121.0,190.0,26.0,72.0,-930.0,-384.0
2431,8.0,-243.0,-84.0,-126.0,192.0,26.0,72.0,-934.0,-379.0
2432,10.0,-246.0,-85.0,-128.0,194.0,24.0,67.0,-927.0,-376.0
2433,8.0,-246.0,-84.0,-130.0,195.0,23.0,69.0,-924.0,-379.0
2434,8.0,-241.0,-84.0,-129.0,195.0,23.0,74.0,-929.0,-375.0
2435,10.0,-243.0,-84.0,-131.0,192.0,24.0,74.0,-926.0,-375.0
2436,10.0,-246.0,-86.0,-133.0,189.0,22.0,68.0,-928.0,-379.0
2437,8.0,-243.0,-88.0,-137.0,183.0,19.0,67.0,-928.0,-384.0
2438,11.0,-244.0,-86.0,-142.0,178.0,21.0,74.0,-921.0,-388.0
2439,8.0,-245.0,-85.0,-145.0,172.0,23.0,72.0,-931.0,-388.0
2440,13.0,-246.0,-87.0,-148.0,168.0,24.0,77.0,-935.0,-386.0
2441,19.0,-249.0,-84.0,-149.0,166.0,23.0,73.0,-932.0,-392.0
2442,14.0,-248.0,-85.0,-150.0,164.0,25.0,77.0,-933.0,-395.0
2443,9.0,-246.0,-87.0,-148.0,163.0,25.0,78.0,-937.0,-388.0
2444,11.0,-244.0,-86.0,-145.0,164.0,22.0,75.0,-935.0,-389.0
2445,13.0,-246.0,-88.0,-139.0,161.0,21.0,76.0,-932.0,-389.0
2446,9.0,-247.0,-85.0,-132.0,161.0,21.0,75.0,-933.0,-392.0
2447,8.0,-248.0,-90.0,-127.0,159.0,22.0,70.0,-934.0,-396.0
2448,8.0,-245.0,-87.0,-122.0,160.0,22.0,71.0,-931.0,-386.0
2449,9.0,-245.0,-89.0,-118.0,159.0,20.0,73.0,-933.0,-393.0
2450,11.0,-245.0,-89.0,-114.0,156.0,21.0,73.0,-937.0,-385.0
2451,10.0,-247.0,-83.0,-105.0,152.0,21.0,74.0,-933.0,-389.0
2452,16.0,-241.0,-88.0,-90.0,148.0,21.0,78.0,-928.0,-382.0
2453,12.0,-244.0,-87.0,-76.0,147.0,20.0,77.0,-928.0,-390.0
2454,11.0,-242.0,-85.0,-65.0,147.0,21.0,78.0,-928.0,-401.0
2455,10.0,-243.0,-90.0,-59.0,144.0,21.0,81.0,-921.0,-397.0
2456,9.0,-243.0,-92.0,-62.0,142.0,19.0,78.0,-920.0,-399.0
2457,13.0,-239.0,-89.0,-65.0,139.0,17.0,73.0,-918.0,-400.0
2458,11.0,-239.0,-89.0,-71.0,137.0,15.0,76.0,-917.0,-402.0
2459,13.0,-242.0,-88.0,-76.0,136.0,16.0,84.0,-919.0,-403.0
2460,14.0,-243.0,-88.0,-79.0,136.0,19.0,77.0,-925.0,-394.0
2461,12.0,-240.0,-92.0,-84.0,138.0,21.0,79.0,-923.0,-391.0
2462,11.0,-241.0,-84.0,-84.0,141.0,20.0,86.0,-919.0,-383.0
2463,18.0,-247.0,-88.0,-80.0,142.0,19.0,88.0,-929.0,-386.0
2464,15.0,-247.0,-88.0,-74.0,144.0,19.0,89.0,-933.0,-388.0
2465,14.0,-245.0,-90.0,-69.0,144.0,18.0,93.0,-928.0,-394.0
2466,15.0,-244.0,-84.0,-69.0,145.0,14.0,92.0,-936.0,-394.0
2467,13.0,-242.0,-87.0,-71.0,145.0,11.0,91.0,-938.0,-401.0
2468,15.0,-246.0,-91.0,-72.0,147.0,9.0,88.0,-935.0,-402.0
2469,13.0,-243.0,-89.0,-76.0,149.0,5.0,89.0,-938.0,-401.0
2470,16.0,-247.0,-94.0,-81.0,148.0,2.0,88.0,-934.0,-403.0
2471,9.0,-245.0,-88.0,-82.0,148.0,4.0,82.0,-938.0,-406.0
2472,11.0,-246.0,-90.0,-87.0,150.0,4.0,77.0,-935.0,-401.0
2473,11.0,-244.0,-89.0,-89.0,150.0,0.0,77.0,-934.0,-398.0
2474,10.0,-244.0,-87.0,-86.0,149.0,0.0,74.0,-923.0,-392.0
2475,10.0,-246.0,-87.0,-81.0,150.0,2.0,77.0,-931.0,-391.0
2476,9.0,-243.0,-85.0,-75.0,150.0,6.0,73.0,-932.0,-390.0
2477,10.0,-242.0,-86.0,-67.0,150.0,7.0,72.0,-927.0,-394.0
2478,11.0,-241.0,-85.0,-63.0,149.0,11.0,78.0,-922.0,-394.0
2479,11.0,-241.0,-85.0,-60.0,149.0,14.0,70.0,-919.0,-391.0
2480,12.0,-244.0,-88.0,-59.0,146.0,17.0,72.0,-921.0,-399.0
2481,12.0,-245.0,-87.0,-59.0,142.0,18.0,72.0,-919.0,-402.0
2482,10.0,-244.0,-88.0,-61.0,140.0,19.0,77.0,-924.0,-401.0
2483,12.0,-243.0,-86.0,-61.0,137.0,18.0,77.0,-924.0,-404.0
2484,14.0,-247.0,-88.0,-63.0,136.0,16.0,79.0,-919.0,-400.0
2485,14.0,-244.0,-88.0,-62.0,134.0,16.0,84.0,-929.0,-401.0
2486,12.0,-244.0,-92.0,-60.0,132.0,13.0,84.0,-935.0,-399.0
2487,12.0,-246.0,-92.0,-58.0,131.0,12.0,86.0,-929.0,-399.0
2488,16.0,-246.0,-91.0,-56.0,129.0,10.0,89.0,-931.0,-396.0
2489,13.0,-246.0,-91.0,-53.0,130.0,10.0,88.0,-939.0,-396.0
2490,14.0,-247.0,-92.0,-47.0,131.0,10.0,92.0,-936.0,-402.0
2491,12.0,-242.0,-85.0,-39.0,131.0,8.0,88.0,-928.0,-398.0
2492,14.0,-247.0,-87.0,-33.0,131.0,8.0,84.0,-922.0,-401.0
2493,16.0,-244.0,-92.0,-31.0,130.0,8.0,89.0,-925.0,-404.0
2494,11.0,-244.0,-90.0,-36.0,129.0,11.0,85.0,-927.0,-401.0
2495,9.0,-242.0,-91.0,-42.0,129.0,5.0,77.0,-926.0,-414.0
2496,8.0,-243.0,-92.0,-50.0,123.0,0.0,74.0,-920.0,-402.0
2497,11.0,-242.0,-87.0,-53.0,120.0,-1.0,82.0,-923.0,-413.0
2498,15.0,-244.0,-89.0,-54.0,117.0,0.0,78.0,-931.0,-398.0
2499,10.0,-247.0,-90.0,-50.0,115.0,-1.0,78.0,-929.0,-397.0
2500,10.0,-245.0,-89.0,-41.0,115.0,-3.0,76.0,-933.0,-400.0
2501,10.0,-244.0,-92.0,-30.0,114.0,-5.0,72.0,-927.0,-402.0
2502,10.0,-244.0,-88.0,-26.0,110.0,-6.0,77.0,-924.0,-402.0
2503,10.0,-242.0,-87.0,-24.0,108.0,-9.0,75.0,-925.0,-398.0
2504,12.0,-239.0,-88.0,-21.0,103.0,-10.0,74.0,-916.0,-403.0
2505,8.0,-238.0,-89.0,-21.0,99.0,-12.0,74.0,-916.0,-403.0
2506,12.0,-236.0,-88.0,-24.0,94.0,-12.0,75.0,-918.0,-406.0
2507,11.0,-241.0,-91.0,-33.0,90.0,-9.0,74.0,-921.0,-399.0
2508,9.0,-241.0,-92.0,-45.0,83.0,-7.0,71.0,-920.0,-404.0
2509,12.0,-243.0,-89.0,-53.0,76.0,-7.0,81.0,-924.0,-397.0
2510,12.0,-244.0,-89.0,-59.0,68.0,-7.0,81.0,-921.0,-389.0
2511,13.0,-246.0,-86.0,-66.0,62.0,-2.0,85.0,-938.0,-389.0
2512,10.0,-247.0,-85.0,-66.0,61.0,-4.0,84.0,-931.0,-380.0
2513,12.0,-246.0,-88.0,-57.0,59.0,-9.0,80.0,-935.0,-402.0
2514,15.0,-246.0,-87.0,-47.0,56.0,-9.0,85.0,-938.0,-394.0
2515,14.0,-247.0,-89.0,-37.0,55.0,-10.0,87.0,-934.0,-397.0
2516,18.0,-244.0,-90.0,-34.0,56.0,-10.0,89.0,-934.0,-397.0
2517,15.0,-247.0,-88.0,-31.0,58.0,-9.0,87.0,-928.0,-395.0
2518,15.0,-245.0,-85.0,-29.0,60.0,-8.0,94.0,-932.0,-397.0
2519,17.0,-243.0,-85.0,-23.0,57.0,-9.0,93.0,-927.0,-392.0
2520,16.0,-246.0,-86.0,-19.0,54.0,-9.0,97.0,-924.0,-392.0
2521,18.0,-243.0,-88.0,-16.0,53.0,-8.0,91.0,-920.0,-384.0
2522,16.0,-242.0,-88.0,-12.0,55.0,-8.0,90.0,-921.0,-388.0
2523,16.0,-241.0,-90.0,-13.0,53.0,-7.0,93.0,-917.0,-400.0
2524,16.0,-243.0,-92.0,-14.0,51.0,-5.0,96.0,-917.0,-403.0
2525,16.0,-243.0,-91.0,-21.0,50.0,-5.0,92.0,-923.0,-403.0
2526,14.0,-243.0,-91.0,-27.0,47.0,-4.0,89.0,-928.0,-413.0
2527,16.0,-242.0,-94.0,-29.0,48.0,-3.0,88.0,-924.0,-409.0
2528,11.0,-247.0,-90.0,-29.0,50.0,-1.0,89.0,-932.0,-400.0
2529,12.0,-244.0,-90.0,-26.0,51.0,1.0,91.0,-931.0,-405.0
2530,16.0,-247.0,-91.0,-24.0,55.0,3.0,88.0,-935.0,-404.0
2531,12.0,-249.0,-88.0,-18.0,58.0,6.0,89.0,-939.0,-402.0
2532,16.0,-245.0,-89.0,-14.0,62.0,9.0,91.0,-932.0,-394.0
2533,16.0,-246.0,-88.0,-8.0,64.0,15.0,94.0,-938.0,-399.0
2534,12.0,-244.0,-87.0,-1.0,68.0,16.0,89.0,-933.0,-399.0
2535,15.0,-244.0,-92.0,9.0,69.0,17.0,89.0,-930.0,-398.0
2536,15.0,-244.0,-90.0,17.0,69.0,18.0,90.0,-929.0,-400.0
2537,13.0,-244.0,-86.0,25.0,67.0,17.0,92.0,-929.0,-402.0
2538,17.0,-244.0,-89.0,27.0,69.0,20.0,93.0,-924.0,-403.0
2539,17.0,-246.0,-91.0,27.0,69.0,23.0,94.0,-930.0,-408.0
2540,15.0,-243.0,-90.0,28.0,69.0,23.0,92.0,-925.0,-405.0
2541,16.0,-245.0,-88.0,28.0,70.0,25.0,95.0,-926.0,-397.0
2542,14.0,-245.0,-89.0,31.0,71.0,25.0,95.0,-925.0,-403.0
2543,16.0,-244.0,-88.0,36.0,71.0,26.0,98.0,-916.0,-404.0
2544,18.0,-242.0,-89.0,42.0,75.0,27.0,97.0,-916.0,-403.0
2545,13.0,-239.0,-90.0,45.0,80.0,28.0,96.0,-916.0,-407.0
2546,15.0,-240.0,-90.0,47.0,83.0,27.0,92.0,-918.0,-405.0
2547,16.0,-240.0,-91.0,44.0,83.0,26.0,98.0,-919.0,-397.0
2548,11.0,-240.0,-85.0,42.0,86.0,26.0,92.0,-918.0,-402.0
2549,16.0,-241.0,-88.0,36.0,87.0,25.0,91.0,-914.0,-401.0
2550,14.0,-236.0,-85.0,32.0,87.0,26.0,90.0,-918.0,-394.0
2551,13.0,-240.0,-90.0,33.0,88.0,27.0,91.0,-919.0,-401.0
2552,14.0,-241.0,-89.0,39.0,91.0,28.0,89.0,-917.0,-394.0
2553,13.0,-241.0,-86.0,47.0,93.0,31.0,88.0,-917.0,-396.0
2554,13.0,-238.0,-89.0,53.0,95.0,32.0,84.0,-916.0,-401.0
2555,10.0,-238.0,-90.0,53.0,94.0,33.0,76.0,-917.0,-404.0
2556,10.0,-239.0,-88.0,49.0,95.0,34.0,81.0,-921.0,-404.0
2557,12.0,-239.0,-88.0,42.0,92.0,33.0,77.0,-918.0,-399.0
2558,11.0,-239.0,-89.0,36.0,91.0,34.0,84.0,-924.0,-399.0
2559,11.0,-244.0,-87.0,33.0,91.0,37.0,82.0,-927.0,-387.0
2560,11.0,-243.0,-85.0,33.0,92.0,37.0,89.0,-931.0,-386.0
2561,13.0,-244.0,-83.0,35.0,92.0,40.0,93.0,-936.0,-388.0
2562,16.0,-247.0,-85.0,41.0,93.0,41.0,92.0,-934.0,-390.0
2563,13.0,-246.0,-85.0,47.0,94.0,41.0,93.0,-936.0,-386.0
2564,16.0,-245.0,-85.0,54.0,95.0,43.0,91.0,-934.0,-389.0
2565,14.0,-246.0,-85.0,60.0,95.0,41.0,91.0,-933.0,-393.0
2566,18.0,-240.0,-88.0,64.0,94.0,41.0,89.0,-929.0,-388.0
2567,15.0,-243.0,-87.0,66.0,95.0,42.0,89.0,-923.0,-392.0
2568,14.0,-239.0,-90.0,70.0,96.0,43.0,87.0,-923.0,-392.0
2569,15.0,-242.0,-87.0,73.0,97.0,45.0,86.0,-918.0,-393.0
2570,12.0,-239.0,-88.0,73.0,103.0,48.0,86.0,-919.0,-388.0
2571,11.0,-240.0,-86.0,70.0,104.0,49.0,89.0,-919.0,-383.0
2572,18.0,-247.0,-91.0,68.0,109.0,50.0,87.0,-920.0,-388.0
2573,11.0,-243.0,-85.0,64.0,113.0,50.0,77.0,-920.0,-379.0
2574,13.0,-244.0,-84.0,63.0,114.0,53.0,75.0,-926.0,-380.0
2575,12.0,-244.0,-84.0,64.0,115.0,55.0,77.0,-928.0,-376.0
2576,10.0,-244.0,-83.0,67.0,116.0,57.0,75.0,-933.0,-378.0
2577,11.0,-246.0,-84.0,69.0,115.0,59.0,68.0,-934.0,-380.0
2578,11.0,-246.0,-82.0,68.0,115.0,62.0,74.0,-937.0,-379.0
2579,10.0,-247.0,-82.0,69.0,116.0,63.0,72.0,-940.0,-380.0
2580,10.0,-248.0,-84.0,68.0,114.0,65.0,77.0,-945.0,-373.0
2581,10.0,-246.0,-83.0,69.0,115.0,68.0,74.0,-945.0,-368.0
2582,10.0,-246.0,-83.0,71.0,114.0,69.0,70.0,-947.0,-365.0
2583,11.0,-249.0,-84.0,77.0,115.0,70.0,72.0,-948.0,-364.0
2584,8.0,-248.0,-80.0,86.0,114.0,70.0,69.0,-946.0,-369.0
2585,9.0,-246.0,-82.0,95.0,114.0,72.0,72.0,-942.0,-364.0
2586,10.0,-247.0,-83.0,105.0,113.0,73.0,68.0,-936.0,-370.0
2587,7.0,-247.0,-85.0,111.0,114.0,73.0,65.0,-939.0,-370.0
2588,7.0,-248.0,-84.0,112.0,114.0,73.0,66.0,-942.0,-373.0
2589,4.0,-244.0,-83.0,110.0,113.0,75.0,63.0,-938.0,-379.0
2590,7.0,-246.0,-85.0,108.0,113.0,74.0,62.0,-940.0,-375.0
2591,5.0,-247.0,-81.0,106.0,112.0,76.0,66.0,-940.0,-372.0
2592,9.0,-247.0,-80.0,107.0,113.0,78.0,56.0,-938.0,-365.0
2593,6.0,-246.0,-75.0,108.0,113.0,81.0,55.0,-939.0,-366.0
2594,6.0,-246.0,-81.0,111.0,116.0,85.0,58.0,-938.0,-363.0
2595,4.0,-245.0,-82.0,114.0,116.0,88.0,55.0,-940.0,-364.0
2596,5.0,-246.0,-80.0,117.0,119.0,89.0,62.0,-946.0,-364.0
2597,4.0,-248.0,-80.0,118.0,119.0,90.0,60.0,-938.0,-359.0
2598,6.0,-249.0,-79.0,114.0,119.0,91.0,59.0,-947.0,-355.0
2599,7.0,-248.0,-80.0,109.0,120.0,92.0,62.0,-953.0,-348.0
2600,9.0,-248.0,-83.0,105.0,122.0,90.0,61.0,-959.0,-352.0
2601,9.0,-250.0,-77.0,105.0,124.0,89.0,71.0,-954.0,-351.0
2602,9.0,-251.0,-78.0,109.0,126.0,84.0,74.0,-964.0,-346.0
2603,10.0,-251.0,-80.0,118.0,129.0,82.0,81.0,-965.0,-351.0
2604,13.0,-254.0,-78.0,131.0,136.0,79.0,81.0,-966.0,-351.0
2605,13.0,-252.0,-79.0,145.0,143.0,75.0,83.0,-964.0,-354.0
2606,11.0,-249.0,-80.0,155.0,149.0,72.0,78.0,-963.0,-351.0
2607,10.0,-248.0,-81.0,163.0,155.0,70.0,77.0,-957.0,-352.0
2608,11.0,-248.0,-81.0,168.0,159.0,69.0,70.0,-947.0,-349.0
2609,9.0,-245.0,-76.0,169.0,163.0,70.0,72.0,-940.0,-351.0
2610,8.0,-244.0,-80.0,167.0,165.0,71.0,72.0,-931.0,-351.0
2611,10.0,-243.0,-77.0,161.0,170.0,72.0,65.0,-935.0,-345.0
2612,4.0,-243.0,-76.0,151.0,170.0,74.0,63.0,-934.0,-346.0
2613,6.0,-244.0,-73.0,136.0,169.0,77.0,62.0,-932.0,-334.0
2614,8.0,-245.0,-72.0,123.0,167.0,78.0,60.0,-935.0,-330.0
2615,10.0,-239.0,-72.0,118.0,166.0,80.0,61.0,-941.0,-340.0
2616,8.0,-247.0,-74.0,121.0,164.0,81.0,58.0,-939.0,-342.0
2617,7.0,-248.0,-77.0,127.0,165.0,79.0,60.0,-947.0,-345.0
2618,5.0,-248.0,-80.0,133.0,164.0,75.0,56.0,-947.0,-348.0
2619,5.0,-247.0,-78.0,138.0,163.0,70.0,51.0,-946.0,-352.0
2620,3.0,-247.0,-80.0,142.0,158.0,63.0,53.0,-953.0,-347.0
2621,1.0,-246.0,-81.0,144.0,151.0,58.0,55.0,-947.0,-352.0
2622,6.0,-248.0,-79.0,147.0,145.0,51.0,57.0,-946.0,-358.0
2623,7.0,-246.0,-78.0,151.0,143.0,48.0,60.0,-943.0,-346.0
2624,5.0,-246.0,-79.0,155.0,143.0,44.0,55.0,-936.0,-348.0
2625,6.0,-246.0,-80.0,159.0,139.0,41.0,53.0,-933.0,-348.0
2626,3.0,-242.0,-80.0,161.0,134.0,38.0,54.0,-931.0,-354.0
2627,6.0,-243.0,-81.0,164.0,128.0,35.0,53.0,-920.0,-366.0
2628,5.0,-240.0,-85.0,165.0,119.0,30.0,50.0,-911.0,-376.0
2629,2.0,-237.0,-84.0,167.0,111.0,25.0,46.0,-908.0,-382.0
2630,2.0,-233.0,-86.0,165.0,101.0,19.0,38.0,-895.0,-387.0
2631,1.0,-232.0,-89.0,161.0,92.0,9.0,36.0,-890.0,-387.0
2632,0.0,-228.0,-87.0,151.0,80.0,0.0,34.0,-873.0,-394.0
2633,0.0,-225.0,-89.0,138.0,67.0,-13.0,28.0,-862.0,-393.0
2634,-2.0,-220.0,-86.0,126.0,56.0,-29.0,25.0,-859.0,-391.0
2635,-1.0,-217.0,-88.0,118.0,44.0,-47.0,13.0,-838.0,-396.0
2636,-5.0,-214.0,-87.0,108.0,28.0,-68.0,-1.0,-826.0,-390.0
2637,-17.0,-207.0,-88.0,97.0,7.0,-90.0,-10.0,-813.0,-386.0
2638,-16.0,-206.0,-85.0,85.0,-20.0,-115.0,-28.0,-795.0,-378.0
2639,-14.0,-202.0,-80.0,74.0,-56.0,-142.0,-33.0,-784.0,-364.0
2640,-18.0,-202.0,-79.0,69.0,-92.0,-170.0,-47.0,-768.0,-352.0
2641,-27.0,-198.0,-72.0,68.0,-130.0,-202.0,-66.0,-760.0,-328.0
2642,-21.0,-199.0,-64.0,68.0,-156.0,-231.0,-67.0,-762.0,-300.0
2643,-25.0,-201.0,-56.0,70.0,-184.0,-261.0,-68.0,-773.0,-262.0
2644,-21.0,-200.0,-48.0,71.0,-204.0,-289.0,-58.0,-781.0,-226.0
2645,-17.0,-207.0,-44.0,73.0,-219.0,-311.0,-42.0,-799.0,-211.0
2646,-13.0,-215.0,-48.0,63.0,-227.0,-339.0,-23.0,-824.0,-205.0
2647,-9.0,-224.0,-50.0,34.0,-231.0,-364.0,-4.0,-860.0,-222.0
2648,0.0,-235.0,-55.0,-14.0,-227.0,-384.0,19.0,-901.0,-247.0
2649,3.0,-243.0,-66.0,-78.0,-213.0,-405.0,35.0,-940.0,-288.0
2650,6.0,-255.0,-75.0,-152.0,-191.0,-421.0,53.0,-979.0,-337.0
2651,15.0,-266.0,-84.0,-220.0,-162.0,-436.0,88.0,-1038.0,-368.0
2652,24.0,-281.0,-85.0,-254.0,-130.0,-441.0,116.0,-1083.0,-382.0
2653,29.0,-290.0,-87.0,-247.0,-102.0,-438.0,140.0,-1113.0,-389.0
2654,30.0,-297.0,-91.0,-202.0,-73.0,-433.0,156.0,-1141.0,-411.0
2655,34.0,-303.0,-91.0,-142.0,-47.0,-417.0,163.0,-1156.0,-417.0
2656,39.0,-307.0,-91.0,-79.0,-26.0,-385.0,179.0,-1165.0,-414.0
2657,47.0,-300.0,-85.0,-27.0,-8.0,-346.0,209.0,-1162.0,-395.0
2658,51.0,-296.0,-82.0,14.0,14.0,-304.0,221.0,-1136.0,-369.0
2659,44.0,-275.0,-78.0,50.0,44.0,-265.0,217.0,-1106.0,-334.0
2660,47.0,-278.0,-75.0,76.0,78.0,-229.0,220.0,-1076.0,-336.0
2661,44.0,-272.0,-76.0,61.0,108.0,-192.0,214.0,-1053.0,-324.0
2662,42.0,-267.0,-69.0,23.0,140.0,-151.0,194.0,-1040.0,-318.0
2663,42.0,-268.0,-71.0,-25.0,173.0,-111.0,191.0,-1039.0,-305.0
2664,37.0,-272.0,-72.0,-63.0,211.0,-73.0,172.0,-1050.0,-315.0
2665,31.0,-277.0,-71.0,-105.0,239.0,-30.0,153.0,-1069.0,-314.0
2666,25.0,-285.0,-69.0,-134.0,260.0,10.0,134.0,-1094.0,-311.0
2667,18.0,-289.0,-71.0,-144.0,275.0,46.0,110.0,-1112.0,-312.0
2668,9.0,-296.0,-68.0,-138.0,290.0,91.0,76.0,-1132.0,-306.0
2669,2.0,-295.0,-63.0,-116.0,302.0,140.0,54.0,-1141.0,-308.0
2670,1.0,-296.0,-65.0,-89.0,311.0,187.0,40.0,-1131.0,-300.0
2671,0.0,-288.0,-70.0,-53.0,326.0,224.0,24.0,-1112.0,-305.0
2672,-4.0,-279.0,-67.0,-29.0,339.0,260.0,7.0,-1081.0,-307.0
2673,-16.0,-268.0,-66.0,-18.0,348.0,292.0,-25.0,-1044.0,-309.0
2674,-17.0,-264.0,-68.0,-21.0,351.0,326.0,-33.0,-1022.0,-316.0
2675,-19.0,-255.0,-72.0,-41.0,340.0,357.0,-44.0,-997.0,-316.0
2676,-19.0,-251.0,-70.0,-64.0,327.0,381.0,-41.0,-963.0,-313.0
2677,-20.0,-246.0,-70.0,-81.0,315.0,396.0,-44.0,-941.0,-320.0
2678,-17.0,-239.0,-75.0,-99.0,305.0,408.0,-40.0,-916.0,-333.0
2679,-17.0,-235.0,-74.0,-120.0,296.0,421.0,-33.0,-908.0,-335.0
2680,-13.0,-233.0,-80.0,-141.0,292.0,431.0,-28.0,-893.0,-331.0
2681,-7.0,-230.0,-70.0,-153.0,293.0,438.0,-4.0,-887.0,-327.0
2682,0.0,-230.0,-72.0,-159.0,304.0,445.0,17.0,-887.0,-325.0
2683,3.0,-228.0,-68.0,-159.0,323.0,452.0,36.0,-887.0,-318.0
2684,5.0,-233.0,-71.0,-159.0,350.0,447.0,51.0,-893.0,-315.0
2685,11.0,-231.0,-67.0,-163.0,379.0,440.0,70.0,-893.0,-310.0
2686,12.0,-233.0,-68.0,-166.0,408.0,431.0,85.0,-896.0,-308.0
2687,13.0,-236.0,-68.0,-163.0,437.0,418.0,86.0,-899.0,-308.0
2688,15.0,-238.0,-64.0,-155.0,464.0,399.0,86.0,-911.0,-301.0
2689,14.0,-238.0,-64.0,-144.0,488.0,382.0,86.0,-905.0,-299.0
2690,12.0,-238.0,-68.0,-129.0,512.0,365.0,82.0,-910.0,-303.0
2691,14.0,-239.0,-65.0,-118.0,534.0,345.0,82.0,-908.0,-291.0
2692,11.0,-237.0,-62.0,-107.0,547.0,329.0,84.0,-909.0,-283.0
2693,9.0,-235.0,-61.0,-100.0,560.0,311.0,68.0,-903.0,-282.0
2694,6.0,-237.0,-59.0,-94.0,566.0,297.0,57.0,-904.0,-277.0
2695,4.0,-235.0,-57.0,-88.0,572.0,274.0,49.0,-908.0,-276.0
2696,0.0,-238.0,-59.0,-83.0,580.0,257.0,42.0,-907.0,-273.0
2697,3.0,-235.0,-59.0,-80.0,591.0,245.0,44.0,-907.0,-277.0
2698,0.0,-234.0,-59.0,-78.0,597.0,232.0,36.0,-904.0,-276.0
2699,1.0,-237.0,-60.0,-75.0,603.0,215.0,29.0,-912.0,-284.0
2700,0.0,-238.0,-63.0,-73.0,606.0,194.0,13.0,-908.0,-285.0
2701,-3.0,-239.0,-65.0,-73.0,603.0,174.0,5.0,-907.0,-284.0
2702,-12.0,-236.0,-59.0,-77.0,601.0,160.0,9.0,-916.0,-290.0
2703,-4.0,-241.0,-64.0,-86.0,601.0,148.0,9.0,-917.0,-291.0
2704,-5.0,-241.0,-65.0,-96.0,606.0,137.0,13.0,-923.0,-298.0
2705,0.0,-243.0,-65.0,-103.0,611.0,130.0,16.0,-920.0,-300.0
2706,-2.0,-243.0,-67.0,-104.0,617.0,124.0,16.0,-930.0,-299.0
2707,-2.0,-243.0,-66.0,-103.0,622.0,118.0,14.0,-930.0,-304.0
2708,-2.0,-244.0,-72.0,-100.0,625.0,106.0,17.0,-924.0,-307.0
2709,-5.0,-239.0,-70.0,-100.0,627.0,93.0,11.0,-918.0,-313.0
2710,-2.0,-241.0,-70.0,-106.0,627.0,80.0,15.0,-916.0,-321.0
2711,0.0,-241.0,-70.0,-120.0,627.0,70.0,28.0,-916.0,-317.0
2712,-1.0,-237.0,-69.0,-140.0,626.0,60.0,27.0,-914.0,-310.0
2713,1.0,-242.0,-68.0,-158.0,623.0,49.0,29.0,-916.0,-309.0
2714,1.0,-241.0,-63.0,-179.0,619.0,38.0,28.0,-915.0,-295.0
2715,0.0,-241.0,-62.0,-204.0,615.0,31.0,27.0,-922.0,-280.0
2716,0.0,-240.0,-57.0,-225.0,613.0,22.0,25.0,-921.0,-270.0
2717,1.0,-242.0,-55.0,-239.0,617.0,18.0,36.0,-930.0,-259.0
2718,4.0,-247.0,-60.0,-243.0,625.0,18.0,41.0,-932.0,-273.0
2719,5.0,-246.0,-62.0,-247.0,636.0,21.0,57.0,-939.0,-276.0
2720,7.0,-246.0,-63.0,-254.0,650.0,25.0,60.0,-940.0,-285.0
2721,9.0,-245.0,-64.0,-265.0,666.0,27.0,75.0,-945.0,-287.0
2722,10.0,-247.0,-66.0,-271.0,680.0,31.0,62.0,-950.0,-289.0
2723,3.0,-247.0,-64.0,-271.0,696.0,34.0,56.0,-949.0,-285.0
2724,4.0,-245.0,-59.0,-272.0,710.0,41.0,48.0,-945.0,-281.0
2725,1.0,-244.0,-61.0,-274.0,724.0,49.0,43.0,-938.0,-274.0
2726,1.0,-242.0,-59.0,-286.0,738.0,55.0,44.0,-925.0,-262.0
2727,1.0,-240.0,-58.0,-311.0,750.0,61.0,37.0,-923.0,-267.0
2728,1.0,-241.0,-60.0,-346.0,752.0,72.0,38.0,-915.0,-265.0
2729,1.0,-236.0,-63.0,-387.0,754.0,82.0,43.0,-911.0,-271.0
2730,4.0,-239.0,-58.0,-417.0,759.0,92.0,42.0,-914.0,-270.0
2731,4.0,-238.0,-60.0,-434.0,769.0,103.0,47.0,-909.0,-267.0
2732,3.0,-238.0,-58.0,-444.0,786.0,114.0,36.0,-916.0,-274.0
2733,0.0,-239.0,-59.0,-453.0,810.0,124.0,21.0,-917.0,-285.0
2734,-8.0,-240.0,-69.0,-467.0,838.0,134.0,2.0,-920.0,-307.0
2735,-13.0,-240.0,-74.0,-489.0,869.0,143.0,-21.0,-922.0,-328.0
2736,-20.0,-239.0,-81.0,-518.0,894.0,152.0,-36.0,-934.0,-348.0
2737,-20.0,-248.0,-82.0,-541.0,910.0,160.0,-58.0,-940.0,-349.0
2738,-25.0,-249.0,-74.0,-543.0,920.0,166.0,-63.0,-957.0,-331.0
2739,-27.0,-256.0,-71.0,-522.0,924.0,173.0,-69.0,-985.0,-321.0
2740,-28.0,-261.0,-67.0,-501.0,924.0,184.0,-83.0,-1008.0,-319.0
2741,-32.0,-265.0,-66.0,-472.0,924.0,198.0,-97.0,-1026.0,-318.0
2742,-37.0,-268.0,-73.0,-453.0,922.0,216.0,-117.0,-1039.0,-323.0
2743,-41.0,-270.0,-72.0,-442.0,919.0,239.0,-129.0,-1052.0,-326.0
2744,-43.0,-275.0,-71.0,-433.0,919.0,264.0,-139.0,-1064.0,-327.0
2745,-37.0,-281.0,-77.0,-420.0,923.0,281.0,-136.0,-1086.0,-324.0
2746,-41.0,-284.0,-70.0,-400.0,932.0,304.0,-120.0,-1100.0,-322.0
2747,-33.0,-291.0,-67.0,-370.0,943.0,320.0,-102.0,-1110.0,-313.0
2748,-28.0,-291.0,-68.0,-329.0,957.0,331.0,-75.0,-1114.0,-315.0
2749,-19.0,-292.0,-70.0,-282.0,973.0,335.0,-57.0,-1118.0,-327.0
2750,-12.0,-288.0,-75.0,-240.0,988.0,338.0,-32.0,-1111.0,-325.0
2751,-14.0,-286.0,-70.0,-202.0,1003.0,335.0,-24.0,-1105.0,-322.0
2752,-11.0,-281.0,-68.0,-162.0,1013.0,333.0,-8.0,-1096.0,-312.0
2753,-2.0,-283.0,-71.0,-118.0,1022.0,331.0,15.0,-1076.0,-310.0
2754,1.0,-274.0,-75.0,-76.0,1034.0,328.0,34.0,-1069.0,-320.0
2755,7.0,-273.0,-74.0,-48.0,1049.0,327.0,53.0,-1049.0,-328.0
2756,9.0,-270.0,-77.0,-32.0,1061.0,326.0,77.0,-1034.0,-345.0
2757,15.0,-264.0,-84.0,-26.0,1071.0,325.0,92.0,-1021.0,-367.0
2758,16.0,-263.0,-83.0,-23.0,1075.0,326.0,90.0,-1018.0,-375.0
2759,14.0,-260.0,-84.0,-18.0,1075.0,328.0,92.0,-1003.0,-379.0
2760,10.0,-256.0,-84.0,-4.0,1072.0,336.0,66.0,-980.0,-374.0
2761,2.0,-250.0,-81.0,20.0,1063.0,347.0,43.0,-960.0,-367.0
2762,0.0,-251.0,-82.0,44.0,1051.0,361.0,19.0,-948.0,-366.0
2763,-8.0,-246.0,-82.0,67.0,1037.0,374.0,4.0,-929.0,-361.0
2764,-12.0,-238.0,-83.0,80.0,1025.0,381.0,-14.0,-920.0,-373.0
2765,-12.0,-237.0,-84.0,85.0,1014.0,384.0,-19.0,-915.0,-388.0
2766,-7.0,-243.0,-92.0,81.0,1008.0,381.0,-15.0,-920.0,-418.0
2767,-11.0,-241.0,-114.0,60.0,1004.0,374.0,5.0,-941.0,-454.0
2768,-4.0,-248.0,-118.0,9.0,997.0,370.0,11.0,-964.0,-518.0
2769,-5.0,-256.0,-134.0,-74.0,983.0,371.0,16.0,-1004.0,-569.0
2770,-2.0,-270.0,-140.0,-163.0,956.0,382.0,24.0,-1041.0,-598.0
2771,0.0,-285.0,-140.0,-227.0,924.0,402.0,22.0,-1079.0,-616.0
2772,-5.0,-294.0,-135.0,-248.0,899.0,437.0,17.0,-1125.0,-594.0
2773,-5.0,-305.0,-121.0,-223.0,877.0,488.0,3.0,-1158.0,-550.0
2774,-9.0,-312.0,-105.0,-168.0,847.0,554.0,12.0,-1169.0,-481.0
2775,-5.0,-302.0,-89.0,-76.0,820.0,609.0,17.0,-1147.0,-422.0
2776,0.0,-287.0,-84.0,37.0,793.0,660.0,37.0,-1101.0,-391.0
2777,13.0,-270.0,-88.0,132.0,771.0,697.0,83.0,-1048.0,-393.0
2778,27.0,-253.0,-89.0,185.0,763.0,715.0,141.0,-987.0,-412.0
2779,42.0,-241.0,-95.0,203.0,765.0,715.0,192.0,-916.0,-433.0
2780,51.0,-223.0,-101.0,203.0,782.0,696.0,228.0,-858.0,-454.0
2781,60.0,-209.0,-111.0,186.0,802.0,669.0,247.0,-811.0,-478.0
2782,63.0,-201.0,-113.0,152.0,826.0,639.0,264.0,-780.0,-493.0
2783,63.0,-200.0,-109.0,108.0,850.0,609.0,281.0,-756.0,-489.0
2784,68.0,-199.0,-107.0,67.0,883.0,578.0,284.0,-759.0,-461.0
2785,67.0,-201.0,-100.0,39.0,926.0,545.0,288.0,-763.0,-441.0
2786,65.0,-201.0,-93.0,25.0,967.0,510.0,286.0,-757.0,-426.0
2787,66.0,-202.0,-93.0,20.0,1012.0,482.0,281.0,-779.0,-423.0
2788,68.0,-204.0,-93.0,11.0,1053.0,449.0,267.0,-787.0,-438.0
2789,59.0,-208.0,-102.0,-9.0,1086.0,414.0,268.0,-799.0,-446.0
2790,61.0,-212.0,-102.0,-29.0,1112.0,378.0,249.0,-820.0,-454.0
2791,45.0,-215.0,-107.0,-42.0,1126.0,342.0,220.0,-830.0,-479.0
2792,33.0,-218.0,-118.0,-53.0,1131.0,311.0,171.0,-838.0,-493.0
2793,23.0,-215.0,-121.0,-53.0,1128.0,286.0,140.0,-838.0,-533.0
2794,16.0,-217.0,-132.0,-49.0,1114.0,272.0,100.0,-825.0,-558.0
2795,10.0,-213.0,-135.0,-48.0,1094.0,260.0,64.0,-816.0,-573.0
2796,1.0,-206.0,-143.0,-41.0,1073.0,250.0,35.0,-804.0,-587.0
2797,-3.0,-202.0,-139.0,-29.0,1054.0,248.0,9.0,-786.0,-600.0
2798,-10.0,-203.0,-144.0,-30.0,1033.0,256.0,-17.0,-795.0,-604.0
2799,-18.0,-202.0,-138.0,-48.0,1010.0,272.0,-36.0,-794.0,-596.0
2800,-18.0,-207.0,-129.0,-73.0,985.0,292.0,-46.0,-804.0,-574.0
2801,-18.0,-214.0,-126.0,-91.0,965.0,316.0,-42.0,-822.0,-562.0
2802,-12.0,-223.0,-120.0,-113.0,943.0,341.0,-26.0,-848.0,-549.0
2803,-3.0,-231.0,-121.0,-137.0,918.0,368.0,10.0,-874.0,-530.0
2804,2.0,-241.0,-117.0,-155.0,899.0,393.0,43.0,-908.0,-509.0
2805,16.0,-246.0,-111.0,-160.0,890.0,412.0,94.0,-941.0,-489.0
2806,27.0,-250.0,-107.0,-154.0,886.0,430.0,141.0,-968.0,-481.0
2807,37.0,-257.0,-108.0,-140.0,889.0,442.0,192.0,-983.0,-474.0
2808,49.0,-262.0,-104.0,-118.0,903.0,451.0,226.0,-1009.0,-468.0
2809,59.0,-263.0,-103.0,-91.0,924.0,457.0,262.0,-1019.0,-464.0
2810,64.0,-273.0,-106.0,-64.0,950.0,459.0,278.0,-1023.0,-469.0
2811,68.0,-266.0,-107.0,-40.0,978.0,455.0,295.0,-1018.0,-464.0
2812,73.0,-265.0,-104.0,-16.0,1013.0,447.0,315.0,-1015.0,-464.0
2813,75.0,-262.0,-102.0,13.0,1056.0,435.0,318.0,-1001.0,-459.0
2814,80.0,-261.0,-103.0,47.0,1108.0,424.0,321.0,-983.0,-452.0
2815,75.0,-254.0,-105.0,83.0,1169.0,413.0,321.0,-961.0,-458.0
2816,68.0,-243.0,-106.0,116.0,1232.0,402.0,301.0,-929.0,-460.0
2817,63.0,-241.0,-105.0,138.0,1294.0,392.0,273.0,-907.0,-467.0
2818,58.0,-235.0,-105.0,147.0,1352.0,382.0,247.0,-888.0,-467.0
2819,50.0,-226.0,-108.0,148.0,1405.0,372.0,226.0,-866.0,-468.0
2820,43.0,-226.0,-113.0,150.0,1449.0,366.0,199.0,-850.0,-487.0
2821,35.0,-220.0,-116.0,148.0,1480.0,362.0,169.0,-843.0,-503.0
2822,30.0,-217.0,-120.0,144.0,1501.0,357.0,149.0,-832.0,-516.0
2823,21.0,-215.0,-126.0,134.0,1509.0,351.0,118.0,-829.0,-537.0
2824,14.0,-213.0,-125.0,117.0,1505.0,345.0,87.0,-815.0,-549.0
2825,10.0,-211.0,-127.0,92.0,1498.0,347.0,69.0,-817.0,-550.0
2826,5.0,-214.0,-122.0,65.0,1492.0,355.0,50.0,-818.0,-542.0
2827,3.0,-215.0,-128.0,41.0,1480.0,365.0,32.0,-821.0,-528.0
2828,2.0,-217.0,-118.0,19.0,1469.0,369.0,29.0,-830.0,-510.0
2829,-1.0,-216.0,-113.0,5.0,1459.0,374.0,23.0,-838.0,-495.0
2830,-3.0,-217.0,-110.0,-11.0,1449.0,380.0,12.0,-837.0,-487.0
2831,0.0,-219.0,-108.0,-28.0,1439.0,385.0,20.0,-848.0,-474.0
2832,4.0,-218.0,-98.0,-47.0,1430.0,387.0,38.0,-856.0,-461.0
2833,6.0,-224.0,-101.0,-63.0,1427.0,386.0,53.0,-859.0,-452.0
2834,12.0,-223.0,-102.0,-75.0,1423.0,381.0,71.0,-863.0,-450.0
2835,18.0,-228.0,-105.0,-86.0,1419.0,376.0,105.0,-871.0,-442.0
2836,27.0,-229.0,-98.0,-97.0,1420.0,370.0,137.0,-878.0,-443.0
2837,38.0,-235.0,-97.0,-112.0,1425.0,364.0,169.0,-892.0,-445.0
2838,39.0,-236.0,-98.0,-127.0,1434.0,358.0,192.0,-903.0,-438.0
2839,44.0,-240.0,-99.0,-136.0,1445.0,349.0,202.0,-915.0,-450.0
2840,42.0,-246.0,-95.0,-145.0,1458.0,337.0,194.0,-929.0,-440.0
2841,38.0,-246.0,-98.0,-151.0,1468.0,326.0,187.0,-934.0,-434.0
2842,38.0,-246.0,-96.0,-146.0,1478.0,314.0,175.0,-947.0,-438.0
2843,29.0,-250.0,-95.0,-136.0,1488.0,303.0,159.0,-943.0,-425.0
2844,26.0,-246.0,-90.0,-115.0,1499.0,292.0,139.0,-945.0,-417.0
2845,18.0,-247.0,-88.0,-89.0,1509.0,285.0,123.0,-937.0,-401.0
2846,20.0,-241.0,-87.0,-63.0,1512.0,280.0,110.0,-926.0,-390.0
2847,16.0,-241.0,-91.0,-46.0,1510.0,277.0,105.0,-918.0,-390.0
2848,23.0,-235.0,-89.0,-38.0,1510.0,280.0,113.0,-912.0,-408.0
2849,23.0,-234.0,-91.0,-39.0,1509.0,285.0,133.0,-900.0,-414.0
2850,24.0,-233.0,-95.0,-44.0,1510.0,296.0,132.0,-895.0,-421.0
2851,23.0,-230.0,-93.0,-51.0,1514.0,305.0,118.0,-890.0,-420.0
2852,18.0,-233.0,-96.0,-54.0,1513.0,316.0,105.0,-893.0,-416.0
2853,13.0,-235.0,-91.0,-60.0,1505.0,327.0,90.0,-891.0,-414.0
2854,12.0,-229.0,-99.0,-62.0,1485.0,338.0,83.0,-892.0,-410.0
2855,11.0,-235.0,-87.0,-68.0,1459.0,344.0,85.0,-893.0,-401.0
2856,11.0,-235.0,-87.0,-74.0,1426.0,349.0,91.0,-896.0,-393.0
2857,12.0,-234.0,-89.0,-80.0,1393.0,350.0,90.0,-900.0,-390.0
2858,14.0,-240.0,-86.0,-88.0,1359.0,346.0,90.0,-913.0,-394.0
2859,13.0,-242.0,-88.0,-93.0,1326.0,340.0,89.0,-918.0,-397.0
2860,12.0,-244.0,-87.0,-94.0,1293.0,333.0,88.0,-927.0,-393.0
2861,12.0,-246.0,-90.0,-93.0,1264.0,327.0,86.0,-932.0,-397.0
2862,7.0,-244.0,-86.0,-87.0,1236.0,322.0,80.0,-950.0,-397.0
2863,13.0,-252.0,-86.0,-79.0,1208.0,320.0,78.0,-957.0,-385.0
2864,7.0,-252.0,-85.0,-71.0,1182.0,319.0,83.0,-964.0,-377.0
2865,11.0,-253.0,-79.0,-60.0,1158.0,319.0,85.0,-972.0,-375.0
2866,15.0,-254.0,-83.0,-43.0,1135.0,320.0,86.0,-976.0,-366.0
2867,13.0,-256.0,-83.0,-24.0,1113.0,321.0,89.0,-975.0,-370.0
2868,15.0,-255.0,-82.0,-9.0,1089.0,322.0,94.0,-977.0,-373.0
2869,16.0,-252.0,-83.0,0.0,1069.0,324.0,96.0,-968.0,-379.0
2870,17.0,-251.0,-82.0,5.0,1048.0,327.0,106.0,-963.0,-376.0
2871,18.0,-248.0,-81.0,9.0,1030.0,332.0,107.0,-955.0,-378.0
2872,19.0,-246.0,-84.0,12.0,1015.0,332.0,112.0,-951.0,-369.0
2873,18.0,-244.0,-83.0,14.0,1002.0,333.0,114.0,-940.0,-361.0
2874,22.0,-245.0,-81.0,12.0,988.0,332.0,116.0,-932.0,-356.0
2875,27.0,-241.0,-79.0,11.0,972.0,332.0,122.0,-926.0,-352.0
2876,21.0,-241.0,-81.0,10.0,954.0,332.0,129.0,-918.0,-348.0
2877,26.0,-239.0,-78.0,10.0,932.0,332.0,131.0,-915.0,-352.0
2878,26.0,-236.0,-83.0,8.0,911.0,329.0,141.0,-903.0,-362.0
2879,28.0,-233.0,-83.0,2.0,891.0,324.0,139.0,-898.0,-369.0
2880,28.0,-238.0,-85.0,-9.0,874.0,320.0,146.0,-890.0,-374.0
2881,29.0,-230.0,-82.0,-24.0,861.0,316.0,144.0,-883.0,-372.0
2882,31.0,-230.0,-82.0,-38.0,851.0,309.0,149.0,-879.0,-367.0
2883,28.0,-230.0,-83.0,-49.0,848.0,303.0,147.0,-876.0,-366.0
2884,28.0,-228.0,-81.0,-62.0,840.0,297.0,143.0,-887.0,-360.0
2885,30.0,-231.0,-77.0,-76.0,832.0,296.0,144.0,-882.0,-345.0
2886,28.0,-232.0,-79.0,-87.0,821.0,287.0,142.0,-893.0,-349.0
2887,26.0,-233.0,-79.0,-91.0,803.0,285.0,138.0,-892.0,-350.0
2888,25.0,-234.0,-81.0,-95.0,785.0,282.0,140.0,-901.0,-361.0
2889,23.0,-235.0,-83.0,-104.0,764.0,278.0,133.0,-902.0,-372.0
2890,24.0,-238.0,-83.0,-114.0,739.0,274.0,127.0,-904.0,-377.0
2891,18.0,-235.0,-87.0,-123.0,710.0,275.0,122.0,-904.0,-381.0
2892,21.0,-240.0,-85.0,-130.0,682.0,272.0,119.0,-914.0,-388.0
2893,21.0,-241.0,-88.0,-133.0,659.0,273.0,114.0,-920.0,-388.0
2894,21.0,-244.0,-89.0,-134.0,636.0,274.0,113.0,-924.0,-390.0
2895,18.0,-244.0,-90.0,-134.0,613.0,275.0,115.0,-926.0,-392.0
2896,21.0,-247.0,-91.0,-124.0,591.0,278.0,114.0,-927.0,-412.0
2897,23.0,-242.0,-85.0,-111.0,576.0,281.0,115.0,-937.0,-419.0
2898,20.0,-248.0,-95.0,-100.0,559.0,278.0,118.0,-951.0,-432.0
2899,21.0,-249.0,-97.0,-99.0,547.0,270.0,115.0,-945.0,-430.0
2900,24.0,-248.0,-97.0,-97.0,537.0,264.0,107.0,-941.0,-427.0
2901,17.0,-247.0,-97.0,-89.0,528.0,263.0,109.0,-943.0,-432.0
2902,19.0,-246.0,-95.0,-77.0,521.0,266.0,113.0,-943.0,-439.0
2903,20.0,-248.0,-94.0,-60.0,513.0,268.0,111.0,-939.0,-431.0
2904,23.0,-248.0,-96.0,-44.0,511.0,267.0,109.0,-940.0,-427.0
2905,18.0,-247.0,-95.0,-30.0,508.0,267.0,106.0,-935.0,-419.0
2906,18.0,-243.0,-92.0,-17.0,506.0,269.0,109.0,-936.0,-415.0
2907,18.0,-246.0,-92.0,-3.0,502.0,272.0,109.0,-920.0,-406.0
2908,18.0,-245.0,-92.0,13.0,500.0,273.0,108.0,-928.0,-402.0
2909,17.0,-240.0,-86.0,29.0,494.0,274.0,100.0,-920.0,-392.0
2910,17.0,-242.0,-89.0,46.0,484.0,274.0,98.0,-916.0,-394.0
2911,16.0,-239.0,-86.0,61.0,474.0,277.0,94.0,-915.0,-389.0
2912,13.0,-239.0,-88.0,69.0,463.0,280.0,92.0,-914.0,-394.0
2913,13.0,-239.0,-87.0,68.0,453.0,282.0,89.0,-910.0,-391.0
2914,14.0,-238.0,-89.0,64.0,441.0,285.0,89.0,-911.0,-402.0
2915,12.0,-238.0,-87.0,62.0,429.0,287.0,87.0,-912.0,-399.0
2916,9.0,-240.0,-85.0,61.0,416.0,283.0,76.0,-911.0,-395.0
2917,8.0,-241.0,-89.0,65.0,397.0,285.0,70.0,-917.0,-398.0
2918,9.0,-243.0,-86.0,72.0,379.0,287.0,63.0,-915.0,-398.0
2919,0.0,-239.0,-87.0,84.0,363.0,290.0,54.0,-913.0,-399.0
2920,6.0,-239.0,-86.0,96.0,349.0,295.0,49.0,-919.0,-401.0
2921,1.0,-242.0,-89.0,105.0,342.0,298.0,44.0,-921.0,-400.0
2922,3.0,-243.0,-93.0,114.0,334.0,304.0,42.0,-924.0,-409.0
2923,6.0,-247.0,-92.0,138.0,324.0,308.0,47.0,-933.0,-402.0
2924,4.0,-248.0,-90.0,177.0,318.0,310.0,46.0,-937.0,-407.0
2925,3.0,-247.0,-95.0,218.0,310.0,309.0,52.0,-939.0,-429.0
2926,4.0,-247.0,-99.0,246.0,303.0,305.0,48.0,-943.0,-432.0
2927,3.0,-247.0,-96.0,255.0,293.0,301.0,52.0,-954.0,-440.0
2928,4.0,-249.0,-96.0,249.0,279.0,296.0,56.0,-954.0,-433.0
2929,4.0,-250.0,-91.0,241.0,265.0,290.0,53.0,-959.0,-426.0
2930,6.0,-251.0,-94.0,232.0,258.0,281.0,55.0,-970.0,-423.0
2931,4.0,-257.0,-94.0,223.0,249.0,270.0,52.0,-983.0,-416.0
2932,4.0,-259.0,-90.0,213.0,235.0,255.0,51.0,-1006.0,-409.0
2933,3.0,-264.0,-91.0,208.0,217.0,243.0,50.0,-1018.0,-404.0
2934,4.0,-268.0,-89.0,216.0,201.0,231.0,48.0,-1026.0,-399.0
2935,3.0,-271.0,-89.0,235.0,188.0,220.0,45.0,-1035.0,-402.0
2936,0.0,-271.0,-88.0,255.0,182.0,209.0,37.0,-1042.0,-401.0
2937,-5.0,-274.0,-92.0,269.0,176.0,202.0,19.0,-1055.0,-406.0
2938,-6.0,-275.0,-88.0,274.0,167.0,195.0,8.0,-1062.0,-398.0
2939,-10.0,-277.0,-86.0,282.0,150.0,182.0,-6.0,-1058.0,-391.0
2940,-16.0,-272.0,-86.0,299.0,133.0,174.0,-21.0,-1052.0,-387.0
2941,-19.0,-271.0,-89.0,321.0,113.0,167.0,-43.0,-1043.0,-396.0
2942,-33.0,-268.0,-90.0,320.0,87.0,164.0,-87.0,-1054.0,-413.0
2943,-39.0,-267.0,-86.0,296.0,53.0,161.0,-118.0,-1030.0,-395.0
2944,-42.0,-261.0,-88.0,279.0,4.0,152.0,-122.0,-1021.0,-391.0
2945,-33.0,-255.0,-89.0,266.0,-49.0,135.0,-106.0,-993.0,-398.0
2946,-17.0,-250.0,-93.0,253.0,-87.0,120.0,-54.0,-975.0,-409.0
2947,0.0,-247.0,-93.0,238.0,-113.0,99.0,21.0,-955.0,-416.0
2948,30.0,-243.0,-91.0,223.0,-106.0,81.0,146.0,-920.0,-428.0
2949,59.0,-234.0,-99.0,209.0,-74.0,68.0,259.0,-896.0,-443.0
2950,79.0,-224.0,-103.0,193.0,-27.0,43.0,335.0,-857.0,-450.0
2951,85.0,-215.0,-109.0,180.0,14.0,6.0,353.0,-817.0,-469.0
2952,81.0,-207.0,-105.0,157.0,43.0,-30.0,341.0,-784.0,-482.0
2953,73.0,-196.0,-106.0,120.0,64.0,-56.0,314.0,-758.0,-473.0
2954,63.0,-193.0,-100.0,69.0,83.0,-73.0,280.0,-750.0,-442.0
2955,54.0,-196.0,-91.0,15.0,100.0,-84.0,238.0,-755.0,-399.0
2956,33.0,-198.0,-81.0,-40.0,112.0,-93.0,175.0,-762.0,-364.0
2957,17.0,-201.0,-65.0,-85.0,116.0,-97.0,118.0,-786.0,-317.0
2958,1.0,-207.0,-62.0,-108.0,105.0,-99.0,56.0,-797.0,-279.0
2959,-10.0,-213.0,-59.0,-113.0,85.0,-91.0,-9.0,-831.0,-271.0
2960,-22.0,-224.0,-58.0,-110.0,62.0,-66.0,-50.0,-861.0,-277.0
2961,-33.0,-232.0,-65.0,-112.0,39.0,-42.0,-92.0,-894.0,-300.0
2962,-36.0,-237.0,-76.0,-129.0,17.0,-19.0,-114.0,-922.0,-319.0
2963,-40.0,-245.0,-78.0,-163.0,-4.0,4.0,-132.0,-951.0,-346.0
2964,-39.0,-252.0,-83.0,-207.0,-23.0,24.0,-115.0,-969.0,-363.0
2965,-37.0,-251.0,-90.0,-247.0,-42.0,33.0,-108.0,-979.0,-380.0
2966,-33.0,-254.0,-88.0,-271.0,-63.0,32.0,-101.0,-977.0,-392.0
2967,-32.0,-253.0,-90.0,-279.0,-90.0,31.0,-86.0,-975.0,-411.0
2968,-26.0,-251.0,-93.0,-272.0,-119.0,24.0,-67.0,-970.0,-422.0
2969,-16.0,-252.0,-96.0,-258.0,-144.0,15.0,-42.0,-954.0,-438.0
2970,-10.0,-248.0,-99.0,-247.0,-165.0,7.0,-18.0,-947.0,-449.0
2971,-7.0,-246.0,-102.0,-237.0,-178.0,-5.0,1.0,-923.0,-450.0
2972,-1.0,-238.0,-101.0,-227.0,-184.0,-19.0,10.0,-909.0,-458.0
2973,-3.0,-236.0,-102.0,-224.0,-191.0,-28.0,17.0,-896.0,-458.0
2974,1.0,-231.0,-104.0,-231.0,-197.0,-36.0,23.0,-876.0,-466.0
2975,0.0,-226.0,-104.0,-238.0,-204.0,-41.0,23.0,-870.0,-469.0
2976,-2.0,-223.0,-105.0,-241.0,-207.0,-46.0,20.0,-861.0,-463.0
2977,0.0,-222.0,-103.0,-236.0,-208.0,-50.0,21.0,-852.0,-462.0
2978,2.0,-218.0,-104.0,-220.0,-212.0,-53.0,31.0,-841.0,-460.0
2979,1.0,-215.0,-105.0,-195.0,-213.0,-56.0,34.0,-829.0,-455.0
2980,3.0,-212.0,-99.0,-167.0,-212.0,-62.0,31.0,-813.0,-455.0
2981,0.0,-203.0,-97.0,-139.0,-213.0,-70.0,25.0,-786.0,-436.0
2982,0.0,-203.0,-91.0,-110.0,-210.0,-81.0,29.0,-786.0,-421.0
2983,2.0,-204.0,-85.0,-81.0,-207.0,-96.0,36.0,-770.0,-382.0
2984,2.0,-197.0,-81.0,-48.0,-198.0,-115.0,49.0,-768.0,-355.0
2985,9.0,-204.0,-74.0,-10.0,-187.0,-136.0,60.0,-770.0,-321.0
2986,12.0,-204.0,-62.0,28.0,-175.0,-167.0,76.0,-779.0,-295.0
2987,15.0,-202.0,-54.0,61.0,-163.0,-196.0,87.0,-783.0,-261.0
2988,18.0,-206.0,-51.0,79.0,-151.0,-225.0,102.0,-796.0,-236.0
2989,19.0,-213.0,-44.0,76.0,-137.0,-257.0,104.0,-814.0,-215.0
2990,17.0,-222.0,-40.0,51.0,-113.0,-289.0,106.0,-848.0,-200.0
2991,14.0,-229.0,-41.0,-3.0,-80.0,-324.0,94.0,-892.0,-196.0
2992,13.0,-241.0,-44.0,-80.0,-41.0,-355.0,89.0,-939.0,-197.0
2993,17.0,-256.0,-47.0,-168.0,8.0,-380.0,95.0,-1011.0,-222.0
2994,17.0,-266.0,-51.0,-270.0,61.0,-402.0,103.0,-1044.0,-241.0
2995,15.0,-281.0,-58.0,-353.0,111.0,-417.0,102.0,-1095.0,-272.0
2996,16.0,-292.0,-65.0,-450.0,150.0,-427.0,91.0,-1124.0,-291.0
2997,12.0,-297.0,-71.0,-524.0,174.0,-427.0,88.0,-1156.0,-304.0
2998,8.0,-305.0,-69.0,-567.0,193.0,-413.0,75.0,-1174.0,-314.0
2999,5.0,-309.0,-71.0,-584.0,208.0,-391.0,50.0,-1181.0,-312.0
3000,-4.0,-312.0,-72.0,-576.0,218.0,-354.0,27.0,-1191.0,-316.0
3001,-8.0,-309.0,-73.0,-550.0,215.0,-303.0,8.0,-1199.0,-321.0
3002,-13.0,-312.0,-77.0,-513.0,203.0,-245.0,-7.0,-1203.0,-337.0
3003,-17.0,-312.0,-77.0,-475.0,183.0,-176.0,-24.0,-1205.0,-347.0
3004,-12.0,-313.0,-79.0,-434.0,163.0,-105.0,-7.0,-1205.0,-359.0
3005,-7.0,-311.0,-79.0,-384.0,148.0,-43.0,-1.0,-1184.0,-351.0
3006,-1.0,-305.0,-81.0,-310.0,143.0,12.0,16.0,-1180.0,-370.0
3007,-1.0,-301.0,-82.0,-248.0,129.0,65.0,20.0,-1156.0,-373.0
3008,2.0,-295.0,-83.0,-194.0,113.0,119.0,38.0,-1143.0,-371.0
3009,3.0,-294.0,-80.0,-142.0,107.0,171.0,48.0,-1132.0,-371.0
3010,3.0,-289.0,-81.0,-95.0,103.0,224.0,55.0,-1124.0,-359.0
3011,6.0,-288.0,-77.0,-49.0,103.0,269.0,62.0,-1105.0,-345.0
3012,7.0,-286.0,-75.0,1.0,105.0,307.0,65.0,-1089.0,-336.0
3013,6.0,-279.0,-76.0,47.0,109.0,340.0,63.0,-1076.0,-330.0
3014,4.0,-278.0,-71.0,86.0,113.0,370.0,51.0,-1056.0,-324.0
3015,3.0,-273.0,-67.0,118.0,114.0,391.0,51.0,-1043.0,-313.0
3016,2.0,-268.0,-62.0,147.0,119.0,409.0,48.0,-1027.0,-304.0
3017,1.0,-263.0,-65.0,181.0,131.0,419.0,42.0,-1012.0,-290.0
3018,1.0,-255.0,-63.0,214.0,149.0,426.0,28.0,-984.0,-282.0
3019,-2.0,-253.0,-60.0,238.0,171.0,430.0,17.0,-974.0,-280.0
3020,-1.0,-250.0,-60.0,249.0,191.0,435.0,18.0,-962.0,-266.0
3021,-3.0,-249.0,-56.0,247.0,212.0,434.0,12.0,-955.0,-262.0
3022,-8.0,-244.0,-53.0,236.0,233.0,434.0,0.0,-941.0,-245.0
3023,-10.0,-247.0,-51.0,221.0,250.0,435.0,-10.0,-938.0,-243.0
3024,-11.0,-239.0,-45.0,211.0,263.0,435.0,-12.0,-923.0,-229.0
3025,-8.0,-239.0,-48.0,208.0,274.0,433.0,-13.0,-917.0,-224.0
3026,-14.0,-231.0,-45.0,206.0,287.0,429.0,-17.0,-905.0,-222.0
3027,-14.0,-229.0,-51.0,198.0,300.0,427.0,-17.0,-895.0,-217.0
3028,-13.0,-230.0,-42.0,187.0,307.0,422.0,-19.0,-883.0,-208.0
3029,-12.0,-228.0,-47.0,172.0,314.0,417.0,-21.0,-875.0,-215.0
3030,-13.0,-227.0,-45.0,152.0,321.0,406.0,-28.0,-868.0,-219.0
3031,-13.0,-226.0,-47.0,130.0,332.0,393.0,-28.0,-867.0,-218.0
3032,-10.0,-225.0,-40.0,110.0,345.0,377.0,-23.0,-863.0,-209.0
3033,-9.0,-225.0,-50.0,95.0,357.0,355.0,-19.0,-861.0,-209.0
3034,-10.0,-224.0,-47.0,79.0,365.0,333.0,-18.0,-858.0,-218.0
3035,-14.0,-221.0,-46.0,60.0,369.0,306.0,-23.0,-859.0,-232.0
3036,-14.0,-222.0,-47.0,38.0,371.0,278.0,-27.0,-852.0,-226.0
3037,-14.0,-220.0,-49.0,17.0,370.0,249.0,-35.0,-857.0,-251.0
3038,-16.0,-224.0,-53.0,-14.0,362.0,223.0,-33.0,-858.0,-255.0
3039,-15.0,-224.0,-60.0,-43.0,357.0,198.0,-31.0,-858.0,-263.0
3040,-15.0,-225.0,-57.0,-71.0,354.0,172.0,-35.0,-866.0,-268.0
3041,-14.0,-229.0,-58.0,-98.0,348.0,149.0,-37.0,-875.0,-273.0
3042,-14.0,-230.0,-59.0,-122.0,342.0,129.0,-32.0,-881.0,-275.0
3043,-13.0,-231.0,-63.0,-139.0,333.0,109.0,-27.0,-892.0,-277.0
3044,-13.0,-236.0,-61.0,-146.0,325.0,85.0,-29.0,-899.0,-279.0
3045,-14.0,-236.0,-63.0,-149.0,318.0,64.0,-28.0,-912.0,-289.0
3046,-14.0,-239.0,-65.0,-153.0,309.0,46.0,-26.0,-914.0,-299.0
3047,-11.0,-243.0,-64.0,-155.0,300.0,31.0,-23.0,-923.0,-303.0
3048,-10.0,-245.0,-67.0,-156.0,291.0,19.0,-22.0,-926.0,-305.0
3049,-22.0,-242.0,-72.0,-152.0,285.0,8.0,-19.0,-931.0,-306.0
3050,-9.0,-246.0,-69.0,-146.0,280.0,-3.0,-8.0,-942.0,-312.0
3051,-12.0,-248.0,-69.0,-136.0,277.0,-14.0,-6.0,-941.0,-316.0
3052,-9.0,-248.0,-71.0,-127.0,273.0,-28.0,-14.0,-945.0,-323.0
3053,-14.0,-249.0,-72.0,-120.0,270.0,-40.0,-20.0,-953.0,-322.0
3054,-11.0,-246.0,-68.0,-111.0,267.0,-52.0,-16.0,-952.0,-321.0
3055,-10.0,-249.0,-74.0,-99.0,262.0,-63.0,-12.0,-957.0,-327.0
3056,-6.0,-249.0,-75.0,-90.0,262.0,-78.0,-7.0,-962.0,-340.0
3057,-7.0,-252.0,-83.0,-92.0,262.0,-89.0,-2.0,-966.0,-365.0
3058,-8.0,-255.0,-85.0,-104.0,265.0,-99.0,-9.0,-975.0,-384.0
3059,-12.0,-257.0,-85.0,-123.0,265.0,-105.0,-6.0,-998.0,-392.0
3060,-17.0,-263.0,-94.0,-141.0,260.0,-106.0,-10.0,-1015.0,-393.0
3061,-13.0,-267.0,-88.0,-147.0,255.0,-106.0,-11.0,-1028.0,-389.0
3062,-13.0,-272.0,-87.0,-140.0,249.0,-99.0,-21.0,-1052.0,-389.0
3063,-12.0,-279.0,-85.0,-121.0,243.0,-84.0,-16.0,-1071.0,-390.0
3064,-11.0,-282.0,-84.0,-97.0,234.0,-67.0,-10.0,-1091.0,-382.0
3065,-9.0,-284.0,-82.0,-66.0,224.0,-47.0,2.0,-1089.0,-377.0
3066,-8.0,-284.0,-83.0,-33.0,213.0,-25.0,1.0,-1094.0,-370.0
3067,-6.0,-279.0,-81.0,3.0,199.0,-5.0,5.0,-1081.0,-368.0
3068,-7.0,-273.0,-80.0,42.0,185.0,13.0,6.0,-1068.0,-363.0
3069,-8.0,-269.0,-80.0,78.0,167.0,29.0,7.0,-1035.0,-365.0
3070,-10.0,-262.0,-80.0,114.0,151.0,42.0,1.0,-1013.0,-357.0
3071,-12.0,-260.0,-74.0,143.0,138.0,53.0,-8.0,-981.0,-346.0
3072,-11.0,-245.0,-72.0,170.0,123.0,57.0,-6.0,-952.0,-337.0
3073,-8.0,-242.0,-70.0,187.0,109.0,60.0,-3.0,-928.0,-331.0
3074,-11.0,-236.0,-75.0,197.0,96.0,59.0,-12.0,-911.0,-330.0
3075,-15.0,-234.0,-69.0,196.0,79.0,60.0,-17.0,-893.0,-321.0
3076,-12.0,-232.0,-70.0,190.0,64.0,61.0,-25.0,-893.0,-317.0
3077,-11.0,-235.0,-70.0,179.0,47.0,63.0,-29.0,-897.0,-308.0
3078,-13.0,-236.0,-68.0,165.0,30.0,64.0,-29.0,-899.0,-310.0
3079,-15.0,-238.0,-66.0,154.0,13.0,62.0,-33.0,-906.0,-306.0
3080,-12.0,-241.0,-67.0,147.0,-1.0,61.0,-26.0,-917.0,-299.0
3081,-13.0,-243.0,-60.0,144.0,-10.0,57.0,-27.0,-927.0,-298.0
3082,-11.0,-243.0,-66.0,142.0,-18.0,55.0,-25.0,-940.0,-303.0
3083,-7.0,-249.0,-64.0,142.0,-18.0,55.0,-14.0,-948.0,-295.0
3084,-10.0,-247.0,-61.0,144.0,-12.0,58.0,-14.0,-952.0,-291.0
3085,-5.0,-249.0,-63.0,149.0,-2.0,59.0,-8.0,-952.0,-279.0
3086,-8.0,-248.0,-59.0,154.0,12.0,58.0,-6.0,-960.0,-292.0
3087,-11.0,-248.0,-66.0,155.0,27.0,59.0,-13.0,-958.0,-290.0
3088,-9.0,-249.0,-64.0,153.0,40.0,58.0,-9.0,-956.0,-291.0
3089,-9.0,-246.0,-63.0,157.0,56.0,57.0,-9.0,-946.0,-293.0
3090,-15.0,-244.0,-68.0,156.0,69.0,51.0,-17.0,-942.0,-297.0
3091,-11.0,-245.0,-66.0,157.0,81.0,50.0,-23.0,-929.0,-305.0
3092,-11.0,-247.0,-62.0,154.0,93.0,44.0,-17.0,-922.0,-313.0
3093,-11.0,-240.0,-75.0,146.0,100.0,34.0,-16.0,-921.0,-332.0
3094,-10.0,-236.0,-78.0,127.0,106.0,22.0,-16.0,-918.0,-346.0
3095,-12.0,-238.0,-79.0,107.0,114.0,11.0,-18.0,-917.0,-362.0
3096,-9.0,-239.0,-84.0,91.0,120.0,-1.0,-15.0,-912.0,-369.0
3097,-12.0,-242.0,-87.0,83.0,129.0,-15.0,-10.0,-916.0,-383.0
3098,-8.0,-241.0,-89.0,77.0,135.0,-27.0,-13.0,-919.0,-389.0
3099,-10.0,-243.0,-87.0,70.0,139.0,-38.0,-7.0,-920.0,-401.0
3100,-9.0,-243.0,-92.0,64.0,141.0,-49.0,-7.0,-934.0,-411.0
3101,-6.0,-244.0,-92.0,52.0,139.0,-58.0,-5.0,-934.0,-418.0
3102,-7.0,-245.0,-95.0,38.0,140.0,-66.0,1.0,-946.0,-424.0
3103,-5.0,-248.0,-92.0,26.0,135.0,-72.0,-3.0,-957.0,-429.0
3104,-8.0,-251.0,-92.0,18.0,130.0,-74.0,4.0,-967.0,-418.0
3105,-7.0,-255.0,-93.0,16.0,123.0,-76.0,-9.0,-981.0,-418.0
3106,-8.0,-258.0,-90.0,24.0,114.0,-74.0,-4.0,-986.0,-412.0
3107,-8.0,-259.0,-86.0,37.0,104.0,-69.0,-3.0,-993.0,-410.0
3108,-7.0,-261.0,-89.0,53.0,93.0,-61.0,-5.0,-988.0,-398.0
3109,-7.0,-259.0,-85.0,70.0,86.0,-51.0,-4.0,-1003.0,-394.0
3110,-9.0,-258.0,-87.0,84.0,74.0,-42.0,1.0,-998.0,-391.0
3111,-6.0,-258.0,-87.0,99.0,62.0,-34.0,4.0,-997.0,-380.0
3112,-10.0,-254.0,-80.0,116.0,52.0,-27.0,3.0,-980.0,-365.0
3113,-6.0,-256.0,-80.0,138.0,45.0,-21.0,5.0,-976.0,-359.0
3114,0.0,-248.0,-82.0,160.0,42.0,-17.0,12.0,-968.0,-355.0
3115,-4.0,-248.0,-81.0,181.0,44.0,-13.0,17.0,-955.0,-349.0
3116,0.0,-247.0,-78.0,200.0,46.0,-13.0,20.0,-936.0,-348.0
3117,-3.0,-242.0,-78.0,211.0,48.0,-11.0,20.0,-938.0,-349.0
3118,-1.0,-242.0,-77.0,215.0,53.0,-11.0,23.0,-921.0,-346.0
3119,0.0,-237.0,-78.0,215.0,57.0,-11.0,27.0,-913.0,-345.0
3120,-2.0,-233.0,-79.0,208.0,62.0,-11.0,21.0,-902.0,-347.0
3121,0.0,-230.0,-78.0,196.0,67.0,-11.0,21.0,-895.0,-345.0
3122,0.0,-230.0,-80.0,182.0,73.0,-9.0,22.0,-891.0,-347.0
3123,1.0,-233.0,-78.0,164.0,80.0,-9.0,20.0,-886.0,-344.0
3124,-1.0,-232.0,-79.0,150.0,85.0,-8.0,21.0,-883.0,-349.0
3125,0.0,-230.0,-80.0,142.0,93.0,-7.0,20.0,-883.0,-362.0
3126,-2.0,-231.0,-81.0,138.0,100.0,-5.0,28.0,-880.0,-365.0
3127,2.0,-231.0,-82.0,131.0,105.0,-2.0,35.0,-884.0,-373.0
3128,2.0,-233.0,-84.0,120.0,111.0,1.0,38.0,-892.0,-373.0
3129,4.0,-237.0,-83.0,109.0,116.0,2.0,37.0,-899.0,-375.0
3130,2.0,-239.0,-85.0,99.0,120.0,3.0,35.0,-909.0,-378.0
3131,0.0,-239.0,-84.0,91.0,121.0,2.0,31.0,-918.0,-384.0
3132,0.0,-244.0,-89.0,83.0,121.0,3.0,30.0,-932.0,-393.0
3133,0.0,-245.0,-91.0,79.0,121.0,2.0,25.0,-939.0,-403.0
3134,-2.0,-247.0,-93.0,74.0,122.0,0.0,18.0,-954.0,-409.0
3135,-4.0,-248.0,-93.0,72.0,123.0,-4.0,12.0,-953.0,-414.0
3136,-3.0,-250.0,-91.0,76.0,121.0,-4.0,10.0,-948.0,-415.0
3137,-9.0,-245.0,-93.0,87.0,120.0,0.0,1.0,-938.0,-414.0
3138,-11.0,-240.0,-93.0,104.0,118.0,6.0,-2.0,-927.0,-419.0
3139,-6.0,-242.0,-93.0,121.0,118.0,20.0,-4.0,-919.0,-420.0
3140,-8.0,-236.0,-97.0,134.0,120.0,35.0,-4.0,-913.0,-417.0
3141,-9.0,-233.0,-96.0,149.0,123.0,50.0,-9.0,-898.0,-424.0
3142,-10.0,-231.0,-90.0,157.0,126.0,65.0,-12.0,-893.0,-419.0
3143,-3.0,-231.0,-90.0,162.0,127.0,86.0,-1.0,-883.0,-421.0
3144,-1.0,-228.0,-93.0,168.0,131.0,105.0,13.0,-870.0,-420.0
3145,0.0,-227.0,-96.0,178.0,135.0,131.0,18.0,-864.0,-427.0
3146,-1.0,-226.0,-94.0,195.0,144.0,156.0,19.0,-862.0,-421.0
3147,0.0,-227.0,-94.0,218.0,155.0,181.0,32.0,-857.0,-418.0
3148,4.0,-229.0,-89.0,244.0,163.0,210.0,50.0,-872.0,-414.0
3149,13.0,-231.0,-88.0,273.0,172.0,233.0,61.0,-876.0,-398.0
3150,15.0,-236.0,-90.0,301.0,176.0,254.0,92.0,-893.0,-397.0
3151,22.0,-240.0,-96.0,325.0,178.0,269.0,122.0,-911.0,-424.0
3152,28.0,-241.0,-101.0,337.0,184.0,273.0,139.0,-921.0,-442.0
3153,31.0,-245.0,-103.0,330.0,190.0,270.0,154.0,-943.0,-455.0
3154,34.0,-248.0,-106.0,316.0,203.0,259.0,161.0,-949.0,-454.0
3155,34.0,-251.0,-101.0,298.0,218.0,244.0,173.0,-965.0,-455.0
3156,37.0,-255.0,-100.0,275.0,235.0,226.0,175.0,-982.0,-445.0
3157,34.0,-259.0,-94.0,248.0,251.0,207.0,162.0,-1005.0,-428.0
3158,21.0,-258.0,-89.0,218.0,265.0,183.0,156.0,-1008.0,-426.0
3159,29.0,-261.0,-92.0,183.0,278.0,156.0,141.0,-1014.0,-417.0
3160,27.0,-260.0,-91.0,142.0,291.0,123.0,137.0,-1016.0,-413.0
3161,25.0,-263.0,-87.0,97.0,310.0,86.0,118.0,-1014.0,-408.0
3162,21.0,-260.0,-88.0,47.0,335.0,52.0,121.0,-995.0,-402.0
3163,21.0,-259.0,-87.0,-1.0,362.0,20.0,110.0,-998.0,-392.0
3164,15.0,-254.0,-87.0,-40.0,393.0,-10.0,95.0,-978.0,-379.0
3165,14.0,-252.0,-80.0,-61.0,427.0,-37.0,87.0,-974.0,-366.0
3166,13.0,-249.0,-84.0,-65.0,463.0,-58.0,72.0,-958.0,-354.0
3167,6.0,-247.0,-78.0,-65.0,491.0,-75.0,61.0,-946.0,-351.0
3168,1.0,-243.0,-78.0,-76.0,513.0,-90.0,41.0,-941.0,-347.0
3169,1.0,-244.0,-79.0,-98.0,521.0,-106.0,37.0,-936.0,-342.0
3170,0.0,-245.0,-79.0,-137.0,518.0,-123.0,29.0,-934.0,-339.0
3171,1.0,-248.0,-72.0,-181.0,505.0,-140.0,22.0,-945.0,-336.0
3172,-3.0,-249.0,-76.0,-216.0,492.0,-160.0,14.0,-955.0,-337.0
3173,-9.0,-251.0,-73.0,-246.0,477.0,-179.0,6.0,-965.0,-326.0
3174,-11.0,-256.0,-72.0,-267.0,450.0,-197.0,-7.0,-986.0,-332.0
3175,-9.0,-261.0,-71.0,-281.0,420.0,-212.0,-18.0,-998.0,-328.0
3176,-13.0,-264.0,-71.0,-284.0,387.0,-226.0,-11.0,-1021.0,-325.0
3177,-11.0,-262.0,-71.0,-277.0,352.0,-240.0,-6.0,-1017.0,-324.0
3178,-10.0,-266.0,-72.0,-264.0,315.0,-253.0,-4.0,-1026.0,-324.0
3179,-10.0,-265.0,-67.0,-253.0,279.0,-269.0,5.0,-1023.0,-333.0
3180,-4.0,-271.0,-75.0,-254.0,245.0,-283.0,13.0,-1034.0,-330.0
3181,-3.0,-268.0,-71.0,-253.0,210.0,-303.0,20.0,-1041.0,-326.0
3182,0.0,-270.0,-66.0,-245.0,180.0,-322.0,32.0,-1038.0,-315.0
3183,-3.0,-267.0,-69.0,-225.0,152.0,-336.0,32.0,-1037.0,-310.0
3184,0.0,-272.0,-65.0,-198.0,131.0,-349.0,33.0,-1044.0,-306.0
3185,0.0,-269.0,-63.0,-175.0,113.0,-360.0,29.0,-1032.0,-296.0
3186,0.0,-263.0,-60.0,-151.0,91.0,-365.0,34.0,-1022.0,-287.0
3187,2.0,-260.0,-63.0,-132.0,71.0,-368.0,42.0,-1008.0,-279.0
3188,0.0,-254.0,-59.0,-116.0,54.0,-371.0,51.0,-984.0,-270.0
3189,7.0,-251.0,-57.0,-96.0,38.0,-368.0,58.0,-965.0,-259.0
3190,10.0,-247.0,-57.0,-73.0,31.0,-364.0,61.0,-935.0,-260.0
3191,7.0,-242.0,-55.0,-55.0,28.0,-354.0,68.0,-919.0,-256.0
3192,11.0,-238.0,-57.0,-47.0,28.0,-343.0,73.0,-908.0,-259.0
3193,10.0,-236.0,-57.0,-46.0,31.0,-331.0,75.0,-907.0,-260.0
3194,11.0,-235.0,-53.0,-50.0,34.0,-321.0,82.0,-900.0,-261.0
3195,14.0,-233.0,-57.0,-57.0,37.0,-311.0,84.0,-897.0,-259.0
3196,15.0,-236.0,-56.0,-64.0,39.0,-302.0,94.0,-907.0,-260.0
3197,19.0,-237.0,-55.0,-71.0,42.0,-294.0,104.0,-909.0,-257.0
3198,21.0,-239.0,-57.0,-76.0,47.0,-287.0,112.0,-912.0,-253.0
3199,23.0,-241.0,-57.0,-76.0,52.0,-277.0,121.0,-913.0,-254.0
3200,24.0,-243.0,-55.0,-72.0,57.0,-271.0,132.0,-918.0,-264.0
3201,26.0,-243.0,-64.0,-70.0,63.0,-266.0,139.0,-919.0,-269.0
3202,30.0,-238.0,-62.0,-70.0,69.0,-262.0,147.0,-922.0,-274.0
3203,32.0,-242.0,-65.0,-75.0,75.0,-254.0,158.0,-920.0,-298.0
3204,35.0,-242.0,-69.0,-84.0,83.0,-248.0,167.0,-920.0,-304.0
3205,36.0,-242.0,-68.0,-91.0,93.0,-239.0,172.0,-920.0,-312.0
3206,32.0,-244.0,-72.0,-92.0,105.0,-231.0,173.0,-923.0,-309.0
3207,32.0,-242.0,-68.0,-85.0,117.0,-222.0,167.0,-928.0,-313.0
3208,37.0,-247.0,-71.0,-74.0,131.0,-210.0,163.0,-929.0,-320.0
3209,36.0,-248.0,-69.0,-65.0,144.0,-194.0,159.0,-941.0,-329.0
3210,26.0,-247.0,-72.0,-59.0,153.0,-179.0,147.0,-941.0,-330.0
3211,23.0,-249.0,-77.0,-55.0,159.0,-162.0,125.0,-947.0,-330.0
3212,16.0,-254.0,-74.0,-51.0,155.0,-147.0,98.0,-962.0,-330.0
3213,13.0,-255.0,-73.0,-52.0,148.0,-139.0,88.0,-976.0,-332.0
3214,6.0,-253.0,-70.0,-48.0,141.0,-130.0,64.0,-977.0,-329.0
3215,4.0,-257.0,-75.0,-35.0,133.0,-119.0,53.0,-986.0,-321.0
3216,1.0,-257.0,-71.0,-11.0,125.0,-109.0,44.0,-998.0,-323.0
3217,1.0,-258.0,-70.0,14.0,119.0,-97.0,42.0,-1001.0,-315.0
3218,0.0,-257.0,-67.0,39.0,117.0,-89.0,39.0,-992.0,-317.0
3219,0.0,-255.0,-70.0,59.0,114.0,-79.0,34.0,-989.0,-319.0
3220,0.0,-256.0,-69.0,74.0,112.0,-70.0,27.0,-977.0,-311.0
3221,-1.0,-253.0,-71.0,82.0,110.0,-62.0,28.0,-968.0,-308.0
3222,1.0,-248.0,-68.0,84.0,110.0,-54.0,31.0,-960.0,-306.0
3223,1.0,-252.0,-71.0,79.0,108.0,-47.0,34.0,-947.0,-293.0
3224,0.0,-246.0,-61.0,72.0,108.0,-43.0,39.0,-938.0,-291.0
3225,2.0,-246.0,-59.0,65.0,107.0,-40.0,43.0,-938.0,-284.0
3226,7.0,-246.0,-65.0,66.0,110.0,-37.0,61.0,-934.0,-296.0
3227,12.0,-244.0,-72.0,72.0,109.0,-33.0,78.0,-933.0,-313.0
3228,15.0,-246.0,-76.0,78.0,111.0,-33.0,93.0,-933.0,-322.0
3229,15.0,-245.0,-72.0,81.0,108.0,-35.0,99.0,-930.0,-335.0
3230,23.0,-245.0,-73.0,81.0,106.0,-38.0,116.0,-930.0,-338.0
3231,23.0,-243.0,-82.0,74.0,105.0,-41.0,130.0,-931.0,-339.0
3232,23.0,-246.0,-78.0,67.0,103.0,-44.0,127.0,-938.0,-347.0
3233,25.0,-245.0,-80.0,58.0,98.0,-50.0,123.0,-942.0,-350.0
3234,24.0,-248.0,-82.0,51.0,94.0,-51.0,130.0,-947.0,-364.0
3235,24.0,-249.0,-85.0,46.0,87.0,-51.0,123.0,-960.0,-356.0
3236,20.0,-248.0,-79.0,45.0,78.0,-50.0,121.0,-964.0,-355.0
3237,19.0,-250.0,-80.0,46.0,72.0,-50.0,111.0,-964.0,-349.0
3238,20.0,-252.0,-73.0,52.0,72.0,-47.0,111.0,-970.0,-338.0
3239,17.0,-250.0,-73.0,58.0,80.0,-43.0,107.0,-960.0,-323.0
3240,19.0,-250.0,-71.0,61.0,89.0,-42.0,108.0,-959.0,-309.0
3241,17.0,-249.0,-66.0,59.0,95.0,-42.0,102.0,-953.0,-309.0
3242,17.0,-247.0,-71.0,53.0,96.0,-43.0,103.0,-946.0,-307.0
3243,20.0,-247.0,-69.0,47.0,91.0,-46.0,105.0,-947.0,-309.0
3244,15.0,-241.0,-75.0,40.0,81.0,-48.0,109.0,-944.0,-313.0
3245,20.0,-248.0,-72.0,37.0,76.0,-49.0,116.0,-949.0,-315.0
3246,21.0,-246.0,-73.0,35.0,72.0,-47.0,129.0,-941.0,-326.0
3247,26.0,-246.0,-75.0,31.0,75.0,-50.0,138.0,-943.0,-338.0
3248,29.0,-244.0,-83.0,21.0,82.0,-52.0,149.0,-939.0,-354.0
3249,32.0,-246.0,-84.0,4.0,91.0,-55.0,156.0,-931.0,-375.0
3250,31.0,-246.0,-89.0,-14.0,91.0,-59.0,163.0,-929.0,-389.0
3251,34.0,-247.0,-86.0,-29.0,85.0,-62.0,164.0,-935.0,-398.0
3252,34.0,-246.0,-84.0,-36.0,84.0,-59.0,162.0,-929.0,-388.0
3253,37.0,-248.0,-83.0,-35.0,103.0,-55.0,163.0,-929.0,-371.0
3254,33.0,-246.0,-81.0,-27.0,133.0,-46.0,161.0,-932.0,-352.0
3255,37.0,-247.0,-76.0,-17.0,159.0,-36.0,166.0,-927.0,-347.0
3256,34.0,-244.0,-76.0,-13.0,169.0,-33.0,166.0,-931.0,-348.0
3257,31.0,-243.0,-83.0,-12.0,163.0,-32.0,166.0,-927.0,-366.0
3258,34.0,-245.0,-82.0,-22.0,157.0,-31.0,166.0,-929.0,-376.0
3259,35.0,-245.0,-85.0,-32.0,154.0,-28.0,166.0,-930.0,-376.0
3260,35.0,-247.0,-84.0,-39.0,161.0,-26.0,165.0,-933.0,-382.0
3261,36.0,-248.0,-85.0,-43.0,174.0,-25.0,174.0,-932.0,-374.0
3262,36.0,-246.0,-84.0,-46.0,187.0,-24.0,175.0,-939.0,-374.0
3263,35.0,-246.0,-84.0,-50.0,198.0,-24.0,174.0,-937.0,-371.0
3264,38.0,-245.0,-83.0,-50.0,208.0,-25.0,181.0,-938.0,-373.0
3265,39.0,-247.0,-83.0,-50.0,218.0,-25.0,182.0,-933.0,-372.0
3266,36.0,-243.0,-91.0,-44.0,229.0,-23.0,182.0,-932.0,-376.0
3267,42.0,-247.0,-85.0,-36.0,240.0,-19.0,185.0,-931.0,-375.0
3268,42.0,-245.0,-84.0,-24.0,252.0,-16.0,192.0,-933.0,-379.0
3269,46.0,-247.0,-84.0,-14.0,268.0,-12.0,198.0,-930.0,-383.0
3270,44.0,-245.0,-85.0,-7.0,288.0,-7.0,204.0,-936.0,-388.0
3271,45.0,-243.0,-89.0,-6.0,308.0,-2.0,209.0,-930.0,-391.0
3272,42.0,-244.0,-85.0,-8.0,333.0,3.0,206.0,-925.0,-388.0
3273,46.0,-247.0,-87.0,-11.0,356.0,10.0,206.0,-936.0,-388.0
3274,44.0,-246.0,-88.0,-14.0,380.0,17.0,212.0,-940.0,-384.0
3275,49.0,-247.0,-84.0,-14.0,402.0,22.0,211.0,-940.0,-380.0
3276,48.0,-249.0,-82.0,-6.0,423.0,28.0,209.0,-944.0,-374.0
3277,46.0,-249.0,-85.0,4.0,445.0,33.0,209.0,-945.0,-369.0
3278,47.0,-247.0,-85.0,16.0,469.0,41.0,210.0,-937.0,-367.0
3279,48.0,-246.0,-82.0,26.0,495.0,51.0,210.0,-938.0,-365.0
3280,47.0,-245.0,-83.0,34.0,521.0,61.0,213.0,-933.0,-358.0
3281,46.0,-244.0,-80.0,39.0,547.0,70.0,213.0,-932.0,-357.0
3282,45.0,-249.0,-77.0,46.0,570.0,83.0,207.0,-939.0,-346.0
3283,42.0,-247.0,-78.0,58.0,589.0,97.0,193.0,-946.0,-342.0
3284,40.0,-253.0,-71.0,75.0,608.0,111.0,187.0,-951.0,-328.0
3285,38.0,-250.0,-73.0,95.0,627.0,126.0,176.0,-959.0,-325.0
3286,36.0,-252.0,-77.0,111.0,647.0,146.0,172.0,-971.0,-329.0
3287,39.0,-252.0,-78.0,123.0,670.0,166.0,176.0,-964.0,-341.0
3288,40.0,-255.0,-83.0,129.0,694.0,187.0,182.0,-965.0,-348.0
3289,40.0,-250.0,-82.0,132.0,724.0,205.0,190.0,-962.0,-349.0
3290,39.0,-249.0,-76.0,132.0,758.0,222.0,188.0,-956.0,-351.0
3291,40.0,-248.0,-76.0,134.0,794.0,239.0,188.0,-947.0,-339.0
3292,40.0,-244.0,-73.0,139.0,832.0,257.0,185.0,-930.0,-324.0
3293,40.0,-242.0,-72.0,150.0,871.0,274.0,188.0,-916.0,-321.0
3294,38.0,-234.0,-70.0,159.0,907.0,291.0,189.0,-898.0,-324.0
3295,41.0,-231.0,-74.0,165.0,933.0,305.0,188.0,-878.0,-326.0
3296,45.0,-226.0,-76.0,160.0,960.0,316.0,194.0,-867.0,-338.0
3297,41.0,-218.0,-82.0,142.0,986.0,327.0,197.0,-849.0,-350.0
3298,44.0,-220.0,-82.0,111.0,1003.0,333.0,198.0,-838.0,-366.0
3299,42.0,-219.0,-86.0,72.0,1022.0,341.0,196.0,-844.0,-379.0
3300,46.0,-220.0,-85.0,34.0,1038.0,351.0,203.0,-851.0,-389.0
3301,44.0,-224.0,-87.0,3.0,1050.0,360.0,199.0,-861.0,-388.0
3302,41.0,-228.0,-85.0,-22.0,1061.0,367.0,192.0,-880.0,-397.0
3303,40.0,-236.0,-85.0,-34.0,1069.0,371.0,192.0,-894.0,-387.0
3304,40.0,-241.0,-89.0,-31.0,1080.0,376.0,189.0,-915.0,-391.0
3305,40.0,-246.0,-90.0,-21.0,1090.0,377.0,193.0,-920.0,-395.0
3306,39.0,-242.0,-92.0,-11.0,1098.0,375.0,189.0,-931.0,-394.0
3307,42.0,-247.0,-87.0,-3.0,1102.0,372.0,188.0,-935.0,-387.0
3308,41.0,-249.0,-84.0,11.0,1105.0,370.0,186.0,-935.0,-384.0
3309,40.0,-246.0,-85.0,31.0,1107.0,365.0,194.0,-931.0,-379.0
3310,40.0,-242.0,-80.0,46.0,1109.0,361.0,181.0,-928.0,-379.0
3311,40.0,-243.0,-87.0,54.0,1110.0,358.0,178.0,-920.0,-386.0
3312,38.0,-240.0,-87.0,47.0,1108.0,353.0,173.0,-919.0,-395.0
3313,34.0,-239.0,-89.0,22.0,1102.0,348.0,159.0,-916.0,-397.0
3314,29.0,-234.0,-90.0,-6.0,1094.0,345.0,157.0,-915.0,-397.0
3315,28.0,-241.0,-86.0,-30.0,1083.0,343.0,144.0,-917.0,-391.0
3316,26.0,-242.0,-87.0,-46.0,1068.0,342.0,140.0,-926.0,-386.0
3317,24.0,-243.0,-86.0,-50.0,1055.0,343.0,137.0,-927.0,-382.0
3318,28.0,-244.0,-84.0,-41.0,1047.0,349.0,144.0,-922.0,-377.0
3319,27.0,-244.0,-81.0,-23.0,1040.0,357.0,150.0,-923.0,-379.0
3320,33.0,-244.0,-83.0,-3.0,1033.0,359.0,165.0,-929.0,-376.0
3321,36.0,-243.0,-86.0,13.0,1024.0,360.0,175.0,-919.0,-374.0
3322,38.0,-243.0,-82.0,23.0,1009.0,359.0,177.0,-918.0,-374.0
3323,36.0,-239.0,-82.0,23.0,994.0,358.0,183.0,-915.0,-374.0
3324,38.0,-239.0,-78.0,19.0,976.0,355.0,189.0,-912.0,-360.0
3325,42.0,-238.0,-80.0,11.0,960.0,351.0,192.0,-918.0,-356.0
3326,42.0,-241.0,-73.0,3.0,946.0,346.0,192.0,-912.0,-343.0
3327,42.0,-243.0,-74.0,3.0,935.0,344.0,191.0,-918.0,-327.0
3328,42.0,-244.0,-75.0,8.0,926.0,340.0,197.0,-918.0,-324.0
3329,42.0,-245.0,-76.0,11.0,914.0,337.0,208.0,-930.0,-331.0
3330,43.0,-245.0,-80.0,15.0,900.0,331.0,198.0,-924.0,-346.0
3331,47.0,-239.0,-82.0,22.0,888.0,326.0,199.0,-928.0,-363.0
3332,42.0,-243.0,-82.0,28.0,878.0,324.0,209.0,-933.0,-378.0
3333,46.0,-242.0,-82.0,26.0,872.0,320.0,209.0,-929.0,-377.0
3334,43.0,-242.0,-83.0,18.0,864.0,319.0,206.0,-926.0,-382.0
3335,39.0,-244.0,-81.0,6.0,854.0,316.0,199.0,-934.0,-379.0
3336,42.0,-247.0,-81.0,-1.0,843.0,313.0,203.0,-943.0,-373.0
3337,44.0,-249.0,-81.0,1.0,834.0,309.0,201.0,-941.0,-350.0
3338,41.0,-247.0,-80.0,12.0,827.0,307.0,194.0,-943.0,-355.0
3339,42.0,-248.0,-82.0,23.0,818.0,305.0,191.0,-935.0,-356.0
3340,40.0,-247.0,-79.0,22.0,804.0,301.0,193.0,-939.0,-349.0
3341,41.0,-250.0,-79.0,17.0,788.0,294.0,185.0,-939.0,-346.0
3342,40.0,-249.0,-78.0,11.0,770.0,288.0,197.0,-950.0,-346.0
3343,39.0,-255.0,-80.0,5.0,749.0,277.0,180.0,-960.0,-343.0
3344,38.0,-258.0,-72.0,-3.0,730.0,266.0,182.0,-975.0,-340.0
3345,34.0,-255.0,-74.0,-4.0,708.0,253.0,165.0,-984.0,-341.0
3346,31.0,-258.0,-79.0,10.0,694.0,239.0,158.0,-993.0,-346.0
3347,28.0,-258.0,-82.0,27.0,679.0,227.0,147.0,-1001.0,-349.0
3348,27.0,-261.0,-80.0,40.0,663.0,214.0,135.0,-1002.0,-344.0
3349,20.0,-257.0,-75.0,54.0,645.0,198.0,122.0,-987.0,-336.0
3350,16.0,-255.0,-68.0,70.0,627.0,186.0,104.0,-983.0,-326.0
3351,13.0,-253.0,-67.0,86.0,610.0,177.0,92.0,-974.0,-313.0
3352,8.0,-250.0,-64.0,98.0,592.0,166.0,72.0,-966.0,-305.0
3353,12.0,-255.0,-66.0,109.0,571.0,155.0,61.0,-961.0,-284.0
3354,3.0,-246.0,-63.0,112.0,549.0,141.0,59.0,-957.0,-280.0
3355,6.0,-244.0,-61.0,112.0,526.0,129.0,56.0,-949.0,-286.0
3356,5.0,-244.0,-64.0,104.0,502.0,119.0,60.0,-924.0,-288.0
3357,5.0,-242.0,-69.0,97.0,473.0,112.0,54.0,-929.0,-305.0
3358,3.0,-244.0,-71.0,89.0,443.0,104.0,53.0,-926.0,-311.0
3359,0.0,-240.0,-69.0,76.0,417.0,101.0,39.0,-924.0,-316.0
3360,0.0,-242.0,-74.0,64.0,388.0,97.0,43.0,-921.0,-322.0
3361,6.0,-239.0,-72.0,53.0,363.0,96.0,49.0,-926.0,-313.0
3362,9.0,-241.0,-72.0,42.0,339.0,93.0,66.0,-926.0,-317.0
3363,11.0,-238.0,-75.0,27.0,319.0,91.0,88.0,-925.0,-321.0
3364,16.0,-241.0,-73.0,13.0,301.0,91.0,96.0,-924.0,-327.0
3365,17.0,-240.0,-69.0,4.0,287.0,91.0,109.0,-918.0,-323.0
3366,22.0,-239.0,-72.0,2.0,277.0,90.0,115.0,-916.0,-324.0
3367,23.0,-240.0,-73.0,8.0,268.0,91.0,127.0,-916.0,-329.0
3368,25.0,-239.0,-76.0,14.0,261.0,89.0,136.0,-916.0,-329.0
3369,28.0,-240.0,-73.0,19.0,258.0,87.0,140.0,-918.0,-332.0
3370,28.0,-242.0,-77.0,20.0,257.0,83.0,145.0,-912.0,-331.0
3371,30.0,-240.0,-75.0,18.0,252.0,79.0,143.0,-915.0,-330.0
3372,28.0,-237.0,-74.0,14.0,248.0,74.0,135.0,-908.0,-325.0
3373,22.0,-237.0,-71.0,9.0,242.0,67.0,128.0,-916.0,-317.0
3374,19.0,-238.0,-65.0,2.0,235.0,62.0,114.0,-909.0,-306.0
3375,16.0,-239.0,-71.0,-1.0,228.0,60.0,98.0,-907.0,-304.0
3376,13.0,-236.0,-66.0,0.0,222.0,58.0,86.0,-906.0,-293.0
3377,9.0,-237.0,-66.0,4.0,219.0,58.0,59.0,-905.0,-294.0
3378,4.0,-238.0,-67.0,8.0,216.0,56.0,48.0,-901.0,-292.0
3379,0.0,-234.0,-65.0,8.0,215.0,56.0,29.0,-897.0,-303.0
3380,-1.0,-237.0,-69.0,5.0,213.0,54.0,16.0,-905.0,-312.0
3381,-8.0,-235.0,-67.0,-8.0,209.0,52.0,-3.0,-902.0,-316.0
3382,-8.0,-237.0,-74.0,-27.0,200.0,49.0,-13.0,-906.0,-328.0
3383,-12.0,-239.0,-73.0,-49.0,189.0,44.0,-17.0,-914.0,-328.0
3384,-16.0,-242.0,-76.0,-68.0,180.0,40.0,-27.0,-917.0,-328.0
3385,-14.0,-241.0,-75.0,-78.0,172.0,36.0,-24.0,-922.0,-337.0
3386,-11.0,-246.0,-77.0,-82.0,170.0,26.0,-30.0,-925.0,-335.0
3387,-17.0,-243.0,-78.0,-86.0,170.0,19.0,-34.0,-930.0,-343.0
3388,-15.0,-246.0,-74.0,-93.0,169.0,14.0,-28.0,-931.0,-334.0
3389,-12.0,-246.0,-70.0,-102.0,165.0,6.0,-17.0,-937.0,-331.0
3390,-11.0,-248.0,-73.0,-112.0,159.0,-3.0,-15.0,-945.0,-323.0
3391,-14.0,-248.0,-72.0,-122.0,150.0,-15.0,-18.0,-956.0,-319.0
3392,-16.0,-248.0,-67.0,-142.0,136.0,-28.0,-26.0,-960.0,-315.0
3393,-16.0,-252.0,-72.0,-164.0,127.0,-43.0,-32.0,-962.0,-320.0
3394,-14.0,-249.0,-69.0,-186.0,110.0,-58.0,-33.0,-972.0,-312.0
3395,-16.0,-254.0,-70.0,-209.0,92.0,-73.0,-25.0,-981.0,-315.0
3396,-11.0,-255.0,-69.0,-231.0,75.0,-85.0,-16.0,-994.0,-312.0
3397,-16.0,-267.0,-73.0,-249.0,69.0,-103.0,-21.0,-1011.0,-314.0
3398,-15.0,-263.0,-75.0,-259.0,68.0,-120.0,-32.0,-1021.0,-328.0
3399,-21.0,-261.0,-78.0,-262.0,75.0,-141.0,-44.0,-1022.0,-347.0
3400,-18.0,-259.0,-81.0,-263.0,87.0,-158.0,-58.0,-1013.0,-360.0
3401,-23.0,-256.0,-82.0,-262.0,97.0,-175.0,-53.0,-1001.0,-357.0
3402,-21.0,-254.0,-77.0,-246.0,105.0,-182.0,-60.0,-969.0,-340.0
3403,-19.0,-248.0,-75.0,-216.0,112.0,-178.0,-54.0,-938.0,-334.0
3404,-20.0,-239.0,-70.0,-187.0,118.0,-166.0,-47.0,-916.0,-325.0
3405,-16.0,-232.0,-75.0,-177.0,122.0,-149.0,-45.0,-891.0,-319.0
3406,-16.0,-224.0,-72.0,-187.0,124.0,-130.0,-41.0,-866.0,-321.0
3407,-16.0,-220.0,-72.0,-211.0,128.0,-106.0,-36.0,-854.0,-320.0
3408,-17.0,-220.0,-69.0,-247.0,129.0,-79.0,-45.0,-850.0,-311.0
3409,-17.0,-219.0,-66.0,-286.0,130.0,-50.0,-43.0,-859.0,-300.0
3410,-12.0,-229.0,-65.0,-323.0,131.0,-22.0,-34.0,-878.0,-281.0
3411,-17.0,-237.0,-60.0,-356.0,137.0,6.0,-32.0,-914.0,-278.0
3412,-15.0,-248.0,-55.0,-386.0,143.0,32.0,-28.0,-949.0,-264.0
3413,-14.0,-256.0,-55.0,-407.0,152.0,54.0,-25.0,-1003.0,-256.0
3414,-11.0,-268.0,-54.0,-418.0,161.0,73.0,-17.0,-1034.0,-252.0
3415,-7.0,-276.0,-52.0,-418.0,177.0,84.0,-4.0,-1068.0,-243.0
3416,-7.0,-288.0,-50.0,-416.0,197.0,91.0,6.0,-1107.0,-249.0
3417,-2.0,-296.0,-48.0,-409.0,219.0,96.0,17.0,-1134.0,-248.0
3418,13.0,-304.0,-52.0,-394.0,241.0,98.0,23.0,-1160.0,-249.0
3419,-8.0,-308.0,-51.0,-371.0,267.0,100.0,16.0,-1179.0,-235.0
3420,-7.0,-313.0,-52.0,-343.0,290.0,107.0,8.0,-1195.0,-239.0
3421,-9.0,-315.0,-50.0,-309.0,310.0,115.0,-3.0,-1211.0,-237.0
3422,-11.0,-315.0,-52.0,-266.0,331.0,122.0,-9.0,-1219.0,-250.0
3423,-13.0,-312.0,-55.0,-225.0,354.0,130.0,-33.0,-1212.0,-256.0
3424,-18.0,-311.0,-54.0,-191.0,374.0,141.0,-46.0,-1203.0,-259.0
3425,-24.0,-309.0,-56.0,-169.0,387.0,151.0,-61.0,-1192.0,-254.0
3426,-33.0,-305.0,-53.0,-146.0,388.0,159.0,-88.0,-1178.0,-249.0
3427,-39.0,-302.0,-50.0,-117.0,386.0,174.0,-117.0,-1166.0,-240.0
3428,-45.0,-296.0,-47.0,-82.0,382.0,193.0,-139.0,-1144.0,-228.0
3429,-51.0,-289.0,-45.0,-49.0,377.0,213.0,-158.0,-1125.0,-213.0
3430,-53.0,-285.0,-44.0,-25.0,375.0,235.0,-168.0,-1104.0,-212.0
3431,-54.0,-280.0,-42.0,-16.0,368.0,257.0,-184.0,-1089.0,-205.0
3432,-56.0,-270.0,-45.0,-13.0,355.0,278.0,-181.0,-1062.0,-205.0
3433,-54.0,-270.0,-46.0,-7.0,338.0,298.0,-184.0,-1045.0,-219.0
3434,-56.0,-265.0,-51.0,5.0,316.0,317.0,-177.0,-1030.0,-230.0
3435,-52.0,-264.0,-51.0,15.0,289.0,336.0,-179.0,-1021.0,-233.0
3436,-52.0,-257.0,-49.0,24.0,259.0,359.0,-165.0,-1013.0,-226.0
3437,-47.0,-259.0,-46.0,35.0,229.0,380.0,-150.0,-1003.0,-224.0
3438,-49.0,-254.0,-45.0,52.0,199.0,397.0,-140.0,-986.0,-216.0
3439,-38.0,-254.0,-42.0,71.0,172.0,412.0,-125.0,-981.0,-208.0
3440,-29.0,-251.0,-56.0,87.0,148.0,421.0,-108.0,-963.0,-198.0
3441,-32.0,-245.0,-40.0,94.0,126.0,425.0,-98.0,-952.0,-190.0
3442,-33.0,-245.0,-38.0,97.0,111.0,428.0,-90.0,-943.0,-188.0
3443,-29.0,-242.0,-35.0,91.0,101.0,427.0,-77.0,-932.0,-187.0
3444,-28.0,-242.0,-34.0,84.0,89.0,422.0,-74.0,-921.0,-182.0
3445,-24.0,-241.0,-36.0,83.0,84.0,415.0,-69.0,-916.0,-184.0
3446,-23.0,-236.0,-41.0,81.0,83.0,403.0,-66.0,-909.0,-190.0
3447,-23.0,-236.0,-41.0,77.0,83.0,389.0,-68.0,-901.0,-190.0
3448,-20.0,-233.0,-37.0,72.0,86.0,373.0,-59.0,-899.0,-197.0
3449,-19.0,-233.0,-46.0,67.0,88.0,352.0,-52.0,-900.0,-200.0
3450,-21.0,-236.0,-41.0,57.0,87.0,330.0,-54.0,-900.0,-206.0
3451,-20.0,-234.0,-44.0,45.0,86.0,310.0,-45.0,-908.0,-210.0
3452,-16.0,-235.0,-46.0,37.0,83.0,289.0,-44.0,-909.0,-214.0
3453,-18.0,-239.0,-42.0,30.0,81.0,266.0,-37.0,-918.0,-213.0
3454,-17.0,-241.0,-40.0,27.0,81.0,243.0,-39.0,-921.0,-211.0
3455,-19.0,-243.0,-47.0,24.0,76.0,222.0,-42.0,-931.0,-220.0
3456,-18.0,-244.0,-45.0,22.0,69.0,200.0,-44.0,-940.0,-212.0
3457,-20.0,-246.0,-46.0,25.0,59.0,179.0,-46.0,-937.0,-206.0
3458,-20.0,-247.0,-46.0,34.0,50.0,158.0,-48.0,-938.0,-212.0
3459,-19.0,-248.0,-45.0,42.0,39.0,138.0,-48.0,-946.0,-223.0
3460,-19.0,-245.0,-51.0,45.0,23.0,115.0,-51.0,-944.0,-226.0
3461,-25.0,-246.0,-49.0,47.0,7.0,94.0,-71.0,-941.0,-241.0
3462,-24.0,-255.0,-49.0,47.0,-12.0,75.0,-69.0,-948.0,-242.0
3463,-29.0,-248.0,-54.0,46.0,-35.0,60.0,-76.0,-949.0,-253.0
3464,-30.0,-245.0,-54.0,44.0,-59.0,44.0,-80.0,-952.0,-257.0
3465,-28.0,-248.0,-57.0,46.0,-83.0,29.0,-83.0,-954.0,-254.0
3466,-29.0,-248.0,-53.0,53.0,-108.0,16.0,-93.0,-953.0,-252.0
3467,-35.0,-247.0,-53.0,64.0,-133.0,2.0,-103.0,-939.0,-250.0
3468,-33.0,-247.0,-49.0,76.0,-160.0,-12.0,-107.0,-940.0,-245.0
3469,-39.0,-245.0,-50.0,85.0,-190.0,-28.0,-114.0,-933.0,-244.0
3470,-44.0,-244.0,-53.0,88.0,-222.0,-44.0,-129.0,-931.0,-248.0
3471,-43.0,-242.0,-54.0,90.0,-255.0,-59.0,-135.0,-937.0,-256.0
3472,-46.0,-242.0,-54.0,86.0,-289.0,-73.0,-138.0,-947.0,-255.0
3473,-46.0,-248.0,-58.0,83.0,-320.0,-86.0,-139.0,-947.0,-257.0
3474,-43.0,-248.0,-54.0,82.0,-345.0,-97.0,-147.0,-951.0,-266.0
3475,-47.0,-248.0,-58.0,79.0,-371.0,-109.0,-143.0,-956.0,-265.0
3476,-47.0,-249.0,-54.0,77.0,-399.0,-114.0,-144.0,-966.0,-261.0
3477,-47.0,-249.0,-56.0,79.0,-427.0,-121.0,-139.0,-973.0,-251.0
3478,-45.0,-252.0,-54.0,82.0,-454.0,-121.0,-136.0,-975.0,-253.0
3479,-40.0,-254.0,-54.0,92.0,-481.0,-126.0,-136.0,-981.0,-254.0
3480,-43.0,-252.0,-56.0,101.0,-503.0,-131.0,-121.0,-979.0,-258.0
3481,-39.0,-251.0,-59.0,108.0,-526.0,-137.0,-116.0,-977.0,-262.0
3482,-38.0,-252.0,-61.0,112.0,-548.0,-144.0,-110.0,-972.0,-268.0
3483,-38.0,-256.0,-63.0,111.0,-572.0,-151.0,-109.0,-979.0,-280.0
3484,-34.0,-257.0,-60.0,108.0,-591.0,-155.0,-102.0,-979.0,-277.0
3485,-31.0,-257.0,-64.0,109.0,-606.0,-156.0,-95.0,-988.0,-276.0
3486,-32.0,-256.0,-61.0,112.0,-616.0,-157.0,-91.0,-998.0,-274.0
3487,-29.0,-261.0,-57.0,117.0,-619.0,-157.0,-85.0,-995.0,-272.0
3488,-30.0,-260.0,-58.0,126.0,-623.0,-159.0,-83.0,-1005.0,-276.0
3489,-30.0,-257.0,-60.0,133.0,-629.0,-161.0,-81.0,-993.0,-279.0
3490,-27.0,-257.0,-63.0,140.0,-638.0,-161.0,-76.0,-1004.0,-286.0
3491,-27.0,-257.0,-64.0,149.0,-649.0,-162.0,-72.0,-999.0,-283.0
3492,-25.0,-256.0,-62.0,162.0,-658.0,-162.0,-71.0,-993.0,-281.0
3493,-24.0,-255.0,-62.0,176.0,-662.0,-160.0,-65.0,-986.0,-286.0
3494,-23.0,-254.0,-65.0,186.0,-665.0,-157.0,-64.0,-978.0,-294.0
3495,-20.0,-251.0,-64.0,192.0,-665.0,-155.0,-60.0,-973.0,-294.0
3496,-22.0,-247.0,-64.0,193.0,-663.0,-156.0,-59.0,-968.0,-301.0
3497,-22.0,-250.0,-65.0,191.0,-660.0,-158.0,-56.0,-959.0,-300.0
3498,-20.0,-249.0,-65.0,184.0,-655.0,-160.0,-51.0,-955.0,-293.0
3499,-22.0,-250.0,-64.0,178.0,-652.0,-167.0,-60.0,-957.0,-291.0
3500,-22.0,-248.0,-64.0,174.0,-652.0,-176.0,-64.0,-951.0,-287.0
3501,-24.0,-248.0,-62.0,175.0,-652.0,-184.0,-69.0,-952.0,-293.0
3502,-26.0,-248.0,-62.0,180.0,-651.0,-191.0,-75.0,-944.0,-285.0
3503,-30.0,-247.0,-61.0,188.0,-652.0,-198.0,-83.0,-949.0,-278.0
3504,-31.0,-246.0,-63.0,197.0,-654.0,-204.0,-94.0,-942.0,-278.0
3505,-35.0,-241.0,-66.0,201.0,-656.0,-208.0,-92.0,-938.0,-282.0
3506,-34.0,-241.0,-60.0,196.0,-658.0,-214.0,-100.0,-929.0,-281.0
3507,-34.0,-240.0,-61.0,184.0,-658.0,-219.0,-104.0,-921.0,-282.0
3508,-33.0,-239.0,-61.0,172.0,-655.0,-221.0,-104.0,-922.0,-277.0
3509,-29.0,-244.0,-67.0,156.0,-651.0,-223.0,-94.0,-924.0,-288.0
3510,-30.0,-239.0,-64.0,138.0,-645.0,-226.0,-94.0,-920.0,-302.0
3511,-27.0,-242.0,-68.0,116.0,-645.0,-223.0,-83.0,-923.0,-302.0
3512,-28.0,-244.0,-68.0,97.0,-647.0,-217.0,-81.0,-932.0,-306.0
3513,-25.0,-247.0,-66.0,87.0,-649.0,-207.0,-73.0,-943.0,-294.0
3514,-21.0,-248.0,-66.0,81.0,-655.0,-196.0,-60.0,-954.0,-295.0
3515,-19.0,-251.0,-64.0,76.0,-660.0,-185.0,-43.0,-955.0,-292.0
3516,-15.0,-249.0,-62.0,62.0,-664.0,-174.0,-35.0,-962.0,-298.0
3517,-14.0,-248.0,-64.0,45.0,-665.0,-163.0,-35.0,-962.0,-294.0
3518,-13.0,-249.0,-67.0,29.0,-664.0,-153.0,-24.0,-958.0,-291.0
3519,-12.0,-247.0,-61.0,18.0,-661.0,-146.0,-11.0,-958.0,-282.0
3520,-9.0,-248.0,-58.0,14.0,-658.0,-143.0,-6.0,-953.0,-276.0
3521,-9.0,-249.0,-62.0,15.0,-655.0,-140.0,-8.0,-949.0,-280.0
3522,-9.0,-248.0,-58.0,15.0,-647.0,-140.0,-14.0,-942.0,-277.0
3523,-8.0,-247.0,-64.0,12.0,-638.0,-145.0,-21.0,-938.0,-294.0
3524,-15.0,-244.0,-66.0,9.0,-628.0,-150.0,-31.0,-931.0,-308.0
3525,-16.0,-244.0,-68.0,4.0,-621.0,-153.0,-34.0,-929.0,-313.0
3526,-17.0,-242.0,-71.0,-7.0,-614.0,-157.0,-37.0,-925.0,-318.0
3527,-8.0,-236.0,-69.0,-19.0,-607.0,-163.0,-29.0,-922.0,-321.0
3528,-15.0,-241.0,-76.0,-36.0,-604.0,-169.0,-27.0,-927.0,-325.0
3529,-14.0,-242.0,-72.0,-60.0,-601.0,-177.0,-29.0,-928.0,-321.0
3530,-12.0,-244.0,-68.0,-79.0,-600.0,-185.0,-20.0,-932.0,-322.0
3531,-13.0,-245.0,-71.0,-94.0,-599.0,-196.0,-26.0,-937.0,-324.0
3532,-11.0,-247.0,-70.0,-105.0,-597.0,-205.0,-23.0,-950.0,-318.0
3533,-12.0,-249.0,-73.0,-115.0,-593.0,-212.0,-19.0,-958.0,-318.0
3534,-11.0,-250.0,-69.0,-125.0,-585.0,-213.0,-19.0,-975.0,-316.0
3535,-10.0,-256.0,-71.0,-127.0,-574.0,-213.0,-13.0,-978.0,-316.0
3536,-8.0,-254.0,-66.0,-123.0,-561.0,-209.0,-8.0,-983.0,-310.0
3537,-9.0,-257.0,-67.0,-126.0,-545.0,-205.0,0.0,-995.0,-304.0
3538,-7.0,-258.0,-62.0,-133.0,-535.0,-204.0,6.0,-997.0,-291.0
3539,-2.0,-258.0,-62.0,-141.0,-529.0,-201.0,10.0,-1003.0,-276.0
3540,-3.0,-258.0,-56.0,-150.0,-528.0,-199.0,13.0,-1007.0,-274.0
3541,-2.0,-259.0,-58.0,-154.0,-531.0,-193.0,11.0,-998.0,-273.0
3542,-2.0,-259.0,-58.0,-155.0,-535.0,-187.0,20.0,-996.0,-272.0
3543,-3.0,-259.0,-57.0,-155.0,-539.0,-180.0,16.0,-988.0,-265.0
3544,-2.0,-255.0,-56.0,-156.0,-541.0,-170.0,22.0,-990.0,-266.0
3545,-2.0,-251.0,-54.0,-162.0,-547.0,-162.0,28.0,-974.0,-259.0
3546,0.0,-252.0,-51.0,-170.0,-551.0,-152.0,26.0,-976.0,-254.0
3547,2.0,-253.0,-56.0,-177.0,-555.0,-143.0,28.0,-971.0,-249.0
3548,0.0,-253.0,-49.0,-182.0,-559.0,-134.0,29.0,-967.0,-242.0
3549,0.0,-246.0,-43.0,-180.0,-559.0,-124.0,31.0,-964.0,-242.0
3550,-2.0,-248.0,-54.0,-177.0,-556.0,-116.0,28.0,-966.0,-250.0
3551,0.0,-248.0,-57.0,-174.0,-549.0,-111.0,24.0,-962.0,-252.0
3552,0.0,-251.0,-57.0,-171.0,-541.0,-109.0,6.0,-953.0,-258.0
3553,-9.0,-248.0,-57.0,-169.0,-533.0,-105.0,-4.0,-959.0,-271.0
3554,-18.0,-245.0,-64.0,-176.0,-532.0,-103.0,-22.0,-942.0,-280.0
3555,-19.0,-245.0,-65.0,-185.0,-533.0,-100.0,-42.0,-939.0,-287.0
3556,-21.0,-246.0,-63.0,-195.0,-536.0,-99.0,-55.0,-940.0,-294.0
3557,-26.0,-245.0,-68.0,-204.0,-536.0,-103.0,-74.0,-939.0,-290.0
3558,-29.0,-245.0,-57.0,-213.0,-533.0,-106.0,-80.0,-934.0,-283.0
3559,-29.0,-243.0,-62.0,-219.0,-525.0,-108.0,-79.0,-934.0,-282.0
3560,-26.0,-241.0,-58.0,-223.0,-513.0,-113.0,-76.0,-933.0,-276.0
3561,-29.0,-242.0,-58.0,-225.0,-500.0,-120.0,-77.0,-930.0,-274.0
3562,-24.0,-237.0,-56.0,-229.0,-488.0,-127.0,-67.0,-925.0,-273.0
3563,-17.0,-240.0,-60.0,-234.0,-476.0,-136.0,-53.0,-920.0,-270.0
3564,-15.0,-242.0,-59.0,-244.0,-464.0,-149.0,-40.0,-919.0,-268.0
3565,-11.0,-240.0,-58.0,-257.0,-452.0,-163.0,-28.0,-919.0,-269.0
3566,-16.0,-237.0,-53.0,-272.0,-442.0,-177.0,-21.0,-920.0,-264.0
3567,-9.0,-241.0,-56.0,-288.0,-436.0,-194.0,-14.0,-926.0,-264.0
3568,-11.0,-243.0,-56.0,-304.0,-430.0,-214.0,-10.0,-933.0,-263.0
3569,-8.0,-246.0,-59.0,-322.0,-425.0,-236.0,1.0,-943.0,-267.0
3570,-5.0,-249.0,-76.0,-339.0,-422.0,-251.0,9.0,-949.0,-270.0
3571,0.0,-250.0,-61.0,-351.0,-417.0,-270.0,19.0,-965.0,-280.0
3572,0.0,-251.0,-63.0,-355.0,-410.0,-289.0,27.0,-965.0,-290.0
3573,0.0,-249.0,-64.0,-348.0,-396.0,-302.0,27.0,-966.0,-297.0
3574,2.0,-253.0,-66.0,-336.0,-382.0,-311.0,34.0,-971.0,-306.0
3575,0.0,-255.0,-68.0,-323.0,-370.0,-316.0,32.0,-980.0,-317.0
3576,1.0,-257.0,-70.0,-308.0,-357.0,-323.0,35.0,-982.0,-316.0
3577,1.0,-257.0,-71.0,-293.0,-345.0,-325.0,35.0,-984.0,-313.0
3578,2.0,-253.0,-77.0,-275.0,-339.0,-316.0,38.0,-985.0,-324.0
3579,4.0,-256.0,-74.0,-265.0,-331.0,-310.0,44.0,-985.0,-336.0
3580,1.0,-259.0,-77.0,-263.0,-328.0,-301.0,37.0,-1003.0,-346.0
3581,1.0,-261.0,-79.0,-263.0,-328.0,-289.0,36.0,-1013.0,-351.0
3582,1.0,-261.0,-76.0,-255.0,-330.0,-279.0,38.0,-1013.0,-355.0
3583,0.0,-261.0,-79.0,-238.0,-331.0,-263.0,37.0,-1007.0,-349.0
3584,0.0,-261.0,-82.0,-215.0,-332.0,-250.0,35.0,-1009.0,-359.0
3585,-2.0,-259.0,-82.0,-193.0,-337.0,-235.0,30.0,-1008.0,-355.0
3586,-1.0,-257.0,-80.0,-172.0,-344.0,-222.0,22.0,-998.0,-361.0
3587,0.0,-257.0,-79.0,-154.0,-353.0,-212.0,21.0,-979.0,-348.0
3588,-5.0,-251.0,-82.0,-133.0,-364.0,-203.0,22.0,-968.0,-358.0
3589,-1.0,-251.0,-83.0,-117.0,-370.0,-201.0,30.0,-959.0,-361.0
3590,-1.0,-246.0,-82.0,-103.0,-377.0,-196.0,39.0,-949.0,-364.0
3591,3.0,-248.0,-82.0,-93.0,-385.0,-192.0,44.0,-931.0,-361.0
3592,1.0,-247.0,-84.0,-90.0,-389.0,-189.0,45.0,-931.0,-369.0
3593,6.0,-242.0,-85.0,-92.0,-391.0,-193.0,53.0,-923.0,-372.0
3594,8.0,-244.0,-86.0,-95.0,-395.0,-200.0,51.0,-922.0,-381.0
3595,8.0,-240.0,-86.0,-99.0,-399.0,-205.0,56.0,-917.0,-384.0
3596,12.0,-241.0,-86.0,-102.0,-399.0,-209.0,56.0,-915.0,-388.0
3597,11.0,-242.0,-88.0,-105.0,-398.0,-213.0,63.0,-915.0,-393.0
3598,10.0,-240.0,-90.0,-108.0,-394.0,-214.0,64.0,-914.0,-393.0
3599,10.0,-240.0,-87.0,-107.0,-384.0,-216.0,65.0,-918.0,-391.0
3600,10.0,-238.0,-86.0,-103.0,-372.0,-212.0,65.0,-918.0,-396.0
3601,12.0,-243.0,-86.0,-103.0,-358.0,-206.0,80.0,-922.0,-380.0
3602,9.0,-245.0,-84.0,-96.0,-343.0,-206.0,77.0,-932.0,-380.0
3603,7.0,-245.0,-84.0,-83.0,-326.0,-203.0,71.0,-934.0,-378.0
3604,4.0,-245.0,-85.0,-66.0,-311.0,-198.0,51.0,-937.0,-375.0
3605,3.0,-247.0,-83.0,-50.0,-302.0,-190.0,46.0,-942.0,-376.0
3606,4.0,-247.0,-85.0,-38.0,-292.0,-176.0,49.0,-938.0,-383.0
3607,2.0,-245.0,-90.0,-27.0,-282.0,-162.0,44.0,-938.0,-387.0
3608,3.0,-243.0,-89.0,-22.0,-271.0,-146.0,50.0,-932.0,-397.0
3609,6.0,-242.0,-88.0,-21.0,-254.0,-130.0,53.0,-917.0,-412.0
3610,6.0,-240.0,-90.0,-17.0,-237.0,-112.0,52.0,-914.0,-413.0
3611,4.0,-234.0,-94.0,-14.0,-219.0,-93.0,46.0,-895.0,-413.0
3612,6.0,-232.0,-94.0,-10.0,-203.0,-72.0,50.0,-889.0,-414.0
3613,7.0,-228.0,-92.0,-2.0,-186.0,-51.0,60.0,-874.0,-409.0
3614,12.0,-220.0,-77.0,11.0,-172.0,-25.0,55.0,-862.0,-402.0
3615,5.0,-223.0,-85.0,32.0,-159.0,1.0,51.0,-848.0,-382.0
3616,2.0,-220.0,-83.0,60.0,-147.0,32.0,37.0,-844.0,-369.0
3617,0.0,-220.0,-77.0,96.0,-140.0,70.0,19.0,-830.0,-352.0
3618,-3.0,-215.0,-75.0,142.0,-133.0,110.0,7.0,-829.0,-326.0
3619,-7.0,-214.0,-70.0,186.0,-128.0,159.0,-10.0,-817.0,-315.0
3620,-12.0,-214.0,-66.0,229.0,-123.0,213.0,-11.0,-813.0,-298.0
3621,-8.0,-214.0,-59.0,262.0,-121.0,268.0,-16.0,-809.0,-280.0
3622,-11.0,-214.0,-57.0,290.0,-123.0,323.0,-14.0,-813.0,-265.0
3623,-13.0,-215.0,-51.0,310.0,-130.0,373.0,-25.0,-827.0,-251.0
3624,-11.0,-217.0,-51.0,320.0,-145.0,419.0,-20.0,-842.0,-243.0
3625,-14.0,-223.0,-51.0,317.0,-164.0,457.0,-23.0,-856.0,-242.0
3626,-11.0,-232.0,-52.0,300.0,-189.0,486.0,-21.0,-884.0,-241.0
3627,-11.0,-238.0,-53.0,270.0,-215.0,507.0,-6.0,-910.0,-245.0
3628,-6.0,-244.0,-55.0,242.0,-239.0,515.0,1.0,-939.0,-255.0
3629,0.0,-255.0,-58.0,222.0,-259.0,520.0,19.0,-973.0,-262.0
3630,0.0,-259.0,-57.0,214.0,-270.0,516.0,36.0,-998.0,-269.0
3631,5.0,-261.0,-61.0,214.0,-271.0,508.0,46.0,-1013.0,-269.0
3632,9.0,-266.0,-64.0,221.0,-263.0,495.0,72.0,-1036.0,-284.0
3633,11.0,-271.0,-60.0,223.0,-250.0,475.0,82.0,-1037.0,-274.0
3634,15.0,-272.0,-61.0,232.0,-234.0,453.0,91.0,-1041.0,-278.0
3635,19.0,-269.0,-65.0,239.0,-219.0,434.0,97.0,-1043.0,-290.0
3636,18.0,-259.0,-80.0,239.0,-197.0,418.0,99.0,-1038.0,-305.0
3637,16.0,-264.0,-69.0,234.0,-171.0,409.0,94.0,-1021.0,-319.0
3638,15.0,-262.0,-71.0,234.0,-150.0,401.0,88.0,-1016.0,-330.0
3639,13.0,-257.0,-79.0,232.0,-135.0,395.0,89.0,-998.0,-347.0
3640,14.0,-255.0,-79.0,225.0,-118.0,392.0,88.0,-971.0,-355.0
3641,11.0,-249.0,-83.0,212.0,-97.0,392.0,68.0,-959.0,-367.0
3642,10.0,-247.0,-81.0,196.0,-71.0,397.0,72.0,-939.0,-353.0
3643,6.0,-239.0,-76.0,181.0,-45.0,398.0,62.0,-925.0,-348.0
3644,10.0,-237.0,-73.0,161.0,-26.0,401.0,62.0,-915.0,-335.0
3645,7.0,-239.0,-70.0,133.0,-12.0,405.0,51.0,-911.0,-325.0
3646,3.0,-239.0,-66.0,98.0,0.0,399.0,46.0,-912.0,-309.0
3647,0.0,-237.0,-64.0,67.0,8.0,387.0,36.0,-910.0,-291.0
3648,-1.0,-240.0,-57.0,45.0,12.0,383.0,24.0,-914.0,-267.0
3649,-1.0,-246.0,-57.0,23.0,11.0,381.0,18.0,-932.0,-263.0
3650,-6.0,-247.0,-58.0,-4.0,6.0,372.0,9.0,-960.0,-260.0
3651,-8.0,-260.0,-50.0,-38.0,-1.0,354.0,2.0,-998.0,-253.0
3652,-11.0,-266.0,-54.0,-76.0,-11.0,336.0,-7.0,-1030.0,-252.0
3653,-9.0,-273.0,-55.0,-114.0,-20.0,318.0,-1.0,-1062.0,-243.0
3654,-8.0,-281.0,-56.0,-136.0,-21.0,294.0,11.0,-1089.0,-245.0
3655,-7.0,-288.0,-57.0,-154.0,-23.0,265.0,4.0,-1117.0,-269.0
3656,-10.0,-294.0,-55.0,-175.0,-27.0,238.0,-6.0,-1135.0,-270.0
3657,-7.0,-303.0,-50.0,-191.0,-27.0,209.0,-8.0,-1140.0,-267.0
3658,-11.0,-297.0,-60.0,-192.0,-19.0,182.0,-1.0,-1146.0,-269.0
3659,-11.0,-300.0,-54.0,-179.0,-10.0,155.0,-1.0,-1145.0,-270.0
3660,-8.0,-299.0,-57.0,-160.0,2.0,128.0,-6.0,-1142.0,-267.0
3661,-8.0,-295.0,-56.0,-140.0,14.0,99.0,-5.0,-1123.0,-267.0
3662,-10.0,-289.0,-58.0,-123.0,25.0,72.0,-5.0,-1104.0,-276.0
3663,-9.0,-284.0,-61.0,-110.0,32.0,46.0,-6.0,-1097.0,-275.0
3664,-10.0,-280.0,-62.0,-101.0,39.0,17.0,5.0,-1081.0,-284.0
3665,-5.0,-279.0,-66.0,-93.0,44.0,-9.0,2.0,-1064.0,-288.0
3666,-5.0,-276.0,-62.0,-90.0,47.0,-34.0,7.0,-1057.0,-296.0
3667,-5.0,-272.0,-69.0,-90.0,50.0,-55.0,4.0,-1048.0,-303.0
3668,-8.0,-269.0,-65.0,-89.0,56.0,-78.0,1.0,-1042.0,-309.0
3669,-7.0,-267.0,-66.0,-84.0,62.0,-99.0,-5.0,-1029.0,-308.0
3670,-8.0,-267.0,-67.0,-70.0,65.0,-118.0,-13.0,-1022.0,-307.0
3671,-13.0,-262.0,-69.0,-57.0,67.0,-135.0,-24.0,-1019.0,-307.0
3672,-17.0,-259.0,-63.0,-45.0,66.0,-152.0,-31.0,-1016.0,-304.0
3673,-18.0,-261.0,-62.0,-36.0,63.0,-167.0,-44.0,-1002.0,-293.0
3674,-19.0,-261.0,-60.0,-27.0,59.0,-177.0,-60.0,-1012.0,-284.0
3675,-24.0,-257.0,-64.0,-20.0,51.0,-181.0,-66.0,-1001.0,-282.0
3676,-25.0,-256.0,-64.0,-13.0,39.0,-185.0,-73.0,-988.0,-278.0
3677,-29.0,-253.0,-62.0,-10.0,27.0,-190.0,-77.0,-984.0,-291.0
3678,-28.0,-254.0,-59.0,-11.0,14.0,-193.0,-76.0,-979.0,-285.0
3679,-23.0,-261.0,-64.0,-14.0,0.0,-194.0,-78.0,-972.0,-284.0
3680,-25.0,-251.0,-62.0,-16.0,-11.0,-194.0,-72.0,-973.0,-290.0
3681,-24.0,-250.0,-65.0,-17.0,-19.0,-192.0,-65.0,-958.0,-286.0
3682,-20.0,-248.0,-64.0,-16.0,-24.0,-190.0,-65.0,-950.0,-287.0
3683,-22.0,-245.0,-60.0,-10.0,-24.0,-183.0,-47.0,-942.0,-287.0
3684,-19.0,-247.0,-62.0,-1.0,-21.0,-176.0,-41.0,-932.0,-278.0
3685,-16.0,-241.0,-60.0,8.0,-20.0,-168.0,-32.0,-921.0,-274.0
3686,-13.0,-238.0,-59.0,16.0,-17.0,-160.0,-26.0,-913.0,-273.0
3687,-9.0,-233.0,-58.0,21.0,-13.0,-152.0,-15.0,-902.0,-280.0
3688,-11.0,-230.0,-63.0,22.0,-8.0,-139.0,-9.0,-897.0,-285.0
3689,-9.0,-235.0,-61.0,17.0,-1.0,-130.0,-8.0,-891.0,-282.0
3690,-11.0,-232.0,-59.0,12.0,4.0,-118.0,-6.0,-889.0,-283.0
3691,-9.0,-230.0,-59.0,5.0,10.0,-104.0,-4.0,-890.0,-280.0
3692,-10.0,-231.0,-62.0,-1.0,16.0,-92.0,-8.0,-895.0,-280.0
3693,-9.0,-232.0,-57.0,-7.0,26.0,-81.0,-11.0,-897.0,-276.0
3694,-10.0,-234.0,-62.0,-14.0,35.0,-68.0,-15.0,-904.0,-273.0
3695,-12.0,-237.0,-60.0,-20.0,45.0,-55.0,-20.0,-917.0,-275.0
3696,-11.0,-241.0,-61.0,-22.0,60.0,-42.0,-18.0,-910.0,-281.0
3697,-13.0,-240.0,-62.0,-24.0,73.0,-31.0,-26.0,-914.0,-282.0
3698,-13.0,-242.0,-63.0,-27.0,84.0,-18.0,-27.0,-922.0,-280.0
3699,-11.0,-240.0,-65.0,-29.0,97.0,-5.0,-23.0,-923.0,-280.0
3700,-17.0,-245.0,-68.0,-29.0,111.0,10.0,-28.0,-937.0,-289.0
3701,-15.0,-244.0,-62.0,-28.0,124.0,23.0,-30.0,-940.0,-289.0
3702,-18.0,-247.0,-62.0,-24.0,135.0,38.0,-34.0,-941.0,-284.0
3703,-21.0,-247.0,-63.0,-18.0,145.0,48.0,-42.0,-946.0,-288.0
3704,-18.0,-248.0,-60.0,-12.0,153.0,57.0,-38.0,-946.0,-286.0
3705,-15.0,-247.0,-63.0,-7.0,158.0,66.0,-45.0,-939.0,-291.0
3706,-21.0,-246.0,-63.0,-5.0,167.0,73.0,-39.0,-939.0,-289.0
3707,-17.0,-248.0,-61.0,-5.0,171.0,78.0,-36.0,-946.0,-294.0
3708,-19.0,-247.0,-67.0,-9.0,180.0,82.0,-44.0,-948.0,-300.0
3709,-20.0,-247.0,-66.0,-17.0,188.0,85.0,-44.0,-951.0,-301.0
3710,-22.0,-246.0,-66.0,-26.0,200.0,87.0,-57.0,-948.0,-305.0
3711,-20.0,-249.0,-67.0,-34.0,209.0,90.0,-58.0,-957.0,-306.0
3712,-23.0,-248.0,-67.0,-34.0,215.0,91.0,-53.0,-956.0,-303.0
3713,-24.0,-248.0,-63.0,-29.0,215.0,89.0,-55.0,-957.0,-303.0
3714,-22.0,-247.0,-65.0,-22.0,209.0,86.0,-63.0,-952.0,-301.0
3715,-26.0,-249.0,-66.0,-17.0,202.0,80.0,-66.0,-956.0,-304.0
3716,-23.0,-248.0,-67.0,-15.0,191.0,75.0,-69.0,-957.0,-301.0
3717,-26.0,-249.0,-66.0,-22.0,179.0,72.0,-70.0,-959.0,-302.0
3718,-27.0,-250.0,-64.0,-33.0,170.0,67.0,-71.0,-957.0,-300.0
3719,-24.0,-252.0,-64.0,-43.0,158.0,61.0,-62.0,-963.0,-299.0
3720,-21.0,-249.0,-65.0,-55.0,151.0,51.0,-60.0,-964.0,-299.0
3721,-20.0,-250.0,-69.0,-69.0,151.0,41.0,-50.0,-973.0,-306.0
3722,-22.0,-253.0,-63.0,-82.0,154.0,29.0,-45.0,-975.0,-304.0
3723,-13.0,-254.0,-64.0,-93.0,158.0,17.0,-35.0,-981.0,-302.0
3724,-13.0,-257.0,-66.0,-99.0,166.0,5.0,-23.0,-999.0,-297.0
3725,-12.0,-259.0,-66.0,-99.0,173.0,-7.0,-13.0,-1009.0,-296.0
3726,-11.0,-258.0,-62.0,-91.0,179.0,-19.0,-11.0,-1007.0,-291.0
3727,-13.0,-260.0,-65.0,-75.0,181.0,-32.0,-15.0,-1011.0,-287.0
3728,-14.0,-258.0,-63.0,-57.0,180.0,-45.0,-25.0,-985.0,-293.0
3729,-17.0,-257.0,-65.0,-40.0,175.0,-53.0,-33.0,-991.0,-297.0
3730,-18.0,-253.0,-63.0,-27.0,168.0,-58.0,-47.0,-985.0,-298.0
3731,-17.0,-253.0,-68.0,-20.0,161.0,-61.0,-47.0,-976.0,-302.0
3732,-21.0,-254.0,-69.0,-18.0,152.0,-63.0,-51.0,-971.0,-300.0
3733,-22.0,-251.0,-65.0,-16.0,140.0,-62.0,-54.0,-968.0,-300.0
3734,-23.0,-250.0,-65.0,-15.0,130.0,-62.0,-59.0,-968.0,-296.0
3735,-22.0,-252.0,-63.0,-16.0,119.0,-64.0,-62.0,-974.0,-296.0
3736,-24.0,-249.0,-62.0,-18.0,110.0,-66.0,-62.0,-979.0,-290.0
3737,-20.0,-254.0,-62.0,-19.0,105.0,-67.0,-58.0,-982.0,-293.0
3738,-22.0,-258.0,-64.0,-15.0,102.0,-68.0,-54.0,-987.0,-300.0
3739,-19.0,-256.0,-62.0,-6.0,101.0,-69.0,-45.0,-985.0,-294.0
3740,-18.0,-258.0,-67.0,8.0,98.0,-72.0,-46.0,-1001.0,-303.0
3741,-17.0,-259.0,-70.0,21.0,98.0,-72.0,-39.0,-1004.0,-303.0
3742,-14.0,-255.0,-71.0,34.0,101.0,-73.0,-37.0,-995.0,-305.0
3743,-15.0,-253.0,-70.0,44.0,108.0,-74.0,-35.0,-986.0,-310.0
3744,-14.0,-248.0,-68.0,53.0,116.0,-73.0,-28.0,-991.0,-307.0
3745,-15.0,-253.0,-64.0,61.0,124.0,-75.0,-27.0,-971.0,-307.0
3746,-13.0,-251.0,-66.0,71.0,135.0,-76.0,-21.0,-968.0,-301.0
3747,-14.0,-250.0,-64.0,81.0,144.0,-75.0,-22.0,-959.0,-292.0
3748,-10.0,-249.0,-64.0,90.0,151.0,-71.0,-26.0,-951.0,-293.0
3749,-13.0,-247.0,-62.0,98.0,157.0,-66.0,-31.0,-946.0,-289.0
3750,-18.0,-246.0,-63.0,104.0,161.0,-60.0,-33.0,-930.0,-288.0
3751,-18.0,-242.0,-64.0,105.0,166.0,-54.0,-37.0,-930.0,-287.0
3752,-21.0,-239.0,-64.0,103.0,172.0,-46.0,-45.0,-925.0,-287.0
3753,-19.0,-241.0,-61.0,95.0,177.0,-39.0,-50.0,-923.0,-282.0
3754,-19.0,-241.0,-60.0,85.0,182.0,-29.0,-55.0,-931.0,-281.0
3755,-19.0,-245.0,-63.0,76.0,187.0,-18.0,-57.0,-929.0,-276.0
3756,-21.0,-243.0,-58.0,71.0,194.0,-9.0,-59.0,-930.0,-275.0
3757,-21.0,-242.0,-60.0,66.0,203.0,-1.0,-58.0,-930.0,-271.0
3758,-19.0,-245.0,-59.0,62.0,210.0,7.0,-51.0,-936.0,-269.0
3759,-20.0,-244.0,-60.0,60.0,215.0,14.0,-49.0,-932.0,-270.0
3760,-20.0,-247.0,-59.0,57.0,219.0,20.0,-50.0,-941.0,-266.0
3761,-18.0,-245.0,-61.0,54.0,220.0,25.0,-45.0,-936.0,-270.0
3762,-18.0,-245.0,-59.0,53.0,221.0,29.0,-42.0,-939.0,-272.0
3763,-15.0,-246.0,-63.0,52.0,218.0,35.0,-38.0,-942.0,-275.0
3764,-19.0,-245.0,-62.0,54.0,218.0,39.0,-37.0,-949.0,-278.0
3765,-20.0,-246.0,-63.0,56.0,216.0,42.0,-39.0,-955.0,-292.0
3766,-16.0,-249.0,-61.0,60.0,214.0,46.0,-38.0,-959.0,-297.0
3767,-19.0,-248.0,-63.0,66.0,210.0,49.0,-42.0,-966.0,-301.0
3768,-22.0,-249.0,-65.0,71.0,207.0,52.0,-38.0,-966.0,-304.0
3769,-19.0,-251.0,-68.0,75.0,205.0,53.0,-45.0,-969.0,-302.0
3770,-20.0,-252.0,-68.0,78.0,206.0,53.0,-49.0,-968.0,-307.0
3771,-21.0,-251.0,-67.0,81.0,208.0,55.0,-55.0,-974.0,-307.0
3772,-21.0,-249.0,-69.0,82.0,210.0,55.0,-61.0,-965.0,-304.0
3773,-21.0,-251.0,-65.0,84.0,212.0,54.0,-58.0,-970.0,-306.0
3774,-23.0,-248.0,-64.0,87.0,217.0,51.0,-69.0,-968.0,-302.0
3775,-22.0,-249.0,-68.0,91.0,220.0,48.0,-68.0,-970.0,-289.0
3776,-26.0,-249.0,-61.0,94.0,222.0,47.0,-71.0,-967.0,-284.0
3777,-26.0,-251.0,-63.0,97.0,221.0,44.0,-74.0,-964.0,-281.0
3778,-25.0,-250.0,-58.0,98.0,220.0,41.0,-80.0,-963.0,-281.0
3779,-28.0,-249.0,-59.0,98.0,217.0,36.0,-76.0,-962.0,-274.0
3780,-27.0,-249.0,-57.0,98.0,212.0,35.0,-78.0,-957.0,-276.0
3781,-27.0,-247.0,-62.0,94.0,206.0,34.0,-74.0,-959.0,-275.0
3782,-23.0,-247.0,-60.0,88.0,200.0,30.0,-73.0,-955.0,-279.0
3783,-26.0,-248.0,-64.0,83.0,191.0,28.0,-73.0,-943.0,-279.0
3784,-24.0,-250.0,-59.0,77.0,182.0,27.0,-74.0,-957.0,-274.0
3785,-27.0,-249.0,-60.0,72.0,174.0,26.0,-72.0,-960.0,-277.0
3786,-28.0,-250.0,-61.0,69.0,163.0,23.0,-74.0,-961.0,-279.0
3787,-25.0,-249.0,-66.0,68.0,155.0,20.0,-73.0,-972.0,-287.0
3788,-24.0,-254.0,-63.0,68.0,146.0,18.0,-68.0,-970.0,-293.0
3789,-27.0,-254.0,-61.0,71.0,140.0,15.0,-72.0,-977.0,-290.0
3790,-21.0,-257.0,-61.0,75.0,131.0,12.0,-62.0,-982.0,-290.0
3791,-23.0,-253.0,-59.0,79.0,126.0,8.0,-65.0,-982.0,-294.0
3792,-21.0,-255.0,-62.0,84.0,121.0,6.0,-50.0,-985.0,-294.0
3793,-20.0,-257.0,-65.0,89.0,117.0,3.0,-54.0,-989.0,-291.0
3794,-19.0,-256.0,-65.0,96.0,113.0,-1.0,-56.0,-982.0,-298.0
3795,-21.0,-255.0,-66.0,102.0,108.0,-1.0,-49.0,-976.0,-290.0
3796,-20.0,-252.0,-65.0,109.0,103.0,-4.0,-54.0,-970.0,-292.0
3797,-21.0,-250.0,-66.0,117.0,100.0,-4.0,-47.0,-971.0,-279.0
3798,-20.0,-252.0,-61.0,123.0,96.0,-7.0,-54.0,-968.0,-281.0
3799,-21.0,-250.0,-62.0,127.0,90.0,-6.0,-53.0,-960.0,-283.0
3800,-20.0,-248.0,-61.0,127.0,85.0,-6.0,-53.0,-957.0,-276.0
3801,-18.0,-248.0,-62.0,125.0,78.0,-5.0,-50.0,-952.0,-276.0
3802,-19.0,-248.0,-64.0,120.0,73.0,-5.0,-46.0,-953.0,-272.0
3803,-21.0,-247.0,-58.0,114.0,67.0,-4.0,-47.0,-955.0,-272.0
3804,-21.0,-248.0,-59.0,107.0,62.0,-2.0,-48.0,-952.0,-273.0
3805,-20.0,-248.0,-57.0,101.0,58.0,-1.0,-49.0,-953.0,-270.0
3806,-21.0,-247.0,-57.0,96.0,53.0,0.0,-47.0,-954.0,-269.0
3807,-18.0,-248.0,-61.0,93.0,47.0,-2.0,-44.0,-953.0,-267.0
3808,-20.0,-248.0,-60.0,89.0,43.0,-2.0,-43.0,-962.0,-272.0
3809,-19.0,-247.0,-60.0,87.0,40.0,-4.0,-49.0,-963.0,-274.0
3810,-18.0,-251.0,-61.0,85.0,37.0,-7.0,-49.0,-958.0,-270.0
3811,-17.0,-251.0,-56.0,84.0,36.0,-10.0,-43.0,-966.0,-271.0
3812,-21.0,-250.0,-53.0,84.0,35.0,-11.0,-41.0,-965.0,-271.0
3813,-16.0,-249.0,-60.0,85.0,36.0,-12.0,-40.0,-967.0,-272.0
3814,-14.0,-251.0,-59.0,88.0,36.0,-15.0,-34.0,-965.0,-267.0
3815,-19.0,-248.0,-59.0,93.0,38.0,-16.0,-39.0,-968.0,-266.0
3816,-15.0,-249.0,-57.0,95.0,38.0,-19.0,-40.0,-965.0,-267.0
3817,-17.0,-249.0,-57.0,96.0,39.0,-18.0,-42.0,-963.0,-269.0
3818,-20.0,-248.0,-58.0,99.0,36.0,-19.0,-39.0,-955.0,-270.0
3819,-19.0,-249.0,-60.0,101.0,33.0,-17.0,-43.0,-954.0,-269.0
3820,-17.0,-249.0,-61.0,104.0,31.0,-16.0,-45.0,-955.0,-275.0
3821,-20.0,-247.0,-58.0,105.0,28.0,-14.0,-42.0,-953.0,-269.0
3822,-21.0,-248.0,-60.0,107.0,23.0,-11.0,-44.0,-957.0,-272.0
3823,-18.0,-247.0,-55.0,105.0,23.0,-9.0,-45.0,-955.0,-271.0
3824,-20.0,-248.0,-59.0,100.0,23.0,-7.0,-47.0,-959.0,-264.0
3825,-18.0,-247.0,-57.0,97.0,22.0,-5.0,-41.0,-960.0,-258.0
3826,-18.0,-251.0,-55.0,93.0,21.0,-4.0,-45.0,-971.0,-262.0
3827,-20.0,-253.0,-51.0,93.0,21.0,-4.0,-45.0,-976.0,-250.0
3828,-20.0,-253.0,-52.0,97.0,22.0,-3.0,-45.0,-987.0,-249.0
3829,-20.0,-255.0,-55.0,105.0,21.0,-3.0,-46.0,-985.0,-248.0
3830,-19.0,-255.0,-51.0,115.0,21.0,-5.0,-45.0,-993.0,-252.0
3831,-20.0,-255.0,-51.0,129.0,20.0,-7.0,-44.0,-991.0,-252.0
3832,-18.0,-256.0,-53.0,140.0,18.0,-6.0,-44.0,-985.0,-249.0
3833,-19.0,-252.0,-54.0,146.0,16.0,-6.0,-40.0,-987.0,-254.0
3834,-17.0,-250.0,-53.0,148.0,11.0,-7.0,-34.0,-991.0,-253.0
3835,-15.0,-253.0,-57.0,145.0,10.0,-8.0,-33.0,-980.0,-260.0
3836,-18.0,-252.0,-55.0,135.0,9.0,-10.0,-32.0,-977.0,-267.0
3837,-12.0,-253.0,-58.0,121.0,10.0,-11.0,-33.0,-981.0,-272.0
3838,-17.0,-252.0,-60.0,103.0,12.0,-15.0,-37.0,-994.0,-275.0
3839,-17.0,-255.0,-66.0,85.0,16.0,-19.0,-38.0,-988.0,-294.0
3840,-15.0,-260.0,-64.0,69.0,21.0,-26.0,-34.0,-1002.0,-309.0
3841,-17.0,-260.0,-72.0,53.0,25.0,-35.0,-32.0,-1009.0,-324.0
3842,-20.0,-255.0,-75.0,42.0,34.0,-42.0,-19.0,-1009.0,-321.0
3843,-8.0,-260.0,-77.0,38.0,50.0,-50.0,-14.0,-1017.0,-333.0
3844,-8.0,-261.0,-74.0,45.0,71.0,-56.0,-10.0,-1013.0,-326.0
3845,-10.0,-260.0,-72.0,57.0,92.0,-62.0,4.0,-1013.0,-332.0
3846,-4.0,-258.0,-73.0,70.0,116.0,-69.0,7.0,-994.0,-326.0
3847,-3.0,-253.0,-69.0,81.0,138.0,-74.0,10.0,-982.0,-322.0
3848,0.0,-252.0,-70.0,88.0,158.0,-82.0,19.0,-964.0,-318.0
3849,0.0,-248.0,-64.0,89.0,172.0,-91.0,16.0,-946.0,-315.0
3850,-5.0,-244.0,-69.0,82.0,183.0,-97.0,18.0,-939.0,-311.0
3851,0.0,-244.0,-64.0,70.0,190.0,-98.0,16.0,-932.0,-305.0
3852,-1.0,-237.0,-64.0,52.0,196.0,-99.0,18.0,-920.0,-303.0
3853,3.0,-241.0,-60.0,35.0,207.0,-97.0,20.0,-917.0,-297.0
3854,4.0,-228.0,-57.0,22.0,222.0,-90.0,20.0,-915.0,-291.0
3855,9.0,-235.0,-46.0,16.0,242.0,-79.0,26.0,-910.0,-285.0
3856,0.0,-244.0,-52.0,14.0,265.0,-66.0,31.0,-914.0,-272.0
3857,5.0,-242.0,-54.0,16.0,291.0,-57.0,47.0,-923.0,-267.0
3858,5.0,-243.0,-54.0,16.0,315.0,-53.0,48.0,-934.0,-259.0
3859,4.0,-243.0,-52.0,12.0,336.0,-49.0,48.0,-946.0,-256.0
3860,6.0,-248.0,-47.0,7.0,352.0,-48.0,50.0,-956.0,-250.0
3861,2.0,-254.0,-47.0,2.0,362.0,-48.0,43.0,-967.0,-240.0
3862,4.0,-252.0,-59.0,-1.0,370.0,-49.0,36.0,-981.0,-234.0
3863,-5.0,-259.0,-58.0,-3.0,377.0,-51.0,37.0,-990.0,-236.0
3864,1.0,-258.0,-52.0,-2.0,384.0,-55.0,23.0,-1007.0,-238.0
3865,-2.0,-261.0,-53.0,3.0,393.0,-57.0,14.0,-1010.0,-237.0
3866,-9.0,-262.0,-46.0,10.0,403.0,-62.0,5.0,-1014.0,-231.0
3867,-13.0,-260.0,-45.0,20.0,406.0,-64.0,-19.0,-1017.0,-227.0
3868,-8.0,-257.0,-40.0,31.0,400.0,-65.0,-36.0,-1019.0,-225.0
3869,-24.0,-255.0,-46.0,44.0,391.0,-63.0,-51.0,-1014.0,-225.0
3870,-27.0,-263.0,-48.0,56.0,379.0,-57.0,-58.0,-1017.0,-224.0
3871,-29.0,-256.0,-43.0,66.0,365.0,-53.0,-74.0,-997.0,-225.0
3872,-25.0,-257.0,-52.0,77.0,350.0,-48.0,-76.0,-984.0,-238.0
3873,-27.0,-254.0,-46.0,81.0,333.0,-40.0,-75.0,-979.0,-239.0
3874,-24.0,-253.0,-54.0,81.0,313.0,-34.0,-76.0,-980.0,-243.0
3875,-23.0,-251.0,-51.0,75.0,291.0,-29.0,-70.0,-969.0,-248.0
3876,-26.0,-252.0,-40.0,68.0,271.0,-25.0,-67.0,-970.0,-243.0
3877,-22.0,-251.0,-48.0,62.0,256.0,-23.0,-62.0,-970.0,-237.0
3878,-32.0,-254.0,-54.0,56.0,246.0,-23.0,-48.0,-969.0,-239.0
3879,-20.0,-248.0,-47.0,54.0,239.0,-23.0,-42.0,-970.0,-232.0
3880,-14.0,-252.0,-50.0,52.0,237.0,-23.0,-29.0,-969.0,-227.0
3881,-12.0,-253.0,-45.0,48.0,236.0,-27.0,-23.0,-967.0,-225.0
3882,-9.0,-251.0,-48.0,43.0,237.0,-30.0,-10.0,-975.0,-222.0
3883,-5.0,-254.0,-46.0,36.0,241.0,-35.0,0.0,-973.0,-227.0
3884,-7.0,-254.0,-47.0,29.0,245.0,-38.0,7.0,-976.0,-217.0
3885,-1.0,-246.0,-42.0,29.0,249.0,-42.0,17.0,-975.0,-220.0
3886,-2.0,-242.0,-44.0,31.0,256.0,-44.0,20.0,-973.0,-218.0
3887,2.0,-261.0,-37.0,37.0,261.0,-48.0,23.0,-970.0,-221.0
3888,0.0,-259.0,-50.0,41.0,269.0,-49.0,30.0,-966.0,-224.0
3889,-3.0,-250.0,-38.0,42.0,279.0,-53.0,30.0,-958.0,-220.0
3890,3.0,-252.0,-48.0,40.0,285.0,-56.0,31.0,-953.0,-220.0
3891,-2.0,-248.0,-51.0,37.0,295.0,-52.0,37.0,-949.0,-223.0
3892,2.0,-244.0,-49.0,29.0,309.0,-51.0,31.0,-956.0,-226.0
3893,4.0,-249.0,-59.0,23.0,321.0,-49.0,25.0,-956.0,-228.0
3894,-5.0,-243.0,-52.0,18.0,335.0,-48.0,23.0,-949.0,-228.0
3895,0.0,-247.0,-53.0,14.0,341.0,-45.0,25.0,-948.0,-237.0
3896,-4.0,-247.0,-51.0,10.0,345.0,-38.0,19.0,-949.0,-236.0
3897,-1.0,-247.0,-50.0,4.0,350.0,-35.0,14.0,-943.0,-231.0
3898,-2.0,-246.0,-48.0,4.0,352.0,-29.0,18.0,-948.0,-225.0
3899,-5.0,-249.0,-45.0,7.0,351.0,-23.0,12.0,-942.0,-220.0
3900,-3.0,-245.0,-40.0,11.0,352.0,-16.0,10.0,-947.0,-220.0
3901,-6.0,-244.0,-44.0,9.0,353.0,-9.0,1.0,-947.0,-213.0
3902,-11.0,-250.0,-46.0,5.0,349.0,-3.0,-5.0,-949.0,-213.0
3903,-12.0,-246.0,-38.0,0.0,343.0,4.0,-14.0,-951.0,-215.0
3904,-11.0,-250.0,-43.0,-8.0,335.0,10.0,-11.0,-953.0,-217.0
3905,-5.0,-247.0,-47.0,-17.0,326.0,15.0,-20.0,-964.0,-219.0
3906,-16.0,-247.0,-45.0,-24.0,314.0,18.0,-18.0,-966.0,-224.0
3907,-11.0,-252.0,-48.0,-30.0,303.0,20.0,-18.0,-976.0,-224.0
3908,-8.0,-257.0,-46.0,-34.0,292.0,20.0,-18.0,-1001.0,-220.0
3909,-12.0,-261.0,-53.0,-34.0,286.0,20.0,-26.0,-996.0,-221.0
3910,-15.0,-258.0,-45.0,-27.0,275.0,18.0,-24.0,-1008.0,-220.0
3911,-16.0,-258.0,-45.0,-21.0,268.0,19.0,-25.0,-1008.0,-218.0
3912,-13.0,-264.0,-42.0,-13.0,261.0,17.0,-24.0,-1009.0,-213.0
3913,-14.0,-259.0,-39.0,-6.0,256.0,16.0,-21.0,-1012.0,-208.0
3914,-6.0,-252.0,-47.0,0.0,250.0,16.0,-27.0,-1007.0,-199.0
3915,-14.0,-254.0,-36.0,8.0,243.0,17.0,-21.0,-999.0,-200.0
3916,-16.0,-262.0,-43.0,17.0,236.0,19.0,-25.0,-986.0,-197.0
3917,-16.0,-258.0,-43.0,27.0,231.0,23.0,-19.0,-982.0,-203.0
3918,-13.0,-252.0,-39.0,32.0,224.0,25.0,-24.0,-980.0,-202.0
3919,-8.0,-252.0,-45.0,34.0,219.0,29.0,-26.0,-977.0,-202.0
3920,-15.0,-250.0,-47.0,38.0,212.0,33.0,-26.0,-971.0,-206.0
3921,-13.0,-251.0,-41.0,41.0,205.0,37.0,-23.0,-970.0,-197.0
3922,-8.0,-250.0,-50.0,46.0,197.0,39.0,-20.0,-973.0,-195.0
3923,-16.0,-236.0,-45.0,51.0,190.0,40.0,-16.0,-966.0,-197.0
3924,-13.0,-259.0,-43.0,56.0,183.0,41.0,-24.0,-961.0,-192.0
3925,-5.0,-265.0,-47.0,58.0,175.0,40.0,-21.0,-961.0,-193.0
3926,-14.0,-249.0,-36.0,57.0,168.0,40.0,-33.0,-957.0,-186.0
3927,-15.0,-249.0,-34.0,54.0,160.0,42.0,-31.0,-956.0,-183.0
3928,-17.0,-249.0,-37.0,49.0,153.0,43.0,-36.0,-960.0,-182.0
3929,-20.0,-249.0,-35.0,38.0,146.0,46.0,-43.0,-956.0,-181.0
3930,-21.0,-247.0,-33.0,28.0,139.0,50.0,-46.0,-955.0,-179.0
3931,-38.0,-248.0,-26.0,23.0,134.0,52.0,-52.0,-950.0,-183.0
3932,-23.0,-244.0,-38.0,21.0,129.0,58.0,-54.0,-956.0,-184.0
3933,-12.0,-248.0,-32.0,21.0,125.0,63.0,-56.0,-956.0,-180.0
3934,-35.0,-242.0,-31.0,24.0,120.0,70.0,-61.0,-956.0,-181.0
3935,-17.0,-251.0,-45.0,27.0,113.0,79.0,-69.0,-957.0,-178.0
3936,-18.0,-249.0,-41.0,31.0,102.0,87.0,-63.0,-955.0,-178.0
3937,-22.0,-262.0,-37.0,36.0,88.0,95.0,-67.0,-958.0,-177.0
3938,-28.0,-241.0,-30.0,38.0,74.0,101.0,-67.0,-960.0,-177.0
3939,-24.0,-252.0,-40.0,34.0,64.0,107.0,-51.0,-959.0,-165.0
3940,-22.0,-248.0,-34.0,26.0,54.0,112.0,-48.0,-966.0,-161.0
3941,-20.0,-251.0,-27.0,17.0,46.0,116.0,-53.0,-968.0,-151.0
3942,-21.0,-252.0,-29.0,10.0,43.0,119.0,-55.0,-974.0,-156.0
3943,-22.0,-252.0,-36.0,7.0,37.0,120.0,-51.0,-978.0,-170.0
3944,-26.0,-256.0,-45.0,3.0,28.0,116.0,-50.0,-983.0,-191.0
3945,-16.0,-258.0,-45.0,2.0,20.0,112.0,-53.0,-983.0,-196.0
3946,-20.0,-254.0,-47.0,2.0,15.0,110.0,-45.0,-991.0,-209.0
3947,-19.0,-255.0,-44.0,6.0,13.0,110.0,-47.0,-980.0,-217.0
3948,-17.0,-264.0,-43.0,13.0,12.0,111.0,-43.0,-994.0,-216.0
3949,-18.0,-254.0,-38.0,23.0,12.0,113.0,-39.0,-994.0,-207.0
3950,-18.0,-256.0,-40.0,36.0,14.0,112.0,-42.0,-991.0,-194.0
3951,-20.0,-257.0,-34.0,51.0,11.0,111.0,-57.0,-991.0,-185.0
3952,-24.0,-253.0,-33.0,60.0,4.0,108.0,-63.0,-988.0,-179.0
3953,-26.0,-247.0,-53.0,64.0,-7.0,104.0,-68.0,-984.0,-177.0
3954,-29.0,-253.0,-36.0,64.0,-20.0,102.0,-72.0,-982.0,-177.0
3955,-30.0,-254.0,-38.0,60.0,-35.0,100.0,-82.0,-980.0,-178.0
3956,-29.0,-255.0,-36.0,55.0,-49.0,96.0,-87.0,-985.0,-185.0
3957,-30.0,-255.0,-36.0,49.0,-63.0,91.0,-86.0,-983.0,-183.0
3958,-22.0,-262.0,-32.0,38.0,-77.0,86.0,-94.0,-1002.0,-195.0
3959,-32.0,-257.0,-43.0,28.0,-88.0,80.0,-93.0,-1000.0,-209.0
3960,-30.0,-258.0,-46.0,18.0,-94.0,74.0,-88.0,-1008.0,-213.0
3961,-32.0,-257.0,-43.0,13.0,-99.0,67.0,-85.0,-1016.0,-212.0
3962,-32.0,-261.0,-43.0,15.0,-103.0,57.0,-84.0,-1016.0,-209.0
3963,-28.0,-261.0,-43.0,22.0,-111.0,49.0,-81.0,-1012.0,-204.0
3964,-27.0,-260.0,-41.0,34.0,-121.0,42.0,-77.0,-1006.0,-195.0
3965,-23.0,-258.0,-40.0,49.0,-133.0,37.0,-74.0,-993.0,-196.0
3966,-28.0,-252.0,-41.0,58.0,-142.0,34.0,-69.0,-982.0,-193.0
3967,-24.0,-253.0,-39.0,63.0,-152.0,31.0,-62.0,-972.0,-197.0
3968,-26.0,-250.0,-44.0,62.0,-161.0,29.0,-67.0,-965.0,-204.0
3969,-24.0,-248.0,-41.0,53.0,-169.0,28.0,-64.0,-960.0,-209.0
3970,-21.0,-248.0,-44.0,39.0,-178.0,25.0,-56.0,-959.0,-221.0
3971,-21.0,-248.0,-51.0,27.0,-184.0,24.0,-53.0,-961.0,-225.0
3972,-18.0,-250.0,-52.0,15.0,-190.0,21.0,-46.0,-969.0,-227.0
3973,-19.0,-251.0,-50.0,4.0,-196.0,21.0,-34.0,-974.0,-243.0
3974,-20.0,-253.0,-54.0,-7.0,-194.0,18.0,-33.0,-993.0,-254.0
3975,-13.0,-261.0,-53.0,-18.0,-193.0,9.0,-23.0,-1010.0,-258.0
3976,-11.0,-263.0,-58.0,-26.0,-193.0,-3.0,-14.0,-1021.0,-263.0
3977,-11.0,-267.0,-53.0,-34.0,-192.0,-18.0,-9.0,-1031.0,-265.0
3978,-9.0,-269.0,-55.0,-37.0,-192.0,-32.0,-14.0,-1039.0,-260.0
3979,-8.0,-272.0,-54.0,-30.0,-193.0,-49.0,-9.0,-1050.0,-254.0
3980,-8.0,-272.0,-50.0,-15.0,-193.0,-63.0,-6.0,-1045.0,-244.0
3981,-9.0,-270.0,-49.0,9.0,-189.0,-77.0,-16.0,-1042.0,-237.0
3982,-12.0,-271.0,-46.0,33.0,-186.0,-89.0,-23.0,-1040.0,-226.0
3983,-25.0,-263.0,-41.0,62.0,-183.0,-96.0,-34.0,-1026.0,-225.0
3984,-19.0,-259.0,-49.0,83.0,-182.0,-103.0,-40.0,-1009.0,-221.0
3985,-18.0,-259.0,-48.0,98.0,-184.0,-106.0,-43.0,-999.0,-224.0
3986,-21.0,-253.0,-50.0,98.0,-187.0,-108.0,-57.0,-980.0,-222.0
3987,-24.0,-253.0,-47.0,95.0,-190.0,-106.0,-64.0,-975.0,-224.0
3988,-21.0,-251.0,-43.0,88.0,-190.0,-104.0,-63.0,-972.0,-226.0
3989,-20.0,-249.0,-48.0,83.0,-191.0,-99.0,-56.0,-967.0,-222.0
3990,-23.0,-249.0,-47.0,80.0,-190.0,-95.0,-55.0,-965.0,-220.0
3991,-24.0,-251.0,-41.0,80.0,-190.0,-90.0,-61.0,-965.0,-216.0
3992,-23.0,-253.0,-43.0,83.0,-193.0,-87.0,-57.0,-964.0,-207.0
3993,-22.0,-253.0,-46.0,82.0,-200.0,-84.0,-58.0,-965.0,-204.0
3994,-21.0,-251.0,-43.0,83.0,-207.0,-81.0,-50.0,-966.0,-200.0
3995,-22.0,-251.0,-39.0,86.0,-217.0,-82.0,-55.0,-970.0,-199.0
3996,-20.0,-250.0,-42.0,87.0,-226.0,-78.0,-49.0,-969.0,-204.0
3997,-21.0,-250.0,-36.0,92.0,-233.0,-75.0,-48.0,-966.0,-196.0
3998,-22.0,-248.0,-40.0,98.0,-239.0,-70.0,-45.0,-962.0,-198.0
3999,-19.0,-250.0,-40.0,101.0,-245.0,-63.0,-48.0,-963.0,-196.0
4000,-20.0,-247.0,-41.0,102.0,-249.0,-56.0,-43.0,-956.0,-191.0
4001,-16.0,-249.0,-42.0,101.0,-254.0,-50.0,-44.0,-955.0,-193.0
4002,-20.0,-247.0,-38.0,96.0,-258.0,-47.0,-40.0,-950.0,-190.0
4003,-18.0,-246.0,-40.0,88.0,-258.0,-41.0,-36.0,-946.0,-190.0
4004,-18.0,-242.0,-33.0,77.0,-259.0,-35.0,-33.0,-944.0,-189.0
4005,-17.0,-247.0,-36.0,65.0,-256.0,-33.0,-29.0,-943.0,-191.0
4006,-11.0,-247.0,-41.0,52.0,-254.0,-35.0,-25.0,-946.0,-192.0
4007,-13.0,-246.0,-35.0,35.0,-250.0,-33.0,-21.0,-947.0,-190.0
4008,-10.0,-248.0,-40.0,20.0,-244.0,-34.0,-16.0,-952.0,-197.0
4009,-12.0,-248.0,-42.0,4.0,-237.0,-37.0,-19.0,-947.0,-195.0
4010,-9.0,-249.0,-41.0,-12.0,-227.0,-40.0,-10.0,-954.0,-198.0
4011,-8.0,-249.0,-42.0,-32.0,-218.0,-42.0,-5.0,-959.0,-198.0
4012,-6.0,-250.0,-41.0,-48.0,-205.0,-43.0,-6.0,-960.0,-201.0
4013,-8.0,-250.0,-39.0,-64.0,-190.0,-46.0,-2.0,-963.0,-197.0
4014,-5.0,-250.0,-39.0,-78.0,-175.0,-46.0,6.0,-957.0,-197.0
4015,-8.0,-249.0,-39.0,-88.0,-159.0,-47.0,7.0,-965.0,-199.0
4016,-7.0,-253.0,-41.0,-95.0,-143.0,-46.0,6.0,-966.0,-202.0
4017,-4.0,-251.0,-41.0,-101.0,-129.0,-47.0,-1.0,-964.0,-201.0
4018,-2.0,-250.0,-41.0,-108.0,-116.0,-46.0,3.0,-963.0,-206.0
4019,-6.0,-250.0,-43.0,-118.0,-102.0,-45.0,-3.0,-957.0,-202.0
4020,-9.0,-249.0,-41.0,-126.0,-89.0,-45.0,4.0,-960.0,-211.0
4021,-7.0,-248.0,-41.0,-133.0,-74.0,-45.0,2.0,-965.0,-210.0
4022,-5.0,-248.0,-43.0,-139.0,-62.0,-45.0,-4.0,-962.0,-211.0
4023,-7.0,-249.0,-43.0,-144.0,-49.0,-44.0,-1.0,-967.0,-216.0
4024,-5.0,-249.0,-44.0,-148.0,-37.0,-45.0,2.0,-959.0,-217.0
4025,-2.0,-250.0,-48.0,-148.0,-26.0,-43.0,7.0,-956.0,-215.0
4026,-8.0,-261.0,-39.0,-150.0,-14.0,-41.0,12.0,-958.0,-221.0
4027,-3.0,-248.0,-52.0,-153.0,-3.0,-40.0,5.0,-960.0,-219.0
4028,-6.0,-249.0,-46.0,-160.0,7.0,-37.0,11.0,-961.0,-217.0
4029,-4.0,-249.0,-43.0,-166.0,17.0,-34.0,14.0,-959.0,-220.0
4030,-3.0,-250.0,-42.0,-171.0,28.0,-30.0,11.0,-963.0,-217.0
4031,-7.0,-249.0,-45.0,-180.0,37.0,-26.0,11.0,-959.0,-219.0
4032,-5.0,-249.0,-46.0,-187.0,48.0,-23.0,12.0,-961.0,-215.0
4033,-7.0,-249.0,-47.0,-193.0,59.0,-20.0,-1.0,-969.0,-215.0
4034,-6.0,-250.0,-49.0,-200.0,72.0,-16.0,7.0,-963.0,-220.0
4035,-8.0,-249.0,-47.0,-208.0,82.0,-13.0,1.0,-964.0,-224.0
4036,-7.0,-253.0,-48.0,-214.0,92.0,-7.0,-12.0,-964.0,-226.0
4037,-10.0,-252.0,-51.0,-219.0,98.0,-4.0,-10.0,-974.0,-235.0
4038,-12.0,-253.0,-49.0,-220.0,104.0,2.0,-14.0,-976.0,-239.0
4039,-10.0,-252.0,-50.0,-218.0,110.0,5.0,-16.0,-975.0,-240.0
4040,-11.0,-254.0,-51.0,-212.0,117.0,9.0,-19.0,-973.0,-246.0
4041,-13.0,-252.0,-48.0,-202.0,123.0,14.0,-16.0,-981.0,-239.0
4042,-9.0,-255.0,-52.0,-190.0,132.0,20.0,-14.0,-980.0,-241.0
4043,-10.0,-253.0,-52.0,-176.0,139.0,25.0,-11.0,-976.0,-240.0
4044,-11.0,-253.0,-52.0,-165.0,146.0,30.0,-8.0,-978.0,-246.0
4045,-10.0,-253.0,-52.0,-160.0,153.0,33.0,-11.0,-973.0,-244.0
4046,-12.0,-249.0,-47.0,-160.0,160.0,37.0,-11.0,-975.0,-232.0
4047,-7.0,-254.0,-49.0,-166.0,166.0,41.0,-6.0,-968.0,-237.0
4048,-10.0,-252.0,-58.0,-170.0,171.0,42.0,-10.0,-975.0,-247.0
4049,-14.0,-252.0,-52.0,-174.0,174.0,43.0,-9.0,-979.0,-245.0
4050,-7.0,-256.0,-53.0,-177.0,174.0,40.0,-9.0,-973.0,-253.0
4051,-12.0,-256.0,-53.0,-181.0,175.0,41.0,-8.0,-991.0,-255.0
4052,-10.0,-256.0,-56.0,-181.0,179.0,42.0,-8.0,-997.0,-256.0
4053,-11.0,-258.0,-54.0,-171.0,185.0,41.0,-12.0,-998.0,-255.0
4054,-8.0,-260.0,-53.0,-157.0,188.0,41.0,-12.0,-999.0,-250.0
4055,-8.0,-260.0,-53.0,-137.0,196.0,41.0,-13.0,-1003.0,-248.0
4056,-13.0,-259.0,-55.0,-115.0,203.0,38.0,-19.0,-1002.0,-242.0
4057,-10.0,-255.0,-50.0,-97.0,208.0,39.0,-20.0,-1000.0,-247.0
4058,-15.0,-256.0,-54.0,-79.0,212.0,39.0,-26.0,-981.0,-246.0
4059,-17.0,-252.0,-54.0,-65.0,216.0,40.0,-30.0,-981.0,-245.0
4060,-18.0,-252.0,-52.0,-56.0,217.0,39.0,-30.0,-977.0,-239.0
4061,-15.0,-251.0,-53.0,-51.0,217.0,40.0,-31.0,-968.0,-243.0
4062,-14.0,-250.0,-47.0,-50.0,218.0,41.0,-36.0,-964.0,-240.0
4063,-17.0,-249.0,-52.0,-52.0,216.0,40.0,-34.0,-966.0,-240.0
4064,-16.0,-250.0,-55.0,-56.0,215.0,44.0,-37.0,-959.0,-239.0
4065,-18.0,-248.0,-52.0,-62.0,218.0,40.0,-41.0,-959.0,-237.0
4066,-19.0,-249.0,-45.0,-65.0,218.0,40.0,-51.0,-958.0,-237.0
4067,-21.0,-248.0,-51.0,-69.0,219.0,41.0,-46.0,-962.0,-239.0
4068,-20.0,-249.0,-51.0,-72.0,219.0,41.0,-48.0,-966.0,-237.0
4069,-18.0,-251.0,-46.0,-76.0,219.0,40.0,-39.0,-973.0,-234.0
4070,-18.0,-260.0,-41.0,-79.0,218.0,42.0,-46.0,-972.0,-236.0
4071,-20.0,-252.0,-50.0,-81.0,216.0,39.0,-48.0,-974.0,-234.0
4072,-18.0,-252.0,-51.0,-81.0,212.0,39.0,-44.0,-977.0,-236.0
4073,-22.0,-254.0,-49.0,-81.0,211.0,40.0,-39.0,-972.0,-235.0
4074,-22.0,-253.0,-48.0,-78.0,207.0,39.0,-41.0,-978.0,-235.0
4075,-18.0,-251.0,-48.0,-76.0,203.0,40.0,-42.0,-973.0,-235.0
4076,-18.0,-252.0,-48.0,-77.0,200.0,44.0,-43.0,-975.0,-239.0
4077,-19.0,-253.0,-51.0,-82.0,196.0,46.0,-47.0,-976.0,-236.0
4078,-20.0,-252.0,-48.0,-86.0,194.0,44.0,-47.0,-972.0,-239.0
4079,-18.0,-253.0,-51.0,-92.0,191.0,43.0,-46.0,-969.0,-240.0
4080,-18.0,-253.0,-50.0,-98.0,190.0,42.0,-43.0,-981.0,-235.0
4081,-19.0,-254.0,-50.0,-103.0,190.0,41.0,-44.0,-975.0,-238.0
4082,-21.0,-253.0,-53.0,-106.0,188.0,41.0,-38.0,-974.0,-236.0
4083,-18.0,-250.0,-49.0,-106.0,188.0,38.0,-42.0,-983.0,-232.0
4084,-17.0,-254.0,-50.0,-103.0,185.0,34.0,-49.0,-972.0,-236.0
4085,-18.0,-252.0,-51.0,-94.0,181.0,31.0,-40.0,-977.0,-238.0
4086,-20.0,-252.0,-57.0,-86.0,173.0,28.0,-46.0,-979.0,-248.0
4087,-21.0,-250.0,-53.0,-77.0,169.0,24.0,-45.0,-974.0,-251.0
4088,-18.0,-253.0,-57.0,-72.0,162.0,21.0,-46.0,-972.0,-252.0
4089,-22.0,-252.0,-52.0,-69.0,155.0,19.0,-44.0,-968.0,-250.0
4090,-19.0,-250.0,-54.0,-67.0,148.0,19.0,-49.0,-969.0,-253.0
4091,-22.0,-250.0,-53.0,-65.0,142.0,19.0,-47.0,-969.0,-249.0
4092,-23.0,-254.0,-49.0,-64.0,136.0,16.0,-46.0,-969.0,-251.0
4093,-21.0,-250.0,-52.0,-62.0,131.0,18.0,-45.0,-966.0,-247.0
4094,-21.0,-250.0,-53.0,-61.0,126.0,20.0,-40.0,-965.0,-243.0
4095,-20.0,-249.0,-54.0,-61.0,123.0,19.0,-44.0,-970.0,-244.0
4096,-17.0,-250.0,-56.0,-64.0,119.0,19.0,-46.0,-972.0,-243.0
4097,-20.0,-248.0,-54.0,-66.0,113.0,20.0,-42.0,-968.0,-241.0
4098,-18.0,-249.0,-50.0,-69.0,108.0,20.0,-42.0,-969.0,-243.0
4099,-17.0,-251.0,-54.0,-71.0,104.0,18.0,-41.0,-969.0,-245.0
4100,-20.0,-253.0,-52.0,-76.0,98.0,18.0,-43.0,-969.0,-241.0
4101,-18.0,-252.0,-52.0,-81.0,94.0,19.0,-41.0,-978.0,-244.0
4102,-21.0,-252.0,-55.0,-85.0,89.0,13.0,-48.0,-968.0,-251.0
4103,-20.0,-252.0,-56.0,-86.0,83.0,11.0,-42.0,-977.0,-251.0
4104,-19.0,-251.0,-50.0,-87.0,76.0,9.0,-45.0,-976.0,-248.0
4105,-18.0,-256.0,-57.0,-83.0,72.0,7.0,-37.0,-975.0,-250.0
4106,-21.0,-254.0,-57.0,-78.0,69.0,6.0,-39.0,-975.0,-257.0
4107,-18.0,-252.0,-54.0,-74.0,66.0,6.0,-39.0,-978.0,-261.0
4108,-17.0,-254.0,-54.0,-71.0,64.0,4.0,-34.0,-977.0,-259.0
4109,-16.0,-255.0,-56.0,-66.0,60.0,3.0,-35.0,-976.0,-252.0
4110,-17.0,-249.0,-53.0,-64.0,57.0,3.0,-33.0,-972.0,-262.0
4111,-18.0,-253.0,-55.0,-64.0,54.0,2.0,-35.0,-969.0,-257.0
4112,-16.0,-253.0,-55.0,-63.0,50.0,0.0,-34.0,-969.0,-261.0
4113,-17.0,-251.0,-54.0,-65.0,47.0,-1.0,-33.0,-969.0,-260.0
4114,-18.0,-250.0,-56.0,-64.0,44.0,-2.0,-32.0,-968.0,-259.0
4115,-13.0,-251.0,-57.0,-65.0,40.0,-3.0,-36.0,-964.0,-257.0
4116,-18.0,-251.0,-57.0,-64.0,37.0,-3.0,-39.0,-970.0,-255.0
4117,-16.0,-253.0,-52.0,-61.0,34.0,-3.0,-33.0,-972.0,-252.0
4118,-21.0,-251.0,-55.0,-60.0,33.0,-4.0,-37.0,-973.0,-255.0
4119,-19.0,-252.0,-53.0,-58.0,32.0,-2.0,-33.0,-971.0,-256.0
4120,-17.0,-252.0,-53.0,-55.0,29.0,-3.0,-37.0,-972.0,-252.0
4121,-18.0,-251.0,-50.0,-54.0,29.0,-3.0,-37.0,-976.0,-252.0
4122,-15.0,-253.0,-53.0,-54.0,31.0,-3.0,-38.0,-971.0,-248.0
4123,-17.0,-251.0,-52.0,-52.0,29.0,-5.0,-35.0,-969.0,-251.0
4124,-14.0,-254.0,-54.0,-52.0,29.0,-6.0,-36.0,-973.0,-254.0
4125,-18.0,-249.0,-56.0,-52.0,31.0,-7.0,-33.0,-967.0,-254.0
4126,-15.0,-251.0,-56.0,-54.0,30.0,-9.0,-34.0,-972.0,-253.0
4127,-18.0,-248.0,-55.0,-56.0,31.0,-9.0,-34.0,-969.0,-251.0
4128,-16.0,-254.0,-55.0,-57.0,32.0,-11.0,-35.0,-972.0,-255.0
4129,-13.0,-248.0,-55.0,-57.0,35.0,-11.0,-22.0,-962.0,-253.0
4130,-15.0,-253.0,-56.0,-56.0,39.0,-4.0,-29.0,-973.0,-258.0
4131,-18.0,-249.0,-56.0,-56.0,43.0,-12.0,-39.0,-966.0,-252.0
4132,-15.0,-248.0,-56.0,-54.0,42.0,-12.0,-36.0,-963.0,-253.0
4133,-17.0,-252.0,-59.0,-51.0,41.0,-10.0,-32.0,-964.0,-260.0
4134,-15.0,-250.0,-59.0,-47.0,43.0,-12.0,-32.0,-965.0,-260.0
4135,-15.0,-244.0,-52.0,-43.0,40.0,-10.0,-24.0,-964.0,-267.0
4136,-17.0,-248.0,-57.0,-43.0,42.0,-8.0,-25.0,-964.0,-268.0
4137,-15.0,-250.0,-62.0,-44.0,46.0,-6.0,-25.0,-965.0,-269.0
4138,-16.0,-248.0,-58.0,-47.0,47.0,-3.0,-29.0,-968.0,-271.0
4139,-10.0,-251.0,-61.0,-50.0,52.0,-1.0,-22.0,-961.0,-268.0
4140,-14.0,-252.0,-59.0,-53.0,54.0,4.0,-24.0,-969.0,-271.0
4141,-14.0,-250.0,-57.0,-59.0,61.0,4.0,-31.0,-969.0,-266.0
4142,-17.0,-253.0,-57.0,-57.0,63.0,4.0,-33.0,-970.0,-268.0
4143,-15.0,-253.0,-55.0,-55.0,65.0,4.0,-32.0,-974.0,-263.0
4144,-14.0,-254.0,-58.0,-48.0,68.0,5.0,-27.0,-974.0,-264.0
4145,-14.0,-253.0,-60.0,-37.0,70.0,5.0,-26.0,-973.0,-262.0
4146,-10.0,-255.0,-57.0,-23.0,74.0,8.0,-26.0,-973.0,-266.0
4147,-13.0,-253.0,-55.0,-12.0,81.0,8.0,-28.0,-969.0,-266.0
4148,-9.0,-252.0,-54.0,-6.0,84.0,9.0,-22.0,-968.0,-275.0
4149,-15.0,-248.0,-61.0,-7.0,87.0,11.0,-24.0,-959.0,-274.0
4150,-15.0,-247.0,-58.0,-16.0,87.0,12.0,-24.0,-958.0,-274.0
4151,-14.0,-252.0,-61.0,-29.0,89.0,14.0,-27.0,-957.0,-276.0
4152,-14.0,-247.0,-58.0,-41.0,90.0,14.0,-30.0,-960.0,-269.0
4153,-15.0,-249.0,-53.0,-51.0,94.0,14.0,-37.0,-960.0,-263.0
4154,-14.0,-249.0,-53.0,-57.0,97.0,16.0,-32.0,-969.0,-267.0
4155,-16.0,-252.0,-59.0,-58.0,98.0,21.0,-33.0,-978.0,-276.0
4156,-17.0,-253.0,-57.0,-58.0,99.0,18.0,-32.0,-974.0,-265.0
4157,-20.0,-255.0,-58.0,-51.0,98.0,13.0,-42.0,-975.0,-271.0
4158,-20.0,-255.0,-57.0,-42.0,95.0,13.0,-38.0,-977.0,-274.0
4159,-20.0,-255.0,-57.0,-32.0,95.0,14.0,-38.0,-978.0,-274.0
4160,-17.0,-252.0,-60.0,-19.0,96.0,14.0,-34.0,-977.0,-275.0
4161,-16.0,-251.0,-59.0,-9.0,99.0,14.0,-34.0,-971.0,-272.0
4162,-15.0,-251.0,-59.0,-1.0,102.0,11.0,-32.0,-966.0,-271.0
4163,-16.0,-250.0,-58.0,5.0,104.0,12.0,-35.0,-966.0,-266.0
4164,-17.0,-249.0,-58.0,8.0,103.0,13.0,-33.0,-961.0,-266.0
4165,-16.0,-249.0,-58.0,8.0,103.0,14.0,-38.0,-958.0,-271.0
4166,-20.0,-250.0,-61.0,7.0,101.0,15.0,-35.0,-958.0,-268.0
4167,-19.0,-250.0,-56.0,6.0,101.0,13.0,-36.0,-969.0,-269.0
4168,-13.0,-248.0,-59.0,-1.0,100.0,14.0,-30.0,-961.0,-269.0
4169,-16.0,-249.0,-59.0,-5.0,99.0,12.0,-31.0,-970.0,-276.0
4170,-17.0,-251.0,-58.0,-8.0,101.0,11.0,-29.0,-971.0,-275.0
4171,-16.0,-254.0,-60.0,-8.0,106.0,11.0,-33.0,-976.0,-268.0
4172,-13.0,-255.0,-61.0,-3.0,112.0,10.0,-26.0,-992.0,-270.0
4173,-14.0,-255.0,-59.0,5.0,118.0,10.0,-22.0,-991.0,-269.0
4174,-14.0,-257.0,-61.0,16.0,122.0,8.0,-20.0,-992.0,-276.0
4175,-10.0,-256.0,-61.0,24.0,128.0,6.0,-20.0,-991.0,-273.0
4176,-11.0,-256.0,-59.0,36.0,133.0,6.0,-14.0,-992.0,-279.0
4177,-10.0,-257.0,-59.0,49.0,137.0,5.0,-17.0,-995.0,-275.0
4178,-12.0,-257.0,-64.0,61.0,142.0,6.0,-17.0,-994.0,-275.0
4179,-13.0,-259.0,-60.0,77.0,142.0,7.0,-21.0,-986.0,-271.0
4180,-12.0,-259.0,-61.0,91.0,141.0,6.0,-25.0,-985.0,-271.0
4181,-16.0,-256.0,-57.0,106.0,134.0,6.0,-23.0,-980.0,-272.0
4182,-11.0,-258.0,-60.0,123.0,131.0,4.0,-25.0,-994.0,-273.0
4183,-16.0,-257.0,-61.0,139.0,127.0,5.0,-23.0,-977.0,-282.0
4184,-16.0,-255.0,-57.0,150.0,127.0,6.0,-30.0,-978.0,-284.0
4185,-17.0,-252.0,-61.0,158.0,128.0,6.0,-25.0,-976.0,-276.0
4186,-17.0,-253.0,-59.0,162.0,130.0,8.0,-26.0,-968.0,-278.0
4187,-18.0,-250.0,-61.0,166.0,132.0,11.0,-35.0,-972.0,-277.0
4188,-15.0,-252.0,-59.0,170.0,136.0,11.0,-33.0,-966.0,-274.0
4189,-15.0,-250.0,-60.0,171.0,138.0,15.0,-35.0,-969.0,-270.0
4190,-15.0,-248.0,-58.0,170.0,141.0,16.0,-39.0,-962.0,-270.0
4191,-18.0,-251.0,-56.0,168.0,141.0,19.0,-36.0,-965.0,-273.0
4192,-17.0,-250.0,-58.0,165.0,142.0,19.0,-33.0,-965.0,-267.0
4193,-18.0,-250.0,-59.0,162.0,140.0,20.0,-37.0,-964.0,-266.0
4194,-18.0,-249.0,-56.0,160.0,138.0,21.0,-41.0,-963.0,-261.0
4195,-16.0,-253.0,-53.0,160.0,134.0,20.0,-37.0,-965.0,-257.0
4196,-17.0,-252.0,-52.0,161.0,131.0,22.0,-36.0,-966.0,-253.0
4197,-23.0,-249.0,-52.0,164.0,127.0,22.0,-44.0,-964.0,-256.0
4198,-16.0,-252.0,-51.0,167.0,122.0,23.0,-44.0,-963.0,-253.0
4199,-19.0,-248.0,-57.0,169.0,116.0,25.0,-43.0,-960.0,-251.0
4200,-21.0,-253.0,-53.0,170.0,111.0,26.0,-44.0,-958.0,-247.0
4201,-22.0,-248.0,-54.0,168.0,103.0,26.0,-46.0,-957.0,-252.0
4202,-20.0,-250.0,-53.0,168.0,97.0,25.0,-46.0,-957.0,-247.0
4203,-23.0,-248.0,-54.0,166.0,91.0,25.0,-53.0,-959.0,-258.0
4204,-21.0,-248.0,-56.0,166.0,88.0,27.0,-56.0,-957.0,-253.0
4205,-24.0,-248.0,-53.0,166.0,85.0,26.0,-58.0,-957.0,-260.0
4206,-24.0,-248.0,-54.0,163.0,84.0,26.0,-66.0,-955.0,-252.0
4207,-22.0,-247.0,-53.0,159.0,81.0,25.0,-66.0,-954.0,-254.0
4208,-24.0,-248.0,-54.0,154.0,80.0,23.0,-62.0,-953.0,-247.0
4209,-22.0,-249.0,-50.0,145.0,78.0,23.0,-60.0,-954.0,-247.0
4210,-21.0,-249.0,-51.0,136.0,74.0,24.0,-61.0,-958.0,-244.0
4211,-22.0,-248.0,-50.0,129.0,70.0,22.0,-61.0,-961.0,-233.0
4212,-25.0,-249.0,-48.0,123.0,63.0,22.0,-64.0,-959.0,-226.0
4213,-23.0,-249.0,-48.0,121.0,54.0,20.0,-68.0,-961.0,-230.0
4214,-20.0,-250.0,-50.0,120.0,45.0,19.0,-70.0,-967.0,-228.0
4215,-23.0,-250.0,-48.0,120.0,37.0,19.0,-69.0,-963.0,-231.0
4216,-28.0,-248.0,-49.0,120.0,30.0,17.0,-72.0,-957.0,-224.0
4217,-25.0,-247.0,-47.0,117.0,23.0,17.0,-71.0,-953.0,-226.0
4218,-25.0,-249.0,-45.0,113.0,17.0,15.0,-76.0,-952.0,-229.0
4219,-26.0,-247.0,-50.0,105.0,13.0,16.0,-75.0,-955.0,-232.0
4220,-29.0,-246.0,-49.0,96.0,10.0,14.0,-78.0,-956.0,-231.0
4221,-26.0,-247.0,-49.0,88.0,9.0,13.0,-84.0,-953.0,-235.0
4222,-29.0,-251.0,-42.0,77.0,8.0,10.0,-81.0,-953.0,-241.0
4223,-31.0,-249.0,-51.0,66.0,9.0,8.0,-79.0,-955.0,-238.0
4224,-26.0,-249.0,-47.0,58.0,9.0,7.0,-80.0,-965.0,-231.0
4225,-27.0,-251.0,-53.0,52.0,7.0,5.0,-77.0,-964.0,-231.0
4226,-27.0,-249.0,-48.0,48.0,8.0,3.0,-74.0,-962.0,-230.0
4227,-27.0,-249.0,-48.0,46.0,7.0,1.0,-73.0,-965.0,-225.0
4228,-26.0,-250.0,-44.0,44.0,5.0,-2.0,-68.0,-968.0,-224.0
4229,-24.0,-249.0,-44.0,40.0,1.0,-3.0,-66.0,-964.0,-222.0
4230,-25.0,-248.0,-46.0,37.0,-5.0,-5.0,-64.0,-962.0,-222.0
4231,-21.0,-250.0,-47.0,33.0,-14.0,-7.0,-67.0,-970.0,-225.0
4232,-23.0,-249.0,-45.0,32.0,-22.0,-7.0,-68.0,-971.0,-214.0
4233,-24.0,-252.0,-43.0,34.0,-28.0,-7.0,-67.0,-966.0,-217.0
4234,-22.0,-252.0,-47.0,34.0,-37.0,-8.0,-61.0,-972.0,-218.0
4235,-22.0,-253.0,-44.0,34.0,-44.0,-7.0,-62.0,-972.0,-211.0
4236,-24.0,-253.0,-45.0,31.0,-49.0,-8.0,-54.0,-977.0,-211.0
4237,-23.0,-254.0,-44.0,26.0,-54.0,-7.0,-59.0,-979.0,-211.0
4238,-22.0,-257.0,-46.0,23.0,-58.0,-6.0,-56.0,-987.0,-211.0
4239,-20.0,-256.0,-44.0,25.0,-59.0,-6.0,-49.0,-985.0,-204.0
4240,-23.0,-252.0,-45.0,34.0,-61.0,-6.0,-52.0,-990.0,-207.0
4241,-21.0,-257.0,-44.0,47.0,-63.0,-6.0,-46.0,-992.0,-205.0
4242,-18.0,-256.0,-42.0,59.0,-62.0,-6.0,-46.0,-981.0,-212.0
4243,-17.0,-252.0,-46.0,67.0,-62.0,-3.0,-45.0,-982.0,-214.0
4244,-32.0,-252.0,-46.0,74.0,-63.0,1.0,-41.0,-981.0,-212.0
4245,-21.0,-250.0,-43.0,79.0,-62.0,2.0,-49.0,-979.0,-217.0
4246,-18.0,-255.0,-47.0,82.0,-63.0,4.0,-46.0,-984.0,-216.0
4247,-18.0,-251.0,-45.0,85.0,-61.0,6.0,-41.0,-986.0,-218.0
4248,-15.0,-256.0,-45.0,84.0,-60.0,8.0,-46.0,-986.0,-212.0
4249,-19.0,-254.0,-46.0,85.0,-58.0,8.0,-44.0,-981.0,-215.0
4250,-19.0,-254.0,-45.0,88.0,-56.0,8.0,-42.0,-986.0,-212.0
4251,-16.0,-253.0,-44.0,93.0,-54.0,10.0,-41.0,-976.0,-221.0
4252,-17.0,-258.0,-44.0,97.0,-53.0,12.0,-44.0,-978.0,-219.0
4253,-18.0,-251.0,-47.0,100.0,-52.0,12.0,-38.0,-979.0,-217.0
4254,-18.0,-255.0,-45.0,101.0,-51.0,11.0,-40.0,-976.0,-214.0
4255,-19.0,-252.0,-44.0,97.0,-49.0,10.0,-35.0,-982.0,-207.0
4256,-14.0,-256.0,-46.0,92.0,-52.0,8.0,-38.0,-982.0,-205.0
4257,-16.0,-254.0,-37.0,83.0,-53.0,7.0,-33.0,-982.0,-199.0
4258,-18.0,-255.0,-36.0,77.0,-55.0,5.0,-38.0,-985.0,-190.0
4259,-17.0,-254.0,-37.0,71.0,-54.0,4.0,-41.0,-988.0,-179.0
4260,-22.0,-253.0,-36.0,67.0,-53.0,1.0,-48.0,-997.0,-177.0
4261,-19.0,-257.0,-36.0,67.0,-52.0,0.0,-44.0,-991.0,-182.0
4262,-15.0,-255.0,-39.0,67.0,-53.0,-2.0,-37.0,-994.0,-189.0
4263,-18.0,-254.0,-40.0,67.0,-57.0,-8.0,-48.0,-986.0,-195.0
4264,-20.0,-254.0,-37.0,66.0,-56.0,-11.0,-45.0,-997.0,-195.0
4265,-20.0,-257.0,-41.0,66.0,-54.0,-14.0,-46.0,-985.0,-193.0
4266,-16.0,-254.0,-38.0,66.0,-50.0,-17.0,-48.0,-984.0,-198.0
4267,-20.0,-253.0,-40.0,69.0,-49.0,-21.0,-48.0,-981.0,-200.0
4268,-19.0,-256.0,-39.0,73.0,-47.0,-25.0,-48.0,-977.0,-193.0
4269,-17.0,-253.0,-38.0,80.0,-44.0,-28.0,-44.0,-980.0,-182.0
4270,-20.0,-252.0,-34.0,87.0,-41.0,-30.0,-46.0,-973.0,-179.0
4271,-21.0,-249.0,-36.0,91.0,-42.0,-30.0,-48.0,-973.0,-175.0
4272,-23.0,-251.0,-37.0,88.0,-49.0,-28.0,-47.0,-965.0,-178.0
4273,-20.0,-248.0,-33.0,80.0,-55.0,-26.0,-42.0,-964.0,-170.0
4274,-17.0,-252.0,-31.0,70.0,-62.0,-25.0,-38.0,-969.0,-162.0
4275,-18.0,-248.0,-33.0,58.0,-67.0,-26.0,-42.0,-967.0,-167.0
4276,-20.0,-250.0,-34.0,45.0,-70.0,-22.0,-41.0,-970.0,-172.0
4277,-19.0,-253.0,-32.0,37.0,-69.0,-21.0,-43.0,-973.0,-171.0
4278,-20.0,-254.0,-33.0,28.0,-70.0,-20.0,-41.0,-977.0,-169.0
4279,-15.0,-254.0,-28.0,23.0,-68.0,-18.0,-43.0,-979.0,-172.0
4280,-18.0,-253.0,-35.0,23.0,-65.0,-19.0,-40.0,-983.0,-173.0
4281,-20.0,-254.0,-35.0,23.0,-64.0,-18.0,-36.0,-983.0,-180.0
4282,-21.0,-251.0,-33.0,22.0,-60.0,-18.0,-40.0,-978.0,-176.0
4283,-17.0,-255.0,-35.0,23.0,-59.0,-18.0,-34.0,-981.0,-179.0
4284,-18.0,-252.0,-35.0,24.0,-59.0,-17.0,-36.0,-976.0,-177.0
4285,-19.0,-254.0,-37.0,24.0,-59.0,-17.0,-34.0,-982.0,-176.0
4286,-19.0,-250.0,-33.0,23.0,-58.0,-17.0,-37.0,-980.0,-169.0
4287,-17.0,-253.0,-30.0,20.0,-58.0,-14.0,-38.0,-983.0,-171.0
4288,-18.0,-249.0,-38.0,18.0,-59.0,-14.0,-42.0,-975.0,-170.0
4289,-21.0,-251.0,-34.0,14.0,-61.0,-12.0,-42.0,-978.0,-166.0
4290,-20.0,-256.0,-37.0,13.0,-61.0,-11.0,-45.0,-978.0,-176.0
4291,-19.0,-256.0,-34.0,10.0,-63.0,-8.0,-46.0,-980.0,-178.0
4292,-17.0,-255.0,-36.0,7.0,-61.0,-8.0,-50.0,-986.0,-182.0
4293,-20.0,-255.0,-35.0,1.0,-59.0,-7.0,-48.0,-986.0,-183.0
4294,-19.0,-254.0,-41.0,-3.0,-58.0,-10.0,-48.0,-993.0,-183.0
4295,-18.0,-253.0,-37.0,-7.0,-58.0,-12.0,-47.0,-994.0,-186.0
4296,-20.0,-257.0,-36.0,-10.0,-57.0,-11.0,-48.0,-985.0,-190.0
4297,-21.0,-254.0,-35.0,-11.0,-57.0,-13.0,-49.0,-986.0,-183.0
4298,-22.0,-258.0,-36.0,-11.0,-56.0,-14.0,-52.0,-998.0,-180.0
4299,-22.0,-256.0,-32.0,-5.0,-54.0,-16.0,-56.0,-985.0,-177.0
4300,-20.0,-254.0,-31.0,4.0,-53.0,-17.0,-58.0,-977.0,-176.0
4301,-21.0,-256.0,-34.0,11.0,-54.0,-15.0,-59.0,-976.0,-174.0
4302,-23.0,-252.0,-35.0,12.0,-55.0,-15.0,-60.0,-973.0,-177.0
4303,-24.0,-251.0,-33.0,7.0,-55.0,-17.0,-54.0,-974.0,-176.0
4304,-20.0,-253.0,-34.0,0.0,-54.0,-16.0,-60.0,-971.0,-178.0
4305,-22.0,-253.0,-37.0,-8.0,-52.0,-16.0,-50.0,-978.0,-175.0
4306,-22.0,-253.0,-36.0,-13.0,-53.0,-15.0,-49.0,-975.0,-178.0
4307,-18.0,-254.0,-34.0,-15.0,-52.0,-16.0,-50.0,-973.0,-174.0
4308,-21.0,-257.0,-35.0,-17.0,-50.0,-19.0,-46.0,-975.0,-170.0
4309,-13.0,-258.0,-25.0,-18.0,-49.0,-19.0,-41.0,-976.0,-170.0
4310,-19.0,-252.0,-35.0,-21.0,-46.0,-21.0,-41.0,-975.0,-169.0
4311,-23.0,-251.0,-30.0,-25.0,-48.0,-22.0,-41.0,-974.0,-172.0
4312,-16.0,-251.0,-31.0,-28.0,-50.0,-25.0,-42.0,-978.0,-173.0
4313,-19.0,-254.0,-30.0,-30.0,-52.0,-27.0,-45.0,-978.0,-172.0
4314,-22.0,-253.0,-33.0,-29.0,-53.0,-27.0,-43.0,-981.0,-176.0
4315,-21.0,-251.0,-34.0,-28.0,-54.0,-26.0,-46.0,-977.0,-177.0
4316,-21.0,-252.0,-35.0,-27.0,-54.0,-25.0,-49.0,-978.0,-174.0
4317,-24.0,-253.0,-33.0,-27.0,-55.0,-26.0,-55.0,-976.0,-179.0
4318,-24.0,-252.0,-37.0,-24.0,-56.0,-24.0,-54.0,-978.0,-183.0
4319,-23.0,-252.0,-35.0,-25.0,-56.0,-24.0,-59.0,-976.0,-182.0
4320,-22.0,-254.0,-37.0,-26.0,-57.0,-23.0,-64.0,-981.0,-178.0
4321,-22.0,-252.0,-39.0,-27.0,-58.0,-23.0,-62.0,-985.0,-178.0
4322,-20.0,-255.0,-34.0,-29.0,-58.0,-23.0,-58.0,-975.0,-178.0
4323,-22.0,-254.0,-33.0,-31.0,-58.0,-23.0,-56.0,-989.0,-175.0
4324,-19.0,-253.0,-35.0,-33.0,-58.0,-23.0,-58.0,-990.0,-176.0
4325,-22.0,-253.0,-33.0,-34.0,-61.0,-26.0,-48.0,-981.0,-174.0
4326,-20.0,-254.0,-36.0,-34.0,-60.0,-26.0,-55.0,-980.0,-178.0
4327,-19.0,-259.0,-35.0,-33.0,-61.0,-29.0,-50.0,-991.0,-180.0
4328,-21.0,-258.0,-36.0,-28.0,-62.0,-28.0,-48.0,-993.0,-184.0
4329,-18.0,-258.0,-37.0,-23.0,-63.0,-29.0,-47.0,-1000.0,-187.0
4330,-19.0,-256.0,-36.0,-19.0,-63.0,-29.0,-51.0,-992.0,-189.0
4331,-14.0,-258.0,-43.0,-17.0,-61.0,-30.0,-41.0,-986.0,-194.0
4332,-22.0,-256.0,-36.0,-16.0,-61.0,-31.0,-46.0,-984.0,-193.0
4333,-17.0,-257.0,-38.0,-15.0,-62.0,-31.0,-44.0,-986.0,-187.0
4334,-19.0,-255.0,-37.0,-16.0,-61.0,-31.0,-45.0,-997.0,-189.0
4335,-18.0,-256.0,-35.0,-15.0,-59.0,-31.0,-44.0,-982.0,-187.0
4336,-19.0,-255.0,-38.0,-15.0,-58.0,-31.0,-43.0,-986.0,-187.0
4337,-19.0,-255.0,-36.0,-13.0,-55.0,-32.0,-45.0,-983.0,-187.0
4338,-18.0,-254.0,-34.0,-11.0,-53.0,-32.0,-45.0,-980.0,-185.0
4339,-19.0,-251.0,-35.0,-10.0,-50.0,-30.0,-44.0,-985.0,-186.0
4340,-21.0,-255.0,-38.0,-6.0,-48.0,-31.0,-44.0,-984.0,-180.0
4341,-16.0,-255.0,-38.0,-4.0,-43.0,-31.0,-41.0,-978.0,-178.0
4342,-18.0,-254.0,-35.0,-3.0,-39.0,-29.0,-47.0,-979.0,-185.0
4343,-20.0,-253.0,-33.0,-3.0,-38.0,-29.0,-51.0,-984.0,-189.0
4344,-19.0,-251.0,-36.0,-4.0,-36.0,-30.0,-49.0,-979.0,-188.0
4345,-18.0,-256.0,-38.0,-6.0,-33.0,-30.0,-44.0,-975.0,-188.0
4346,-21.0,-252.0,-37.0,-7.0,-29.0,-29.0,-44.0,-976.0,-184.0
4347,-21.0,-251.0,-37.0,-6.0,-24.0,-27.0,-39.0,-985.0,-183.0
4348,-18.0,-253.0,-38.0,-4.0,-22.0,-27.0,-41.0,-981.0,-183.0
4349,-18.0,-253.0,-38.0,-2.0,-19.0,-25.0,-41.0,-974.0,-191.0
4350,-19.0,-251.0,-38.0,0.0,-17.0,-22.0,-42.0,-975.0,-189.0
4351,-17.0,-249.0,-37.0,1.0,-15.0,-20.0,-41.0,-978.0,-194.0
4352,-18.0,-252.0,-42.0,0.0,-12.0,-20.0,-41.0,-976.0,-193.0
4353,-12.0,-254.0,-40.0,-3.0,-9.0,-19.0,-42.0,-975.0,-194.0
4354,-18.0,-251.0,-37.0,-8.0,-7.0,-18.0,-44.0,-976.0,-191.0
4355,-21.0,-249.0,-40.0,-12.0,-7.0,-17.0,-45.0,-974.0,-191.0
4356,-19.0,-252.0,-43.0,-15.0,-7.0,-16.0,-49.0,-977.0,-191.0
4357,-22.0,-252.0,-39.0,-18.0,-6.0,-17.0,-54.0,-979.0,-192.0
4358,-22.0,-253.0,-41.0,-20.0,-5.0,-18.0,-60.0,-975.0,-193.0
4359,-25.0,-254.0,-43.0,-20.0,-3.0,-18.0,-53.0,-980.0,-194.0
4360,-23.0,-256.0,-42.0,-16.0,-4.0,-18.0,-70.0,-977.0,-200.0
4361,-27.0,-252.0,-38.0,-9.0,-5.0,-18.0,-71.0,-979.0,-198.0
4362,-29.0,-251.0,-42.0,-1.0,-8.0,-20.0,-73.0,-975.0,-202.0
4363,-26.0,-251.0,-43.0,3.0,-14.0,-21.0,-83.0,-970.0,-202.0
4364,-28.0,-249.0,-42.0,0.0,-22.0,-21.0,-82.0,-961.0,-203.0
4365,-32.0,-248.0,-42.0,-9.0,-29.0,-23.0,-86.0,-963.0,-198.0
4366,-27.0,-247.0,-41.0,-24.0,-37.0,-29.0,-89.0,-964.0,-190.0
4367,-30.0,-248.0,-39.0,-41.0,-45.0,-34.0,-92.0,-960.0,-177.0
4368,-34.0,-250.0,-33.0,-54.0,-52.0,-39.0,-101.0,-966.0,-176.0
4369,-32.0,-251.0,-40.0,-63.0,-58.0,-45.0,-96.0,-968.0,-180.0
4370,-32.0,-251.0,-40.0,-65.0,-63.0,-49.0,-90.0,-972.0,-194.0
4371,-33.0,-250.0,-41.0,-63.0,-69.0,-55.0,-88.0,-976.0,-200.0
4372,-30.0,-253.0,-41.0,-61.0,-74.0,-60.0,-85.0,-976.0,-201.0
4373,-28.0,-255.0,-43.0,-59.0,-78.0,-63.0,-77.0,-980.0,-207.0
4374,-25.0,-254.0,-46.0,-55.0,-78.0,-64.0,-64.0,-982.0,-206.0
4375,-20.0,-259.0,-40.0,-51.0,-81.0,-67.0,-59.0,-981.0,-200.0
4376,-19.0,-255.0,-39.0,-44.0,-81.0,-69.0,-43.0,-982.0,-189.0
4377,-16.0,-253.0,-37.0,-38.0,-86.0,-68.0,-36.0,-978.0,-183.0
4378,-16.0,-250.0,-34.0,-35.0,-87.0,-69.0,-28.0,-974.0,-177.0
4379,-14.0,-252.0,-34.0,-34.0,-90.0,-66.0,-20.0,-974.0,-171.0
4380,-13.0,-253.0,-31.0,-36.0,-91.0,-66.0,-20.0,-969.0,-172.0
4381,-11.0,-251.0,-31.0,-39.0,-89.0,-64.0,-13.0,-968.0,-163.0
4382,-10.0,-248.0,-32.0,-39.0,-83.0,-63.0,-8.0,-964.0,-169.0
4383,-8.0,-250.0,-32.0,-41.0,-71.0,-63.0,-4.0,-961.0,-174.0
4384,-8.0,-250.0,-36.0,-43.0,-60.0,-60.0,-5.0,-962.0,-174.0
4385,-10.0,-251.0,-31.0,-49.0,-44.0,-57.0,-8.0,-958.0,-179.0
4386,-7.0,-251.0,-40.0,-58.0,-27.0,-54.0,-3.0,-968.0,-182.0
4387,-9.0,-250.0,-34.0,-70.0,-7.0,-52.0,-5.0,-968.0,-181.0
4388,-10.0,-250.0,-31.0,-82.0,12.0,-47.0,0.0,-970.0,-180.0
4389,-5.0,-257.0,-34.0,-89.0,33.0,-42.0,-5.0,-981.0,-178.0
4390,-10.0,-257.0,-34.0,-92.0,53.0,-39.0,-6.0,-989.0,-173.0
4391,-7.0,-256.0,-32.0,-90.0,72.0,-33.0,-6.0,-997.0,-176.0
4392,-8.0,-255.0,-37.0,-81.0,87.0,-28.0,-2.0,-996.0,-178.0
4393,-11.0,-259.0,-35.0,-74.0,102.0,-25.0,-2.0,-998.0,-178.0
4394,-12.0,-257.0,-40.0,-68.0,118.0,-20.0,-5.0,-1002.0,-182.0
4395,-8.0,-256.0,-37.0,-62.0,137.0,-16.0,-5.0,-997.0,-191.0
4396,-7.0,-259.0,-40.0,-56.0,152.0,-13.0,-11.0,-1000.0,-190.0
4397,-11.0,-259.0,-37.0,-53.0,169.0,-8.0,-15.0,-1000.0,-187.0
4398,-12.0,-255.0,-38.0,-48.0,185.0,-4.0,-10.0,-997.0,-188.0
4399,-14.0,-256.0,-40.0,-42.0,199.0,-2.0,-20.0,-995.0,-188.0
4400,-15.0,-258.0,-34.0,-37.0,212.0,4.0,-24.0,-987.0,-192.0
4401,-14.0,-255.0,-38.0,-31.0,226.0,9.0,-18.0,-997.0,-189.0
4402,-14.0,-254.0,-35.0,-24.0,239.0,11.0,-31.0,-986.0,-188.0
4403,-14.0,-257.0,-38.0,-17.0,251.0,14.0,-30.0,-994.0,-182.0
4404,-14.0,-257.0,-35.0,-11.0,264.0,18.0,-31.0,-987.0,-179.0
4405,-14.0,-255.0,-39.0,-6.0,273.0,21.0,-34.0,-987.0,-181.0
4406,-15.0,-255.0,-35.0,-1.0,281.0,25.0,-36.0,-981.0,-178.0
4407,-22.0,-262.0,-32.0,2.0,289.0,28.0,-38.0,-984.0,-182.0
4408,-17.0,-257.0,-35.0,5.0,295.0,29.0,-36.0,-980.0,-177.0
4409,-19.0,-254.0,-36.0,8.0,300.0,33.0,-40.0,-978.0,-176.0
4410,-17.0,-253.0,-38.0,9.0,305.0,36.0,-41.0,-979.0,-179.0
4411,-17.0,-253.0,-35.0,9.0,311.0,35.0,-35.0,-976.0,-177.0
4412,-15.0,-254.0,-35.0,10.0,318.0,37.0,-36.0,-981.0,-176.0
4413,-20.0,-250.0,-38.0,10.0,323.0,39.0,-33.0,-980.0,-179.0
4414,-16.0,-256.0,-35.0,11.0,330.0,39.0,-38.0,-980.0,-177.0
4415,-16.0,-252.0,-35.0,13.0,334.0,39.0,-38.0,-982.0,-182.0
4416,-17.0,-253.0,-38.0,12.0,337.0,39.0,-42.0,-978.0,-186.0
4417,-22.0,-253.0,-37.0,12.0,339.0,39.0,-40.0,-976.0,-183.0
4418,-12.0,-255.0,-45.0,12.0,342.0,39.0,-47.0,-979.0,-182.0
4419,-20.0,-254.0,-38.0,11.0,343.0,39.0,-46.0,-981.0,-191.0
4420,-19.0,-253.0,-39.0,6.0,344.0,37.0,-45.0,-978.0,-193.0
4421,-22.0,-256.0,-40.0,6.0,344.0,36.0,-45.0,-983.0,-189.0
4422,-20.0,-255.0,-40.0,5.0,343.0,36.0,-46.0,-987.0,-189.0
4423,-20.0,-253.0,-39.0,3.0,341.0,35.0,-45.0,-999.0,-196.0
4424,-20.0,-256.0,-38.0,4.0,339.0,33.0,-48.0,-993.0,-195.0
4425,-19.0,-255.0,-37.0,9.0,339.0,32.0,-45.0,-987.0,-197.0
4426,-18.0,-258.0,-38.0,13.0,335.0,30.0,-42.0,-1003.0,-198.0
4427,-21.0,-256.0,-39.0,19.0,334.0,31.0,-42.0,-993.0,-195.0
4428,-20.0,-256.0,-37.0,22.0,331.0,28.0,-47.0,-986.0,-200.0
4429,-22.0,-253.0,-39.0,25.0,326.0,28.0,-50.0,-983.0,-200.0
4430,-19.0,-253.0,-43.0,26.0,323.0,27.0,-51.0,-978.0,-199.0
4431,-20.0,-252.0,-40.0,24.0,321.0,26.0,-57.0,-978.0,-200.0
4432,-20.0,-253.0,-42.0,23.0,317.0,24.0,-53.0,-982.0,-199.0
4433,-23.0,-251.0,-38.0,20.0,313.0,21.0,-48.0,-974.0,-201.0
4434,-19.0,-251.0,-42.0,17.0,311.0,22.0,-51.0,-972.0,-200.0
4435,-20.0,-249.0,-42.0,15.0,306.0,20.0,-46.0,-976.0,-200.0
4436,-20.0,-254.0,-41.0,12.0,301.0,19.0,-46.0,-975.0,-198.0
4437,-18.0,-252.0,-42.0,9.0,297.0,18.0,-50.0,-977.0,-201.0
4438,-17.0,-251.0,-40.0,6.0,294.0,17.0,-44.0,-977.0,-206.0
4439,-17.0,-255.0,-40.0,3.0,292.0,18.0,-38.0,-983.0,-204.0
4440,-21.0,-254.0,-53.0,3.0,291.0,17.0,-44.0,-976.0,-198.0
4441,-18.0,-254.0,-37.0,5.0,290.0,15.0,-37.0,-978.0,-196.0
4442,-16.0,-251.0,-38.0,8.0,287.0,13.0,-37.0,-977.0,-198.0
4443,-17.0,-253.0,-44.0,11.0,286.0,13.0,-38.0,-978.0,-204.0
4444,-17.0,-253.0,-43.0,13.0,283.0,13.0,-37.0,-980.0,-200.0
4445,-18.0,-251.0,-39.0,13.0,278.0,11.0,-40.0,-974.0,-203.0
4446,-17.0,-251.0,-41.0,12.0,275.0,10.0,-42.0,-982.0,-204.0
4447,-17.0,-252.0,-44.0,10.0,271.0,6.0,-37.0,-974.0,-202.0
4448,-17.0,-250.0,-42.0,8.0,268.0,5.0,-41.0,-969.0,-202.0
4449,-18.0,-251.0,-39.0,4.0,267.0,6.0,-39.0,-971.0,-204.0
4450,-19.0,-252.0,-41.0,0.0,264.0,6.0,-43.0,-973.0,-195.0
4451,-18.0,-250.0,-41.0,0.0,260.0,6.0,-45.0,-969.0,-199.0
4452,-19.0,-251.0,-41.0,-1.0,256.0,5.0,-43.0,-967.0,-198.0
4453,-19.0,-256.0,-39.0,-1.0,252.0,6.0,-48.0,-973.0,-195.0
4454,-19.0,-251.0,-40.0,-4.0,249.0,6.0,-39.0,-974.0,-199.0
4455,-18.0,-252.0,-39.0,-6.0,245.0,6.0,-43.0,-973.0,-199.0
4456,-18.0,-250.0,-39.0,-9.0,240.0,6.0,-44.0,-974.0,-199.0
4457,-20.0,-249.0,-39.0,-9.0,238.0,7.0,-44.0,-976.0,-197.0
4458,-17.0,-252.0,-42.0,-12.0,236.0,4.0,-40.0,-973.0,-199.0
4459,-20.0,-248.0,-42.0,-15.0,234.0,5.0,-40.0,-970.0,-199.0
4460,-14.0,-250.0,-41.0,-18.0,232.0,6.0,-37.0,-971.0,-198.0
4461,-16.0,-254.0,-39.0,-24.0,229.0,8.0,-33.0,-969.0,-197.0
4462,-11.0,-244.0,-33.0,-31.0,228.0,9.0,-33.0,-972.0,-202.0
4463,-16.0,-253.0,-43.0,-36.0,224.0,9.0,-38.0,-973.0,-195.0
4464,-19.0,-251.0,-40.0,-41.0,220.0,10.0,-36.0,-973.0,-196.0
4465,-20.0,-253.0,-40.0,-45.0,218.0,8.0,-41.0,-976.0,-192.0
4466,-22.0,-252.0,-39.0,-47.0,213.0,6.0,-50.0,-974.0,-191.0
4467,-19.0,-254.0,-42.0,-46.0,210.0,7.0,-45.0,-985.0,-198.0
4468,-22.0,-252.0,-40.0,-40.0,207.0,5.0,-47.0,-978.0,-201.0
4469,-23.0,-252.0,-39.0,-33.0,205.0,5.0,-52.0,-983.0,-204.0
4470,-23.0,-252.0,-41.0,-26.0,202.0,5.0,-49.0,-974.0,-207.0
4471,-21.0,-250.0,-41.0,-21.0,200.0,5.0,-49.0,-970.0,-208.0
4472,-22.0,-252.0,-41.0,-23.0,198.0,5.0,-54.0,-972.0,-207.0
4473,-21.0,-253.0,-38.0,-27.0,193.0,5.0,-50.0,-965.0,-206.0
4474,-21.0,-249.0,-44.0,-35.0,188.0,5.0,-46.0,-963.0,-202.0
4475,-20.0,-251.0,-39.0,-43.0,183.0,6.0,-45.0,-961.0,-197.0
4476,-19.0,-248.0,-40.0,-53.0,180.0,5.0,-46.0,-968.0,-186.0
4477,-19.0,-251.0,-33.0,-62.0,175.0,6.0,-46.0,-967.0,-179.0
4478,-19.0,-254.0,-36.0,-67.0,170.0,6.0,-47.0,-973.0,-182.0
4479,-17.0,-252.0,-40.0,-67.0,166.0,5.0,-48.0,-978.0,-196.0
4480,-18.0,-252.0,-44.0,-63.0,160.0,4.0,-45.0,-976.0,-207.0
4481,-19.0,-254.0,-42.0,-59.0,153.0,4.0,-50.0,-973.0,-214.0
4482,-20.0,-253.0,-47.0,-59.0,150.0,3.0,-45.0,-981.0,-222.0
4483,-18.0,-253.0,-51.0,-60.0,146.0,2.0,-46.0,-976.0,-222.0
4484,-21.0,-246.0,-42.0,-60.0,147.0,3.0,-38.0,-981.0,-225.0
4485,-18.0,-251.0,-45.0,-57.0,147.0,1.0,-40.0,-976.0,-216.0
4486,-18.0,-258.0,-42.0,-55.0,146.0,0.0,-42.0,-981.0,-208.0
4487,-19.0,-253.0,-39.0,-50.0,142.0,-2.0,-42.0,-981.0,-202.0
4488,-18.0,-253.0,-40.0,-45.0,135.0,-2.0,-42.0,-977.0,-199.0
4489,-19.0,-253.0,-40.0,-39.0,129.0,-3.0,-44.0,-977.0,-194.0
4490,-18.0,-253.0,-41.0,-36.0,123.0,-1.0,-40.0,-976.0,-200.0
4491,-18.0,-252.0,-42.0,-34.0,117.0,0.0,-40.0,-975.0,-199.0
4492,-18.0,-249.0,-40.0,-36.0,112.0,0.0,-43.0,-964.0,-201.0
4493,-18.0,-250.0,-47.0,-41.0,113.0,0.0,-42.0,-966.0,-206.0
4494,-20.0,-251.0,-45.0,-51.0,111.0,0.0,-40.0,-968.0,-201.0
4495,-20.0,-253.0,-44.0,-60.0,110.0,2.0,-41.0,-968.0,-206.0
4496,-20.0,-251.0,-41.0,-67.0,111.0,3.0,-45.0,-973.0,-205.0
4497,-17.0,-254.0,-42.0,-73.0,113.0,5.0,-34.0,-975.0,-209.0
4498,-18.0,-251.0,-41.0,-77.0,112.0,4.0,-30.0,-979.0,-204.0
4499,-16.0,-253.0,-40.0,-79.0,113.0,5.0,-33.0,-984.0,-202.0
4500,-14.0,-255.0,-44.0,-78.0,111.0,6.0,-31.0,-982.0,-201.0
4501,-15.0,-254.0,-42.0,-76.0,109.0,5.0,-28.0,-984.0,-202.0
4502,-14.0,-257.0,-41.0,-76.0,106.0,4.0,-32.0,-986.0,-200.0
4503,-17.0,-253.0,-40.0,-74.0,102.0,5.0,-32.0,-982.0,-204.0
4504,-15.0,-252.0,-42.0,-73.0,98.0,5.0,-32.0,-982.0,-204.0
4505,-18.0,-256.0,-41.0,-74.0,95.0,6.0,-33.0,-979.0,-206.0
4506,-19.0,-251.0,-41.0,-73.0,91.0,5.0,-33.0,-976.0,-211.0
4507,-16.0,-254.0,-44.0,-75.0,87.0,7.0,-38.0,-973.0,-209.0
4508,-18.0,-251.0,-43.0,-74.0,82.0,8.0,-41.0,-975.0,-215.0
4509,-19.0,-253.0,-45.0,-76.0,79.0,8.0,-44.0,-978.0,-217.0
4510,-18.0,-253.0,-47.0,-79.0,77.0,8.0,-43.0,-974.0,-217.0
4511,-21.0,-251.0,-45.0,-83.0,74.0,7.0,-39.0,-979.0,-216.0
4512,-17.0,-252.0,-40.0,-88.0,73.0,6.0,-45.0,-975.0,-214.0
4513,-22.0,-250.0,-47.0,-92.0,72.0,7.0,-47.0,-977.0,-211.0
4514,-19.0,-252.0,-44.0,-94.0,75.0,8.0,-48.0,-972.0,-213.0
4515,-19.0,-251.0,-39.0,-94.0,77.0,9.0,-45.0,-977.0,-203.0
4516,-20.0,-250.0,-41.0,-95.0,78.0,6.0,-46.0,-975.0,-205.0
4517,-20.0,-253.0,-42.0,-97.0,78.0,5.0,-45.0,-973.0,-206.0
4518,-19.0,-252.0,-42.0,-103.0,79.0,4.0,-41.0,-972.0,-204.0
4519,-19.0,-252.0,-42.0,-109.0,78.0,3.0,-41.0,-970.0,-206.0
4520,-19.0,-251.0,-41.0,-115.0,75.0,1.0,-43.0,-967.0,-207.0
4521,-18.0,-252.0,-43.0,-117.0,73.0,1.0,-43.0,-970.0,-210.0
4522,-19.0,-251.0,-43.0,-118.0,69.0,0.0,-40.0,-975.0,-221.0
4523,-18.0,-250.0,-46.0,-118.0,65.0,1.0,-41.0,-973.0,-223.0
4524,-20.0,-251.0,-48.0,-117.0,60.0,2.0,-44.0,-976.0,-224.0
4525,-17.0,-252.0,-46.0,-115.0,54.0,4.0,-43.0,-975.0,-233.0
4526,-19.0,-251.0,-49.0,-115.0,51.0,5.0,-44.0,-971.0,-226.0
4527,-26.0,-252.0,-58.0,-115.0,48.0,4.0,-43.0,-972.0,-231.0
4528,-20.0,-250.0,-49.0,-111.0,44.0,6.0,-43.0,-976.0,-230.0
4529,-18.0,-250.0,-47.0,-110.0,42.0,8.0,-48.0,-967.0,-230.0
4530,-16.0,-252.0,-47.0,-110.0,39.0,8.0,-45.0,-970.0,-228.0
4531,-20.0,-251.0,-50.0,-109.0,37.0,10.0,-49.0,-970.0,-230.0
4532,-19.0,-250.0,-50.0,-109.0,36.0,9.0,-43.0,-963.0,-225.0
4533,-17.0,-250.0,-49.0,-112.0,34.0,11.0,-41.0,-966.0,-229.0
4534,-17.0,-251.0,-48.0,-113.0,33.0,13.0,-35.0,-966.0,-225.0
4535,-13.0,-253.0,-47.0,-115.0,35.0,13.0,-36.0,-960.0,-225.0
4536,-14.0,-249.0,-48.0,-118.0,37.0,15.0,-31.0,-972.0,-224.0
4537,-13.0,-251.0,-46.0,-118.0,37.0,16.0,-31.0,-965.0,-217.0
4538,-13.0,-250.0,-48.0,-119.0,40.0,15.0,-30.0,-970.0,-220.0
4539,-16.0,-251.0,-44.0,-120.0,44.0,15.0,-26.0,-969.0,-219.0
4540,-15.0,-253.0,-41.0,-122.0,49.0,12.0,-27.0,-974.0,-220.0
4541,-15.0,-252.0,-46.0,-122.0,52.0,10.0,-26.0,-973.0,-214.0
4542,-15.0,-254.0,-44.0,-120.0,59.0,8.0,-23.0,-980.0,-212.0
4543,-15.0,-253.0,-46.0,-116.0,63.0,7.0,-29.0,-983.0,-220.0
4544,-14.0,-256.0,-50.0,-112.0,65.0,8.0,-28.0,-991.0,-225.0
4545,-17.0,-255.0,-47.0,-110.0,69.0,4.0,-34.0,-990.0,-227.0
4546,-15.0,-254.0,-47.0,-106.0,70.0,1.0,-25.0,-984.0,-233.0
4547,-18.0,-254.0,-49.0,-105.0,71.0,2.0,-32.0,-988.0,-234.0
4548,-14.0,-254.0,-47.0,-102.0,72.0,3.0,-27.0,-987.0,-232.0
4549,-13.0,-255.0,-58.0,-98.0,73.0,1.0,-32.0,-979.0,-233.0
4550,-15.0,-256.0,-49.0,-95.0,74.0,1.0,-29.0,-981.0,-231.0
4551,-16.0,-253.0,-48.0,-92.0,75.0,3.0,-31.0,-984.0,-233.0
4552,-16.0,-254.0,-47.0,-89.0,77.0,4.0,-34.0,-977.0,-229.0
4553,-16.0,-252.0,-48.0,-86.0,77.0,4.0,-32.0,-977.0,-229.0
4554,-13.0,-254.0,-48.0,-86.0,77.0,4.0,-28.0,-978.0,-226.0
4555,-14.0,-252.0,-45.0,-85.0,76.0,5.0,-31.0,-977.0,-229.0
4556,-13.0,-251.0,-47.0,-88.0,75.0,7.0,-28.0,-975.0,-228.0
4557,-16.0,-254.0,-50.0,-89.0,75.0,13.0,-30.0,-977.0,-228.0
4558,-15.0,-250.0,-47.0,-93.0,79.0,14.0,-29.0,-971.0,-228.0
4559,-15.0,-252.0,-49.0,-97.0,80.0,13.0,-33.0,-975.0,-225.0
4560,-16.0,-253.0,-49.0,-99.0,84.0,13.0,-33.0,-971.0,-234.0
4561,-17.0,-255.0,-47.0,-100.0,87.0,13.0,-34.0,-975.0,-227.0
4562,-17.0,-253.0,-48.0,-98.0,88.0,15.0,-34.0,-971.0,-227.0
4563,-13.0,-254.0,-46.0,-99.0,93.0,17.0,-29.0,-982.0,-230.0
4564,-15.0,-254.0,-49.0,-102.0,98.0,14.0,-34.0,-971.0,-229.0
4565,-17.0,-252.0,-49.0,-103.0,105.0,11.0,-34.0,-975.0,-223.0
4566,-19.0,-251.0,-47.0,-99.0,109.0,10.0,-35.0,-972.0,-224.0
4567,-15.0,-251.0,-49.0,-95.0,114.0,11.0,-33.0,-969.0,-226.0
4568,-13.0,-251.0,-48.0,-91.0,116.0,16.0,-30.0,-969.0,-240.0
4569,-19.0,-249.0,-53.0,-90.0,119.0,15.0,-31.0,-967.0,-242.0
4570,-15.0,-251.0,-52.0,-94.0,121.0,13.0,-35.0,-963.0,-246.0
4571,-18.0,-249.0,-54.0,-100.0,120.0,13.0,-32.0,-962.0,-244.0
4572,-15.0,-250.0,-53.0,-105.0,120.0,12.0,-35.0,-968.0,-247.0
4573,-15.0,-253.0,-52.0,-108.0,120.0,14.0,-28.0,-970.0,-248.0
4574,-17.0,-251.0,-51.0,-108.0,121.0,15.0,-33.0,-974.0,-253.0
4575,-15.0,-254.0,-57.0,-106.0,122.0,17.0,-34.0,-975.0,-249.0
4576,-15.0,-255.0,-53.0,-103.0,124.0,24.0,-38.0,-976.0,-254.0
4577,-18.0,-251.0,-53.0,-99.0,125.0,22.0,-38.0,-976.0,-255.0
4578,-18.0,-256.0,-51.0,-89.0,126.0,23.0,-37.0,-977.0,-247.0
4579,-15.0,-252.0,-53.0,-80.0,129.0,22.0,-38.0,-975.0,-254.0
4580,-17.0,-252.0,-56.0,-73.0,127.0,27.0,-35.0,-966.0,-250.0
4581,-17.0,-247.0,-53.0,-66.0,125.0,30.0,-36.0,-969.0,-256.0
4582,-20.0,-250.0,-56.0,-63.0,123.0,34.0,-42.0,-961.0,-254.0
4583,-22.0,-248.0,-52.0,-61.0,119.0,35.0,-46.0,-959.0,-251.0
4584,-17.0,-250.0,-56.0,-63.0,115.0,38.0,-46.0,-954.0,-254.0
4585,-20.0,-249.0,-50.0,-66.0,108.0,40.0,-57.0,-953.0,-251.0
4586,-20.0,-248.0,-53.0,-75.0,103.0,45.0,-50.0,-951.0,-248.0
4587,-23.0,-248.0,-50.0,-90.0,102.0,45.0,-62.0,-950.0,-240.0
4588,-23.0,-248.0,-53.0,-103.0,99.0,42.0,-58.0,-953.0,-237.0
4589,-21.0,-248.0,-57.0,-113.0,96.0,38.0,-54.0,-957.0,-244.0
4590,-23.0,-250.0,-53.0,-117.0,96.0,37.0,-55.0,-967.0,-250.0
4591,-18.0,-252.0,-55.0,-118.0,92.0,32.0,-58.0,-968.0,-252.0
4592,-21.0,-256.0,-55.0,-118.0,92.0,35.0,-53.0,-979.0,-261.0
4593,-27.0,-258.0,-52.0,-117.0,94.0,29.0,-65.0,-978.0,-258.0
4594,-27.0,-256.0,-55.0,-108.0,94.0,24.0,-54.0,-982.0,-258.0
4595,-23.0,-254.0,-57.0,-99.0,92.0,18.0,-61.0,-980.0,-258.0
4596,-24.0,-254.0,-53.0,-90.0,89.0,11.0,-53.0,-985.0,-247.0
4597,-24.0,-254.0,-55.0,-82.0,84.0,6.0,-53.0,-978.0,-249.0
4598,-22.0,-252.0,-57.0,-75.0,78.0,5.0,-54.0,-975.0,-252.0
4599,-21.0,-252.0,-50.0,-72.0,70.0,4.0,-59.0,-965.0,-251.0
4600,-21.0,-249.0,-48.0,-71.0,67.0,3.0,-49.0,-968.0,-243.0
4601,-22.0,-248.0,-52.0,-72.0,63.0,3.0,-47.0,-961.0,-247.0
4602,-21.0,-249.0,-52.0,-74.0,58.0,1.0,-53.0,-953.0,-245.0
4603,-19.0,-248.0,-49.0,-79.0,55.0,2.0,-54.0,-955.0,-244.0
4604,-20.0,-248.0,-49.0,-86.0,53.0,3.0,-49.0,-958.0,-243.0
4605,-17.0,-250.0,-51.0,-94.0,50.0,3.0,-43.0,-960.0,-243.0
4606,-16.0,-251.0,-54.0,-101.0,48.0,8.0,-37.0,-964.0,-254.0
4607,-18.0,-251.0,-56.0,-111.0,51.0,5.0,-45.0,-964.0,-256.0
4608,-17.0,-251.0,-55.0,-116.0,52.0,1.0,-42.0,-968.0,-255.0
4609,-14.0,-256.0,-52.0,-119.0,53.0,1.0,-38.0,-976.0,-254.0
4610,-14.0,-255.0,-54.0,-115.0,52.0,1.0,-33.0,-980.0,-254.0
4611,-15.0,-256.0,-54.0,-111.0,53.0,0.0,-33.0,-1002.0,-262.0
4612,-19.0,-254.0,-54.0,-110.0,53.0,-5.0,-32.0,-983.0,-258.0
4613,-13.0,-255.0,-54.0,-104.0,52.0,0.0,-31.0,-991.0,-255.0
4614,-11.0,-257.0,-56.0,-101.0,50.0,7.0,-33.0,-985.0,-264.0
4615,-16.0,-256.0,-55.0,-102.0,51.0,7.0,-30.0,-977.0,-258.0
4616,-19.0,-253.0,-53.0,-98.0,48.0,3.0,-36.0,-975.0,-262.0
4617,-15.0,-254.0,-54.0,-94.0,48.0,2.0,-38.0,-979.0,-260.0
4618,-17.0,-251.0,-56.0,-87.0,48.0,3.0,-40.0,-971.0,-259.0
4619,-14.0,-254.0,-52.0,-80.0,47.0,2.0,-43.0,-975.0,-264.0
4620,-17.0,-252.0,-55.0,-76.0,49.0,-2.0,-39.0,-974.0,-264.0
4621,-17.0,-250.0,-57.0,-75.0,53.0,-2.0,-36.0,-972.0,-261.0
4622,-17.0,-252.0,-55.0,-76.0,56.0,2.0,-40.0,-969.0,-264.0
4623,-20.0,-248.0,-57.0,-77.0,57.0,2.0,-40.0,-969.0,-265.0
4624,-15.0,-252.0,-61.0,-79.0,59.0,1.0,-43.0,-972.0,-261.0
4625,-17.0,-249.0,-57.0,-79.0,62.0,1.0,-43.0,-968.0,-263.0
4626,-16.0,-252.0,-61.0,-79.0,61.0,5.0,-47.0,-974.0,-267.0
4627,-18.0,-251.0,-52.0,-84.0,66.0,6.0,-39.0,-970.0,-260.0
4628,-19.0,-251.0,-56.0,-85.0,67.0,1.0,-43.0,-964.0,-257.0
4629,-16.0,-254.0,-57.0,-86.0,68.0,1.0,-36.0,-967.0,-260.0
4630,-17.0,-251.0,-55.0,-83.0,70.0,-1.0,-39.0,-967.0,-259.0
4631,-19.0,-251.0,-57.0,-78.0,69.0,-1.0,-43.0,-976.0,-264.0
4632,-19.0,-250.0,-57.0,-76.0,68.0,-5.0,-41.0,-961.0,-261.0
4633,-15.0,-250.0,-58.0,-74.0,68.0,1.0,-37.0,-961.0,-262.0
4634,-17.0,-250.0,-54.0,-73.0,67.0,1.0,-38.0,-966.0,-265.0
4635,-16.0,-251.0,-58.0,-74.0,65.0,4.0,-37.0,-960.0,-265.0
4636,-22.0,-250.0,-54.0,-76.0,66.0,10.0,-37.0,-963.0,-266.0
4637,-17.0,-251.0,-56.0,-79.0,68.0,8.0,-43.0,-965.0,-268.0
4638,-20.0,-252.0,-59.0,-79.0,68.0,8.0,-45.0,-961.0,-273.0
4639,-19.0,-249.0,-60.0,-79.0,66.0,9.0,-45.0,-966.0,-271.0
4640,-19.0,-247.0,-59.0,-78.0,63.0,8.0,-45.0,-968.0,-273.0
4641,-21.0,-249.0,-59.0,-75.0,61.0,6.0,-45.0,-968.0,-273.0
4642,-21.0,-250.0,-64.0,-74.0,62.0,6.0,-42.0,-965.0,-271.0
4643,-19.0,-251.0,-61.0,-74.0,61.0,6.0,-45.0,-973.0,-286.0
4644,-19.0,-250.0,-61.0,-77.0,63.0,7.0,-48.0,-964.0,-276.0
4645,-19.0,-248.0,-60.0,-78.0,64.0,7.0,-52.0,-958.0,-272.0
4646,-18.0,-251.0,-58.0,-76.0,61.0,5.0,-50.0,-957.0,-272.0
4647,-19.0,-253.0,-61.0,-75.0,63.0,5.0,-43.0,-962.0,-272.0
4648,-21.0,-249.0,-61.0,-68.0,63.0,4.0,-45.0,-966.0,-270.0
4649,-21.0,-250.0,-58.0,-60.0,63.0,4.0,-47.0,-965.0,-269.0
4650,-19.0,-251.0,-55.0,-55.0,64.0,3.0,-49.0,-966.0,-274.0
4651,-19.0,-250.0,-60.0,-52.0,65.0,4.0,-52.0,-962.0,-274.0
4652,-18.0,-250.0,-58.0,-50.0,67.0,6.0,-44.0,-964.0,-269.0
4653,-18.0,-250.0,-61.0,-48.0,65.0,5.0,-46.0,-964.0,-272.0
4654,-19.0,-249.0,-58.0,-45.0,68.0,4.0,-44.0,-970.0,-271.0
4655,-17.0,-252.0,-55.0,-42.0,69.0,4.0,-40.0,-960.0,-271.0
4656,-18.0,-250.0,-59.0,-36.0,70.0,3.0,-42.0,-964.0,-271.0
4657,-16.0,-249.0,-60.0,-30.0,72.0,3.0,-42.0,-963.0,-269.0
4658,-14.0,-250.0,-46.0,-25.0,71.0,3.0,-38.0,-966.0,-266.0
4659,-17.0,-251.0,-59.0,-23.0,72.0,4.0,-36.0,-969.0,-276.0
4660,-16.0,-250.0,-58.0,-19.0,73.0,3.0,-32.0,-974.0,-274.0
4661,-13.0,-254.0,-60.0,-15.0,74.0,3.0,-33.0,-972.0,-277.0
4662,-16.0,-252.0,-59.0,-14.0,76.0,5.0,-29.0,-975.0,-285.0
4663,-15.0,-252.0,-60.0,-11.0,78.0,7.0,-35.0,-974.0,-276.0
4664,-15.0,-253.0,-63.0,-8.0,80.0,4.0,-31.0,-976.0,-277.0
4665,-12.0,-252.0,-63.0,-4.0,83.0,6.0,-32.0,-975.0,-282.0
4666,-18.0,-252.0,-59.0,-2.0,87.0,6.0,-32.0,-973.0,-277.0
4667,-17.0,-256.0,-60.0,3.0,91.0,5.0,-32.0,-977.0,-276.0
4668,-19.0,-252.0,-59.0,8.0,97.0,5.0,-35.0,-973.0,-270.0
4669,-16.0,-252.0,-60.0,12.0,100.0,6.0,-32.0,-978.0,-267.0
4670,-15.0,-256.0,-58.0,17.0,102.0,6.0,-36.0,-974.0,-271.0
4671,-16.0,-256.0,-59.0,22.0,106.0,7.0,-32.0,-974.0,-269.0
4672,-18.0,-251.0,-60.0,28.0,110.0,8.0,-29.0,-974.0,-275.0
4673,-14.0,-252.0,-61.0,35.0,112.0,9.0,-32.0,-973.0,-267.0
4674,-16.0,-250.0,-60.0,41.0,114.0,9.0,-35.0,-966.0,-277.0
4675,-16.0,-249.0,-61.0,46.0,117.0,8.0,-32.0,-963.0,-274.0
4676,-16.0,-250.0,-63.0,50.0,117.0,10.0,-35.0,-963.0,-273.0
4677,-15.0,-250.0,-60.0,51.0,116.0,10.0,-27.0,-961.0,-275.0
4678,-16.0,-250.0,-59.0,53.0,116.0,9.0,-34.0,-956.0,-278.0
4679,-15.0,-250.0,-60.0,53.0,116.0,11.0,-39.0,-963.0,-277.0
4680,-20.0,-251.0,-60.0,53.0,117.0,12.0,-41.0,-958.0,-285.0
4681,-18.0,-253.0,-57.0,51.0,119.0,12.0,-45.0,-964.0,-276.0
4682,-16.0,-251.0,-57.0,50.0,124.0,11.0,-45.0,-958.0,-274.0
4683,-20.0,-252.0,-59.0,46.0,127.0,13.0,-44.0,-965.0,-276.0
4684,-16.0,-253.0,-57.0,42.0,129.0,14.0,-40.0,-968.0,-271.0
4685,-17.0,-250.0,-59.0,39.0,131.0,14.0,-45.0,-967.0,-274.0
4686,-16.0,-251.0,-59.0,35.0,132.0,16.0,-50.0,-967.0,-275.0
4687,-19.0,-252.0,-58.0,35.0,132.0,14.0,-50.0,-969.0,-271.0
4688,-20.0,-251.0,-58.0,38.0,132.0,17.0,-52.0,-966.0,-276.0
4689,-22.0,-249.0,-59.0,41.0,132.0,16.0,-47.0,-963.0,-274.0
4690,-21.0,-251.0,-61.0,48.0,133.0,19.0,-49.0,-957.0,-276.0
4691,-21.0,-249.0,-58.0,53.0,133.0,21.0,-48.0,-952.0,-279.0
4692,-23.0,-245.0,-60.0,56.0,134.0,22.0,-49.0,-946.0,-275.0
4693,-24.0,-247.0,-58.0,55.0,134.0,20.0,-59.0,-940.0,-273.0
4694,-23.0,-245.0,-62.0,52.0,133.0,19.0,-58.0,-940.0,-275.0
4695,-22.0,-243.0,-59.0,46.0,132.0,20.0,-60.0,-938.0,-265.0
4696,-23.0,-243.0,-54.0,35.0,134.0,19.0,-69.0,-934.0,-264.0
4697,-26.0,-245.0,-51.0,23.0,135.0,19.0,-62.0,-944.0,-256.0
4698,-24.0,-248.0,-58.0,17.0,134.0,20.0,-68.0,-946.0,-264.0
4699,-28.0,-248.0,-57.0,14.0,131.0,19.0,-67.0,-951.0,-264.0
4700,-21.0,-248.0,-57.0,10.0,126.0,16.0,-65.0,-958.0,-266.0
4701,-21.0,-249.0,-59.0,8.0,121.0,17.0,-62.0,-966.0,-269.0
4702,-21.0,-251.0,-60.0,6.0,118.0,15.0,-59.0,-971.0,-263.0
4703,-22.0,-254.0,-53.0,8.0,119.0,16.0,-48.0,-978.0,-264.0
4704,-18.0,-257.0,-56.0,13.0,118.0,15.0,-46.0,-980.0,-258.0
4705,-18.0,-254.0,-56.0,19.0,120.0,14.0,-50.0,-977.0,-257.0
4706,-23.0,-251.0,-56.0,27.0,119.0,13.0,-48.0,-976.0,-255.0
4707,-20.0,-252.0,-53.0,35.0,116.0,12.0,-47.0,-971.0,-248.0
4708,-22.0,-253.0,-53.0,39.0,111.0,11.0,-53.0,-971.0,-252.0
4709,-22.0,-251.0,-58.0,38.0,105.0,12.0,-53.0,-971.0,-260.0
4710,-24.0,-248.0,-58.0,37.0,98.0,10.0,-47.0,-966.0,-264.0
4711,-20.0,-250.0,-58.0,33.0,90.0,10.0,-52.0,-965.0,-262.0
4712,-20.0,-249.0,-55.0,27.0,86.0,9.0,-60.0,-962.0,-264.0
4713,-20.0,-251.0,-58.0,20.0,82.0,7.0,-47.0,-962.0,-264.0
4714,-20.0,-250.0,-54.0,16.0,81.0,6.0,-54.0,-966.0,-264.0
4715,-20.0,-252.0,-58.0,10.0,81.0,5.0,-50.0,-976.0,-261.0
4716,-19.0,-257.0,-54.0,8.0,81.0,4.0,-50.0,-974.0,-262.0
4717,-22.0,-253.0,-55.0,7.0,84.0,4.0,-54.0,-977.0,-262.0
4718,-18.0,-255.0,-52.0,9.0,87.0,4.0,-49.0,-981.0,-260.0
4719,-20.0,-257.0,-54.0,15.0,88.0,1.0,-50.0,-990.0,-256.0
4720,-16.0,-255.0,-53.0,19.0,92.0,0.0,-48.0,-987.0,-253.0
4721,-19.0,-254.0,-52.0,23.0,94.0,-2.0,-45.0,-982.0,-249.0
4722,-17.0,-254.0,-56.0,29.0,96.0,-5.0,-43.0,-983.0,-251.0
4723,-13.0,-264.0,-55.0,31.0,97.0,-7.0,-44.0,-978.0,-250.0
4724,-17.0,-254.0,-51.0,32.0,95.0,-9.0,-46.0,-976.0,-252.0
4725,-19.0,-250.0,-57.0,29.0,96.0,-12.0,-46.0,-969.0,-255.0
4726,-22.0,-250.0,-55.0,27.0,96.0,-13.0,-43.0,-966.0,-256.0
4727,-22.0,-250.0,-55.0,22.0,93.0,-13.0,-55.0,-963.0,-261.0
4728,-21.0,-252.0,-57.0,18.0,92.0,-13.0,-60.0,-961.0,-257.0
4729,-21.0,-250.0,-54.0,14.0,87.0,-14.0,-63.0,-964.0,-262.0
4730,-25.0,-251.0,-57.0,9.0,83.0,-15.0,-63.0,-968.0,-264.0
4731,-25.0,-249.0,-60.0,6.0,80.0,-14.0,-70.0,-963.0,-261.0
4732,-26.0,-251.0,-56.0,2.0,78.0,-15.0,-70.0,-968.0,-257.0
4733,-27.0,-250.0,-56.0,1.0,74.0,-16.0,-74.0,-967.0,-264.0
4734,-28.0,-253.0,-55.0,2.0,70.0,-15.0,-74.0,-972.0,-264.0
4735,-27.0,-252.0,-59.0,4.0,67.0,-15.0,-73.0,-973.0,-264.0
4736,-28.0,-253.0,-54.0,6.0,65.0,-16.0,-76.0,-970.0,-262.0
4737,-25.0,-250.0,-57.0,10.0,62.0,-15.0,-76.0,-966.0,-264.0
4738,-25.0,-251.0,-62.0,12.0,60.0,-17.0,-75.0,-964.0,-265.0
4739,-29.0,-250.0,-57.0,13.0,59.0,-18.0,-78.0,-965.0,-270.0
4740,-26.0,-251.0,-58.0,15.0,55.0,-19.0,-78.0,-967.0,-269.0
4741,-26.0,-250.0,-58.0,16.0,52.0,-20.0,-73.0,-963.0,-270.0
4742,-27.0,-248.0,-59.0,18.0,50.0,-22.0,-69.0,-960.0,-271.0
4743,-24.0,-249.0,-58.0,19.0,48.0,-22.0,-70.0,-962.0,-269.0
4744,-25.0,-251.0,-57.0,18.0,47.0,-24.0,-69.0,-956.0,-270.0
4745,-25.0,-257.0,-62.0,19.0,45.0,-25.0,-73.0,-959.0,-269.0
4746,-25.0,-250.0,-59.0,20.0,40.0,-24.0,-70.0,-967.0,-267.0
4747,-26.0,-249.0,-58.0,17.0,36.0,-25.0,-69.0,-959.0,-269.0
4748,-24.0,-249.0,-58.0,16.0,31.0,-22.0,-73.0,-961.0,-262.0
4749,-27.0,-249.0,-59.0,15.0,26.0,-23.0,-73.0,-957.0,-263.0
4750,-28.0,-249.0,-54.0,14.0,21.0,-23.0,-75.0,-963.0,-258.0
4751,-28.0,-249.0,-55.0,14.0,14.0,-23.0,-76.0,-963.0,-256.0
4752,-27.0,-248.0,-54.0,15.0,6.0,-23.0,-72.0,-960.0,-258.0
4753,-27.0,-250.0,-58.0,14.0,3.0,-22.0,-77.0,-963.0,-258.0
4754,-25.0,-248.0,-51.0,15.0,-3.0,-22.0,-80.0,-960.0,-255.0
4755,-25.0,-248.0,-55.0,14.0,-7.0,-20.0,-79.0,-960.0,-261.0
4756,-29.0,-248.0,-55.0,13.0,-11.0,-20.0,-78.0,-963.0,-258.0
4757,-29.0,-248.0,-59.0,11.0,-14.0,-20.0,-79.0,-961.0,-259.0
4758,-27.0,-248.0,-55.0,8.0,-17.0,-19.0,-77.0,-956.0,-258.0
4759,-28.0,-248.0,-57.0,5.0,-20.0,-20.0,-68.0,-959.0,-259.0
4760,-24.0,-252.0,-52.0,2.0,-22.0,-21.0,-75.0,-958.0,-257.0
4761,-26.0,-249.0,-53.0,-1.0,-22.0,-22.0,-68.0,-962.0,-258.0
4762,-25.0,-247.0,-57.0,-4.0,-23.0,-25.0,-66.0,-960.0,-259.0
4763,-22.0,-248.0,-57.0,-6.0,-23.0,-25.0,-60.0,-960.0,-257.0
4764,-25.0,-249.0,-54.0,-7.0,-22.0,-27.0,-59.0,-966.0,-253.0
4765,-19.0,-249.0,-58.0,-7.0,-21.0,-28.0,-57.0,-965.0,-258.0
4766,-18.0,-250.0,-56.0,-6.0,-20.0,-28.0,-49.0,-966.0,-259.0
4767,-16.0,-253.0,-51.0,-5.0,-20.0,-28.0,-48.0,-964.0,-261.0
4768,-16.0,-254.0,-55.0,-3.0,-19.0,-28.0,-45.0,-961.0,-260.0
4769,-20.0,-250.0,-53.0,-4.0,-17.0,-28.0,-45.0,-970.0,-255.0
4770,-19.0,-251.0,-57.0,-3.0,-14.0,-26.0,-44.0,-970.0,-255.0
4771,-15.0,-251.0,-54.0,-3.0,-11.0,-27.0,-40.0,-970.0,-259.0
4772,-15.0,-253.0,-57.0,-4.0,-8.0,-24.0,-40.0,-970.0,-256.0
4773,-16.0,-252.0,-54.0,-4.0,-6.0,-21.0,-43.0,-969.0,-256.0
4774,-21.0,-250.0,-55.0,-3.0,-4.0,-21.0,-40.0,-972.0,-256.0
4775,-18.0,-252.0,-53.0,-3.0,0.0,-19.0,-38.0,-971.0,-255.0
4776,-17.0,-250.0,-57.0,-3.0,6.0,-18.0,-35.0,-968.0,-251.0
4777,-17.0,-251.0,-54.0,-3.0,11.0,-18.0,-45.0,-969.0,-246.0
4778,-15.0,-251.0,-52.0,-2.0,14.0,-18.0,-42.0,-966.0,-251.0
4779,-15.0,-250.0,-57.0,-2.0,18.0,-16.0,-41.0,-970.0,-252.0
4780,-16.0,-250.0,-51.0,-2.0,21.0,-16.0,-38.0,-965.0,-254.0
4781,-20.0,-250.0,-54.0,-4.0,25.0,-15.0,-33.0,-966.0,-252.0
4782,-16.0,-250.0,-56.0,-6.0,30.0,-14.0,-35.0,-971.0,-253.0
4783,-18.0,-250.0,-54.0,-8.0,35.0,-12.0,-34.0,-973.0,-253.0
4784,-15.0,-249.0,-56.0,-6.0,39.0,-11.0,-34.0,-965.0,-252.0
4785,-16.0,-252.0,-53.0,-4.0,43.0,-9.0,-31.0,-966.0,-258.0
4786,-15.0,-250.0,-58.0,0.0,49.0,-7.0,-30.0,-963.0,-262.0
4787,-14.0,-251.0,-59.0,6.0,53.0,-5.0,-30.0,-968.0,-263.0
4788,-15.0,-249.0,-59.0,11.0,58.0,-5.0,-31.0,-969.0,-261.0
4789,-18.0,-259.0,-66.0,16.0,62.0,-1.0,-26.0,-966.0,-263.0
4790,-17.0,-251.0,-55.0,19.0,66.0,1.0,-30.0,-970.0,-260.0
4791,-14.0,-251.0,-54.0,21.0,70.0,2.0,-32.0,-969.0,-254.0
4792,-14.0,-251.0,-53.0,19.0,74.0,2.0,-36.0,-968.0,-260.0
4793,-18.0,-253.0,-56.0,16.0,80.0,3.0,-33.0,-970.0,-252.0
4794,-16.0,-250.0,-55.0,11.0,86.0,4.0,-34.0,-966.0,-260.0
4795,-17.0,-250.0,-55.0,9.0,91.0,6.0,-42.0,-966.0,-253.0
4796,-19.0,-252.0,-53.0,7.0,97.0,5.0,-36.0,-968.0,-252.0
4797,-17.0,-250.0,-50.0,7.0,100.0,5.0,-43.0,-976.0,-247.0
4798,-18.0,-251.0,-51.0,10.0,104.0,7.0,-41.0,-966.0,-249.0
4799,-19.0,-250.0,-52.0,14.0,103.0,6.0,-48.0,-967.0,-253.0
4800,-17.0,-252.0,-55.0,20.0,106.0,7.0,-43.0,-970.0,-255.0
4801,-15.0,-252.0,-56.0,25.0,107.0,6.0,-44.0,-966.0,-253.0
4802,-16.0,-252.0,-54.0,25.0,109.0,6.0,-42.0,-969.0,-257.0
4803,-18.0,-250.0,-57.0,23.0,110.0,7.0,-43.0,-968.0,-253.0
4804,-19.0,-249.0,-52.0,20.0,113.0,7.0,-45.0,-962.0,-247.0
4805,-19.0,-248.0,-50.0,15.0,114.0,9.0,-41.0,-961.0,-234.0
4806,-18.0,-252.0,-45.0,10.0,117.0,9.0,-54.0,-965.0,-223.0
4807,-16.0,-254.0,-45.0,4.0,116.0,9.0,-49.0,-970.0,-217.0
4808,-21.0,-250.0,-52.0,1.0,115.0,8.0,-50.0,-970.0,-243.0
4809,-24.0,-251.0,-52.0,-2.0,112.0,8.0,-53.0,-967.0,-242.0
4810,-23.0,-249.0,-57.0,-4.0,108.0,5.0,-57.0,-972.0,-254.0
4811,-19.0,-254.0,-56.0,-6.0,107.0,3.0,-57.0,-974.0,-261.0
4812,-21.0,-256.0,-55.0,-5.0,106.0,1.0,-53.0,-977.0,-263.0
4813,-21.0,-254.0,-57.0,-3.0,109.0,0.0,-44.0,-982.0,-261.0
4814,-17.0,-256.0,-61.0,4.0,111.0,-1.0,-43.0,-981.0,-262.0
4815,-19.0,-254.0,-51.0,13.0,114.0,-3.0,-50.0,-987.0,-251.0
4816,-20.0,-254.0,-54.0,24.0,115.0,-6.0,-41.0,-993.0,-248.0
4817,-21.0,-252.0,-54.0,38.0,116.0,-5.0,-46.0,-977.0,-247.0
4818,-19.0,-251.0,-52.0,47.0,116.0,-6.0,-44.0,-975.0,-241.0
4819,-17.0,-252.0,-52.0,53.0,113.0,-5.0,-40.0,-972.0,-238.0
4820,-19.0,-251.0,-55.0,54.0,110.0,-4.0,-44.0,-970.0,-237.0
4821,-16.0,-250.0,-53.0,51.0,110.0,-1.0,-44.0,-966.0,-240.0
4822,-17.0,-249.0,-50.0,47.0,111.0,0.0,-39.0,-959.0,-236.0
4823,-16.0,-253.0,-47.0,40.0,112.0,-1.0,-42.0,-968.0,-243.0
4824,-19.0,-248.0,-52.0,34.0,114.0,-1.0,-39.0,-964.0,-242.0
4825,-19.0,-249.0,-49.0,29.0,115.0,0.0,-39.0,-965.0,-242.0
4826,-16.0,-253.0,-52.0,24.0,118.0,0.0,-42.0,-969.0,-239.0
4827,-17.0,-252.0,-53.0,20.0,119.0,0.0,-43.0,-969.0,-235.0
4828,-20.0,-251.0,-52.0,19.0,119.0,1.0,-45.0,-971.0,-236.0
4829,-15.0,-253.0,-52.0,19.0,121.0,2.0,-47.0,-975.0,-242.0
4830,-20.0,-251.0,-50.0,22.0,123.0,3.0,-47.0,-974.0,-246.0
4831,-20.0,-252.0,-50.0,24.0,123.0,4.0,-42.0,-973.0,-240.0
4832,-19.0,-252.0,-54.0,29.0,127.0,2.0,-46.0,-973.0,-245.0
4833,-18.0,-253.0,-52.0,29.0,126.0,2.0,-48.0,-977.0,-242.0
4834,-22.0,-250.0,-52.0,27.0,129.0,2.0,-45.0,-971.0,-247.0
4835,-21.0,-251.0,-53.0,25.0,130.0,3.0,-49.0,-969.0,-243.0
4836,-20.0,-250.0,-53.0,21.0,131.0,3.0,-52.0,-973.0,-240.0
4837,-20.0,-253.0,-53.0,17.0,127.0,3.0,-53.0,-976.0,-244.0
4838,-23.0,-251.0,-52.0,16.0,127.0,3.0,-49.0,-968.0,-240.0
4839,-21.0,-252.0,-51.0,14.0,124.0,3.0,-52.0,-970.0,-239.0
4840,-26.0,-250.0,-50.0,13.0,121.0,0.0,-53.0,-965.0,-240.0
4841,-24.0,-253.0,-51.0,14.0,119.0,-1.0,-61.0,-972.0,-240.0
4842,-22.0,-254.0,-53.0,17.0,117.0,-2.0,-60.0,-971.0,-240.0
4843,-21.0,-251.0,-51.0,19.0,115.0,-4.0,-60.0,-972.0,-243.0
4844,-25.0,-248.0,-49.0,19.0,113.0,-4.0,-62.0,-972.0,-244.0
4845,-22.0,-249.0,-49.0,17.0,111.0,-4.0,-50.0,-967.0,-242.0
4846,-24.0,-250.0,-54.0,15.0,109.0,-4.0,-60.0,-965.0,-244.0
4847,-23.0,-250.0,-47.0,13.0,110.0,-4.0,-58.0,-970.0,-240.0
4848,-20.0,-254.0,-49.0,9.0,109.0,-4.0,-59.0,-964.0,-243.0
4849,-22.0,-249.0,-49.0,9.0,106.0,-5.0,-56.0,-972.0,-239.0
4850,-18.0,-250.0,-52.0,10.0,102.0,-6.0,-56.0,-972.0,-246.0
4851,-21.0,-253.0,-51.0,10.0,99.0,-6.0,-60.0,-971.0,-245.0
4852,-23.0,-251.0,-51.0,13.0,98.0,-6.0,-60.0,-971.0,-246.0
4853,-22.0,-252.0,-53.0,15.0,94.0,-6.0,-58.0,-971.0,-246.0
4854,-22.0,-252.0,-54.0,16.0,92.0,-5.0,-56.0,-969.0,-239.0
4855,-23.0,-250.0,-51.0,18.0,88.0,-8.0,-53.0,-973.0,-239.0
4856,-19.0,-253.0,-53.0,20.0,87.0,-8.0,-50.0,-976.0,-239.0
4857,-21.0,-250.0,-50.0,20.0,85.0,-7.0,-53.0,-977.0,-245.0
4858,-20.0,-253.0,-50.0,20.0,86.0,-8.0,-48.0,-974.0,-238.0
4859,-21.0,-252.0,-52.0,22.0,86.0,-7.0,-47.0,-969.0,-237.0
4860,-21.0,-252.0,-52.0,23.0,84.0,-8.0,-49.0,-973.0,-242.0
4861,-20.0,-251.0,-52.0,24.0,83.0,-8.0,-49.0,-971.0,-238.0
4862,-17.0,-252.0,-53.0,25.0,80.0,-9.0,-54.0,-974.0,-245.0
4863,-21.0,-253.0,-51.0,25.0,80.0,-9.0,-53.0,-964.0,-244.0
4864,-20.0,-248.0,-51.0,25.0,80.0,-8.0,-50.0,-973.0,-241.0
4865,-19.0,-251.0,-52.0,24.0,78.0,-7.0,-54.0,-968.0,-247.0
4866,-21.0,-248.0,-51.0,22.0,78.0,-8.0,-49.0,-969.0,-252.0
4867,-20.0,-250.0,-54.0,20.0,78.0,-8.0,-50.0,-971.0,-245.0
4868,-22.0,-252.0,-51.0,19.0,76.0,-8.0,-47.0,-972.0,-239.0
4869,-23.0,-253.0,-50.0,18.0,75.0,-9.0,-49.0,-968.0,-239.0
4870,-21.0,-250.0,-55.0,17.0,73.0,-9.0,-54.0,-965.0,-242.0
4871,-22.0,-249.0,-53.0,16.0,72.0,-8.0,-47.0,-970.0,-244.0
4872,-23.0,-251.0,-52.0,15.0,73.0,-7.0,-45.0,-962.0,-247.0
4873,-19.0,-252.0,-51.0,15.0,72.0,-6.0,-53.0,-966.0,-249.0
4874,-19.0,-251.0,-54.0,14.0,73.0,-5.0,-59.0,-968.0,-245.0
4875,-21.0,-248.0,-51.0,15.0,73.0,-2.0,-48.0,-960.0,-251.0
4876,-24.0,-253.0,-51.0,18.0,71.0,-3.0,-50.0,-964.0,-243.0
4877,-22.0,-249.0,-52.0,19.0,72.0,-3.0,-48.0,-964.0,-246.0
4878,-19.0,-252.0,-53.0,18.0,72.0,-3.0,-54.0,-964.0,-244.0
4879,-19.0,-249.0,-54.0,15.0,72.0,-4.0,-49.0,-960.0,-242.0
4880,-20.0,-251.0,-51.0,12.0,71.0,-4.0,-49.0,-965.0,-240.0
4881,-18.0,-250.0,-51.0,8.0,72.0,-3.0,-47.0,-969.0,-243.0
4882,-21.0,-250.0,-50.0,5.0,73.0,-3.0,-47.0,-968.0,-238.0
4883,-22.0,-249.0,-50.0,3.0,73.0,-4.0,-49.0,-968.0,-240.0
4884,-22.0,-252.0,-53.0,1.0,74.0,-3.0,-47.0,-965.0,-246.0
4885,-19.0,-252.0,-53.0,0.0,73.0,-2.0,-45.0,-966.0,-239.0
4886,-19.0,-251.0,-51.0,0.0,72.0,-2.0,-48.0,-968.0,-239.0
4887,-16.0,-250.0,-52.0,0.0,72.0,-2.0,-43.0,-965.0,-239.0
4888,-20.0,-251.0,-49.0,0.0,72.0,-3.0,-45.0,-970.0,-238.0
4889,-19.0,-251.0,-50.0,0.0,70.0,-3.0,-48.0,-970.0,-236.0
4890,-22.0,-248.0,-52.0,-1.0,70.0,-2.0,-47.0,-966.0,-236.0
4891,-21.0,-249.0,-50.0,-4.0,70.0,-3.0,-49.0,-969.0,-237.0
4892,-21.0,-252.0,-50.0,-7.0,68.0,-3.0,-48.0,-968.0,-237.0
4893,-20.0,-252.0,-53.0,-9.0,68.0,-2.0,-47.0,-964.0,-238.0
4894,-18.0,-252.0,-50.0,-10.0,66.0,-2.0,-48.0,-965.0,-241.0
4895,-23.0,-251.0,-50.0,-9.0,65.0,-2.0,-50.0,-971.0,-241.0
4896,-19.0,-251.0,-50.0,-7.0,64.0,-3.0,-49.0,-969.0,-239.0
4897,-20.0,-249.0,-51.0,-4.0,62.0,-3.0,-44.0,-970.0,-242.0
4898,-17.0,-255.0,-54.0,-2.0,63.0,-1.0,-49.0,-969.0,-242.0
4899,-21.0,-252.0,-53.0,0.0,60.0,-4.0,-43.0,-965.0,-243.0
4900,-19.0,-251.0,-52.0,1.0,59.0,-2.0,-40.0,-973.0,-243.0
4901,-17.0,-251.0,-53.0,-1.0,61.0,-2.0,-41.0,-966.0,-240.0
4902,-17.0,-252.0,-52.0,-5.0,63.0,-1.0,-45.0,-968.0,-242.0
4903,-19.0,-250.0,-49.0,-8.0,64.0,-2.0,-42.0,-968.0,-236.0
4904,-18.0,-252.0,-49.0,-15.0,65.0,-3.0,-42.0,-973.0,-238.0
4905,-18.0,-253.0,-51.0,-15.0,65.0,-3.0,-43.0,-974.0,-233.0
4906,-19.0,-251.0,-50.0,-16.0,66.0,-4.0,-45.0,-977.0,-235.0
4907,-20.0,-251.0,-51.0,-14.0,65.0,-6.0,-46.0,-977.0,-237.0
4908,-18.0,-253.0,-54.0,-12.0,66.0,-6.0,-47.0,-976.0,-240.0
4909,-18.0,-253.0,-50.0,-7.0,66.0,-5.0,-50.0,-973.0,-243.0
4910,-19.0,-252.0,-53.0,-3.0,67.0,-6.0,-55.0,-975.0,-243.0
4911,-22.0,-254.0,-51.0,2.0,68.0,-6.0,-53.0,-971.0,-242.0
4912,-18.0,-252.0,-50.0,8.0,67.0,-4.0,-51.0,-967.0,-244.0
4913,-20.0,-249.0,-51.0,10.0,64.0,-4.0,-55.0,-968.0,-237.0
4914,-19.0,-251.0,-47.0,8.0,61.0,-3.0,-47.0,-968.0,-239.0
4915,-18.0,-252.0,-47.0,4.0,60.0,-2.0,-47.0,-960.0,-227.0
4916,-19.0,-249.0,-46.0,-3.0,59.0,-3.0,-46.0,-961.0,-225.0
4917,-19.0,-250.0,-44.0,-11.0,57.0,-2.0,-48.0,-962.0,-217.0
4918,-19.0,-251.0,-43.0,-19.0,56.0,-4.0,-48.0,-970.0,-217.0
4919,-16.0,-251.0,-47.0,-24.0,59.0,-4.0,-58.0,-973.0,-218.0
4920,-22.0,-254.0,-49.0,-23.0,60.0,-4.0,-55.0,-976.0,-232.0
4921,-20.0,-255.0,-49.0,-18.0,62.0,-6.0,-55.0,-976.0,-242.0
4922,-22.0,-252.0,-49.0,-17.0,61.0,-8.0,-56.0,-978.0,-250.0
4923,-20.0,-252.0,-52.0,-15.0,64.0,-8.0,-49.0,-975.0,-249.0
4924,-21.0,-254.0,-51.0,-13.0,65.0,-6.0,-54.0,-979.0,-250.0
4925,-22.0,-252.0,-50.0,-8.0,65.0,-8.0,-47.0,-979.0,-238.0
4926,-18.0,-252.0,-48.0,-3.0,64.0,-8.0,-50.0,-982.0,-233.0
4927,-20.0,-251.0,-50.0,4.0,60.0,-8.0,-51.0,-968.0,-225.0
4928,-23.0,-251.0,-49.0,10.0,56.0,-7.0,-52.0,-969.0,-223.0
4929,-21.0,-250.0,-46.0,15.0,51.0,-8.0,-51.0,-971.0,-226.0
4930,-21.0,-249.0,-49.0,15.0,45.0,-7.0,-62.0,-971.0,-224.0
4931,-21.0,-251.0,-46.0,15.0,40.0,-7.0,-56.0,-967.0,-224.0
4932,-23.0,-248.0,-48.0,10.0,37.0,-9.0,-53.0,-963.0,-224.0
4933,-19.0,-251.0,-48.0,9.0,38.0,-8.0,-51.0,-966.0,-226.0
4934,-19.0,-251.0,-49.0,6.0,41.0,-7.0,-45.0,-965.0,-225.0
4935,-18.0,-251.0,-47.0,2.0,44.0,-7.0,-44.0,-971.0,-229.0
4936,-17.0,-253.0,-49.0,-5.0,48.0,-7.0,-46.0,-966.0,-229.0
4937,-18.0,-252.0,-48.0,-10.0,53.0,-7.0,-45.0,-974.0,-226.0
4938,-16.0,-255.0,-49.0,-13.0,54.0,-6.0,-47.0,-984.0,-226.0
4939,-15.0,-258.0,-47.0,-13.0,54.0,-4.0,-45.0,-977.0,-227.0
4940,-16.0,-254.0,-50.0,-10.0,57.0,-4.0,-40.0,-975.0,-224.0
4941,-13.0,-251.0,-51.0,-5.0,55.0,-5.0,-42.0,-983.0,-225.0
4942,-18.0,-252.0,-51.0,-2.0,55.0,-4.0,-45.0,-976.0,-229.0
4943,-21.0,-251.0,-48.0,-1.0,52.0,-5.0,-44.0,-982.0,-225.0
4944,-20.0,-249.0,-46.0,-2.0,51.0,-6.0,-52.0,-975.0,-231.0
4945,-18.0,-253.0,-50.0,-7.0,50.0,-7.0,-53.0,-974.0,-228.0
4946,-21.0,-251.0,-45.0,-12.0,50.0,-7.0,-59.0,-969.0,-227.0
4947,-19.0,-251.0,-46.0,-16.0,51.0,-7.0,-53.0,-970.0,-225.0
4948,-21.0,-249.0,-49.0,-20.0,53.0,-7.0,-57.0,-966.0,-226.0
4949,-22.0,-249.0,-47.0,-22.0,50.0,-7.0,-54.0,-965.0,-228.0
4950,-22.0,-250.0,-49.0,-26.0,50.0,-6.0,-57.0,-971.0,-226.0
4951,-21.0,-252.0,-48.0,-28.0,49.0,-7.0,-54.0,-969.0,-224.0
4952,-19.0,-250.0,-49.0,-29.0,48.0,-8.0,-55.0,-971.0,-225.0
4953,-20.0,-251.0,-46.0,-29.0,48.0,-7.0,-53.0,-965.0,-225.0
4954,-24.0,-252.0,-51.0,-29.0,45.0,-8.0,-50.0,-965.0,-226.0
4955,-23.0,-249.0,-50.0,-31.0,45.0,-9.0,-47.0,-969.0,-228.0
4956,-21.0,-248.0,-46.0,-33.0,45.0,-7.0,-49.0,-968.0,-230.0
4957,-19.0,-251.0,-50.0,-35.0,44.0,-8.0,-47.0,-972.0,-234.0
4958,-20.0,-252.0,-49.0,-38.0,44.0,-8.0,-45.0,-967.0,-235.0
4959,-21.0,-249.0,-50.0,-38.0,43.0,-6.0,-43.0,-966.0,-237.0
4960,-18.0,-251.0,-48.0,-39.0,43.0,-5.0,-45.0,-968.0,-235.0
4961,-20.0,-246.0,-51.0,-40.0,44.0,-4.0,-46.0,-968.0,-237.0
4962,-18.0,-251.0,-50.0,-40.0,46.0,-5.0,-43.0,-970.0,-235.0
4963,-15.0,-252.0,-57.0,-41.0,46.0,-4.0,-46.0,-966.0,-232.0
4964,-16.0,-250.0,-49.0,-43.0,46.0,-4.0,-43.0,-969.0,-236.0
4965,-18.0,-249.0,-48.0,-45.0,48.0,-5.0,-43.0,-968.0,-228.0
4966,-17.0,-250.0,-49.0,-48.0,48.0,-4.0,-41.0,-964.0,-226.0
4967,-17.0,-252.0,-42.0,-49.0,47.0,-3.0,-43.0,-962.0,-231.0
4968,-19.0,-249.0,-48.0,-50.0,50.0,-3.0,-41.0,-965.0,-225.0
4969,-18.0,-249.0,-44.0,-50.0,50.0,-3.0,-46.0,-967.0,-230.0
4970,-15.0,-252.0,-48.0,-50.0,52.0,-3.0,-44.0,-970.0,-235.0
4971,-18.0,-250.0,-49.0,-50.0,54.0,-2.0,-41.0,-966.0,-228.0
4972,-20.0,-249.0,-49.0,-51.0,55.0,-2.0,-45.0,-965.0,-231.0
4973,-18.0,-250.0,-47.0,-53.0,57.0,-1.0,-41.0,-966.0,-226.0
4974,-18.0,-250.0,-50.0,-57.0,60.0,-1.0,-48.0,-968.0,-227.0
4975,-19.0,-251.0,-49.0,-62.0,63.0,0.0,-49.0,-965.0,-230.0
4976,-18.0,-251.0,-51.0,-66.0,64.0,1.0,-47.0,-967.0,-226.0
4977,-17.0,-250.0,-49.0,-69.0,64.0,2.0,-48.0,-965.0,-233.0
4978,-19.0,-249.0,-49.0,-71.0,64.0,2.0,-49.0,-964.0,-236.0
4979,-20.0,-252.0,-48.0,-72.0,66.0,0.0,-47.0,-962.0,-239.0
4980,-20.0,-250.0,-48.0,-73.0,66.0,1.0,-45.0,-965.0,-233.0
4981,-19.0,-252.0,-49.0,-74.0,69.0,1.0,-44.0,-974.0,-237.0
4982,-16.0,-252.0,-49.0,-76.0,69.0,2.0,-48.0,-968.0,-239.0
4983,-22.0,-250.0,-54.0,-80.0,70.0,1.0,-45.0,-972.0,-242.0
4984,-19.0,-253.0,-52.0,-84.0,71.0,2.0,-47.0,-963.0,-240.0
4985,-19.0,-251.0,-53.0,-86.0,72.0,2.0,-48.0,-972.0,-241.0
4986,-20.0,-253.0,-49.0,-86.0,72.0,0.0,-50.0,-974.0,-243.0
4987,-19.0,-252.0,-51.0,-86.0,72.0,1.0,-52.0,-969.0,-243.0
4988,-20.0,-252.0,-52.0,-84.0,73.0,1.0,-44.0,-973.0,-236.0
4989,-21.0,-253.0,-54.0,-83.0,74.0,3.0,-45.0,-970.0,-239.0
4990,-19.0,-253.0,-49.0,-85.0,72.0,3.0,-46.0,-964.0,-243.0
4991,-20.0,-254.0,-52.0,-86.0,72.0,3.0,-46.0,-969.0,-241.0
4992,-20.0,-251.0,-49.0,-86.0,73.0,3.0,-45.0,-968.0,-243.0
4993,-18.0,-251.0,-51.0,-87.0,72.0,4.0,-50.0,-971.0,-242.0
4994,-17.0,-253.0,-53.0,-87.0,71.0,4.0,-48.0,-973.0,-245.0
4995,-17.0,-251.0,-53.0,-89.0,74.0,4.0,-47.0,-973.0,-244.0
4996,-23.0,-253.0,-56.0,-91.0,75.0,5.0,-50.0,-974.0,-244.0
4997,-21.0,-251.0,-55.0,-92.0,76.0,6.0,-55.0,-967.0,-249.0
4998,-22.0,-251.0,-52.0,-92.0,75.0,5.0,-53.0,-973.0,-242.0
4999,-23.0,-251.0,-54.0,-92.0,75.0,6.0,-52.0,-973.0,-246.0
