,0,1,2,3,4,5,6,7,8
0,5.0,36.0,250.0,61.0,15.0,-9.0,-27.0,117.0,1014.0
1,7.0,35.0,250.0,60.0,13.0,-9.0,-31.0,111.0,1017.0
2,5.0,32.0,250.0,60.0,13.0,-9.0,-34.0,115.0,1021.0
3,2.0,38.0,248.0,59.0,13.0,-10.0,-23.0,115.0,1026.0
4,4.0,37.0,250.0,59.0,12.0,-10.0,-30.0,116.0,1022.0
5,9.0,37.0,257.0,59.0,11.0,-10.0,-32.0,119.0,1016.0
6,5.0,31.0,251.0,60.0,12.0,-11.0,-29.0,116.0,1018.0
7,4.0,37.0,250.0,61.0,11.0,-10.0,-29.0,117.0,1017.0
8,6.0,29.0,247.0,61.0,11.0,-9.0,-24.0,119.0,1018.0
9,6.0,38.0,253.0,62.0,10.0,-11.0,-30.0,116.0,1015.0
10,6.0,35.0,243.0,63.0,11.0,-11.0,-24.0,116.0,1022.0
11,2.0,36.0,247.0,64.0,11.0,-11.0,-22.0,117.0,1019.0
12,5.0,33.0,250.0,65.0,10.0,-10.0,-36.0,118.0,1018.0
13,3.0,37.0,253.0,64.0,9.0,-11.0,-35.0,118.0,1016.0
14,8.0,34.0,250.0,63.0,9.0,-11.0,-25.0,117.0,1020.0
15,4.0,39.0,249.0,63.0,9.0,-9.0,-33.0,115.0,1019.0
16,13.0,34.0,253.0,62.0,10.0,-10.0,-26.0,121.0,1024.0
17,2.0,36.0,250.0,62.0,11.0,-11.0,-33.0,115.0,1019.0
18,6.0,35.0,250.0,62.0,11.0,-9.0,-32.0,116.0,1019.0
19,4.0,36.0,250.0,62.0,10.0,-12.0,-29.0,120.0,1017.0
20,4.0,38.0,248.0,60.0,12.0,-12.0,-28.0,120.0,1024.0
21,2.0,37.0,247.0,59.0,12.0,-10.0,-28.0,117.0,1023.0
22,6.0,36.0,250.0,60.0,13.0,-9.0,-32.0,113.0,1020.0
23,4.0,36.0,246.0,59.0,12.0,-11.0,-30.0,118.0,1022.0
24,4.0,33.0,249.0,60.0,12.0,-12.0,-32.0,117.0,1019.0
25,7.0,38.0,250.0,60.0,12.0,-10.0,-31.0,115.0,1020.0
26,10.0,30.0,251.0,61.0,12.0,-11.0,-29.0,115.0,1017.0
27,3.0,37.0,246.0,61.0,12.0,-10.0,-37.0,115.0,1022.0
28,4.0,35.0,249.0,61.0,13.0,-11.0,-30.0,111.0,1020.0
29,6.0,34.0,250.0,62.0,13.0,-10.0,-30.0,117.0,1020.0
30,4.0,37.0,249.0,61.0,13.0,-9.0,-29.0,118.0,1018.0
31,3.0,36.0,251.0,60.0,12.0,-10.0,-30.0,122.0,1017.0
32,6.0,35.0,248.0,60.0,11.0,-10.0,-33.0,113.0,1015.0
33,3.0,36.0,248.0,60.0,12.0,-10.0,-33.0,114.0,1019.0
34,7.0,35.0,249.0,60.0,12.0,-9.0,-36.0,114.0,1015.0
35,3.0,38.0,248.0,60.0,11.0,-10.0,-33.0,113.0,1022.0
36,6.0,33.0,250.0,58.0,12.0,-10.0,-34.0,118.0,1019.0
37,4.0,33.0,249.0,56.0,13.0,-12.0,-33.0,120.0,1015.0
38,5.0,36.0,252.0,57.0,12.0,-10.0,-35.0,117.0,1018.0
39,6.0,36.0,250.0,57.0,12.0,-11.0,-32.0,122.0,1021.0
40,5.0,36.0,250.0,55.0,10.0,-10.0,-33.0,116.0,1018.0
41,7.0,34.0,250.0,54.0,11.0,-12.0,-31.0,117.0,1023.0
42,2.0,34.0,253.0,54.0,11.0,-10.0,-27.0,119.0,1023.0
43,5.0,37.0,247.0,55.0,11.0,-9.0,-35.0,119.0,1017.0
44,5.0,36.0,249.0,52.0,10.0,-10.0,-33.0,118.0,1015.0
45,3.0,38.0,249.0,51.0,11.0,-11.0,-35.0,117.0,1017.0
46,4.0,37.0,249.0,51.0,9.0,-10.0,-31.0,116.0,1016.0
47,7.0,34.0,252.0,49.0,10.0,-9.0,-31.0,114.0,1021.0
48,4.0,32.0,250.0,49.0,11.0,-10.0,-29.0,117.0,1022.0
49,5.0,36.0,249.0,50.0,10.0,-8.0,-33.0,119.0,1023.0
50,7.0,37.0,249.0,50.0,10.0,-10.0,-30.0,120.0,1020.0
51,2.0,37.0,246.0,49.0,10.0,-11.0,-31.0,119.0,1019.0
52,6.0,37.0,250.0,48.0,10.0,-9.0,-31.0,117.0,1016.0
53,4.0,36.0,248.0,48.0,10.0,-10.0,-32.0,117.0,1020.0
54,3.0,35.0,253.0,47.0,9.0,-10.0,-34.0,115.0,1016.0
55,7.0,33.0,246.0,48.0,10.0,-10.0,-33.0,117.0,1021.0
56,4.0,37.0,246.0,46.0,10.0,-10.0,-31.0,118.0,1022.0
57,9.0,35.0,249.0,45.0,9.0,-8.0,-30.0,119.0,1020.0
58,7.0,35.0,246.0,45.0,10.0,-10.0,-26.0,117.0,1018.0
59,8.0,35.0,253.0,44.0,10.0,-9.0,-25.0,114.0,1020.0
60,7.0,35.0,246.0,44.0,11.0,-10.0,-28.0,119.0,1016.0
61,6.0,36.0,251.0,43.0,11.0,-10.0,-25.0,119.0,1017.0
62,8.0,38.0,249.0,42.0,10.0,-9.0,-27.0,114.0,1015.0
63,4.0,37.0,248.0,42.0,11.0,-11.0,-33.0,114.0,1019.0
64,7.0,32.0,252.0,42.0,12.0,-11.0,-29.0,118.0,1024.0
65,7.0,35.0,248.0,41.0,12.0,-10.0,-27.0,119.0,1022.0
66,4.0,38.0,253.0,41.0,12.0,-12.0,-27.0,119.0,1016.0
67,4.0,36.0,246.0,39.0,13.0,-11.0,-28.0,117.0,1022.0
68,7.0,37.0,248.0,40.0,12.0,-11.0,-24.0,120.0,1020.0
69,8.0,35.0,252.0,40.0,12.0,-10.0,-27.0,117.0,1016.0
70,3.0,32.0,251.0,39.0,12.0,-9.0,-29.0,117.0,1021.0
71,2.0,39.0,250.0,38.0,11.0,-8.0,-27.0,115.0,1023.0
72,5.0,36.0,249.0,38.0,12.0,-11.0,-34.0,119.0,1025.0
73,5.0,37.0,247.0,38.0,11.0,-10.0,-32.0,118.0,1022.0
74,6.0,36.0,253.0,39.0,11.0,-10.0,-27.0,112.0,1019.0
75,6.0,37.0,249.0,39.0,11.0,-11.0,-32.0,117.0,1019.0
76,5.0,38.0,250.0,40.0,11.0,-10.0,-33.0,116.0,1020.0
77,7.0,35.0,253.0,38.0,12.0,-10.0,-27.0,114.0,1019.0
78,4.0,31.0,250.0,41.0,11.0,-10.0,-25.0,112.0,1021.0
79,9.0,32.0,249.0,41.0,12.0,-10.0,-28.0,112.0,1017.0
80,5.0,33.0,246.0,41.0,11.0,-11.0,-29.0,115.0,1017.0
81,5.0,34.0,247.0,40.0,11.0,-10.0,-32.0,120.0,1020.0
82,5.0,35.0,248.0,40.0,10.0,-9.0,-28.0,117.0,1020.0
83,4.0,36.0,249.0,38.0,9.0,-8.0,-30.0,119.0,1018.0
84,4.0,38.0,246.0,36.0,11.0,-10.0,-28.0,116.0,1018.0
85,5.0,37.0,249.0,35.0,10.0,-11.0,-29.0,114.0,1018.0
86,5.0,34.0,249.0,33.0,10.0,-10.0,-26.0,120.0,1020.0
87,4.0,37.0,249.0,32.0,9.0,-10.0,-34.0,115.0,1019.0
88,4.0,37.0,252.0,32.0,10.0,-11.0,-30.0,118.0,1017.0
89,2.0,36.0,253.0,30.0,10.0,-10.0,-31.0,119.0,1022.0
90,6.0,36.0,249.0,30.0,11.0,-10.0,-29.0,121.0,1022.0
91,5.0,38.0,253.0,29.0,11.0,-11.0,-27.0,115.0,1021.0
92,7.0,33.0,248.0,29.0,11.0,-10.0,-30.0,115.0,1015.0
93,7.0,35.0,251.0,26.0,11.0,-10.0,-33.0,110.0,1022.0
94,3.0,34.0,249.0,25.0,11.0,-10.0,-30.0,110.0,1020.0
95,3.0,34.0,249.0,25.0,10.0,-10.0,-28.0,113.0,1022.0
96,8.0,33.0,249.0,26.0,12.0,-10.0,-31.0,114.0,1021.0
97,6.0,38.0,251.0,26.0,11.0,-8.0,-33.0,109.0,1018.0
98,7.0,34.0,251.0,29.0,10.0,-9.0,-30.0,106.0,1022.0
99,5.0,35.0,247.0,32.0,10.0,-9.0,-34.0,114.0,1019.0
100,3.0,36.0,252.0,33.0,11.0,-11.0,-25.0,113.0,1024.0
101,4.0,34.0,250.0,34.0,14.0,-10.0,-27.0,106.0,1021.0
102,4.0,32.0,244.0,37.0,13.0,-12.0,-34.0,109.0,1018.0
103,4.0,37.0,243.0,36.0,15.0,-11.0,-30.0,112.0,1020.0
104,4.0,39.0,249.0,34.0,15.0,-10.0,-22.0,110.0,1018.0
105,5.0,37.0,251.0,31.0,14.0,-10.0,-27.0,108.0,1024.0
106,5.0,33.0,251.0,26.0,15.0,-9.0,-29.0,113.0,1024.0
107,6.0,38.0,251.0,23.0,14.0,-8.0,-25.0,109.0,1019.0
108,5.0,33.0,251.0,18.0,11.0,-9.0,-32.0,109.0,1021.0
109,6.0,32.0,250.0,16.0,9.0,-10.0,-31.0,117.0,1019.0
110,5.0,33.0,246.0,15.0,9.0,-9.0,-28.0,112.0,1021.0
111,7.0,35.0,250.0,16.0,7.0,-10.0,-33.0,117.0,1019.0
112,8.0,34.0,244.0,20.0,6.0,-9.0,-29.0,111.0,1021.0
113,7.0,30.0,243.0,22.0,6.0,-8.0,-27.0,111.0,1017.0
114,6.0,36.0,249.0,23.0,4.0,-7.0,-34.0,113.0,1021.0
115,3.0,35.0,248.0,28.0,5.0,-9.0,-33.0,118.0,1016.0
116,5.0,36.0,248.0,30.0,6.0,-9.0,-28.0,115.0,1017.0
117,4.0,39.0,250.0,29.0,7.0,-8.0,-32.0,114.0,1019.0
118,3.0,37.0,248.0,28.0,8.0,-9.0,-29.0,114.0,1016.0
119,5.0,37.0,249.0,25.0,8.0,-10.0,-31.0,118.0,1022.0
120,4.0,36.0,253.0,22.0,9.0,-10.0,-27.0,115.0,1020.0
121,3.0,35.0,252.0,18.0,9.0,-11.0,-32.0,115.0,1025.0
122,8.0,34.0,250.0,14.0,11.0,-11.0,-30.0,106.0,1023.0
123,6.0,34.0,247.0,10.0,12.0,-9.0,-30.0,101.0,1020.0
124,6.0,27.0,257.0,9.0,13.0,-10.0,-34.0,101.0,1028.0
125,4.0,32.0,243.0,6.0,15.0,-11.0,-29.0,98.0,1029.0
126,5.0,32.0,253.0,8.0,15.0,-11.0,-32.0,96.0,1027.0
127,5.0,31.0,253.0,8.0,16.0,-10.0,-28.0,94.0,1032.0
128,6.0,29.0,253.0,13.0,17.0,-12.0,-29.0,91.0,1033.0
129,5.0,33.0,253.0,20.0,18.0,-13.0,-31.0,89.0,1028.0
130,6.0,27.0,252.0,32.0,17.0,-14.0,-31.0,87.0,1022.0
131,3.0,32.0,246.0,44.0,16.0,-13.0,-33.0,92.0,1022.0
132,8.0,30.0,243.0,57.0,14.0,-12.0,-29.0,99.0,1014.0
133,7.0,26.0,250.0,69.0,13.0,-12.0,-27.0,95.0,1018.0
134,4.0,34.0,252.0,80.0,12.0,-14.0,-27.0,96.0,1018.0
135,4.0,32.0,238.0,91.0,10.0,-15.0,-23.0,105.0,1013.0
136,5.0,34.0,249.0,97.0,12.0,-15.0,-28.0,102.0,1012.0
137,4.0,33.0,246.0,100.0,14.0,-16.0,-29.0,108.0,1011.0
138,8.0,34.0,245.0,102.0,15.0,-13.0,-28.0,118.0,1011.0
139,5.0,38.0,248.0,100.0,17.0,-15.0,-24.0,119.0,1007.0
140,3.0,37.0,247.0,93.0,20.0,-16.0,-25.0,119.0,1006.0
141,5.0,36.0,248.0,82.0,21.0,-15.0,-30.0,127.0,1014.0
142,3.0,43.0,242.0,68.0,23.0,-13.0,-24.0,126.0,1011.0
143,6.0,40.0,249.0,55.0,22.0,-13.0,-36.0,124.0,1012.0
144,4.0,36.0,249.0,41.0,23.0,-13.0,-35.0,123.0,1016.0
145,4.0,39.0,249.0,27.0,19.0,-11.0,-35.0,120.0,1015.0
146,3.0,33.0,245.0,16.0,16.0,-8.0,-31.0,121.0,1017.0
147,4.0,38.0,250.0,9.0,14.0,-8.0,-33.0,116.0,1021.0
148,6.0,36.0,251.0,2.0,9.0,-7.0,-37.0,123.0,1019.0
149,4.0,37.0,250.0,-2.0,6.0,-5.0,-35.0,111.0,1019.0
150,3.0,37.0,250.0,-4.0,2.0,-6.0,-32.0,108.0,1026.0
151,6.0,34.0,248.0,-6.0,-2.0,-7.0,-31.0,106.0,1026.0
152,3.0,35.0,252.0,-6.0,-5.0,-6.0,-29.0,102.0,1029.0
153,4.0,33.0,249.0,-5.0,-5.0,-8.0,-34.0,102.0,1018.0
154,5.0,34.0,252.0,-6.0,-5.0,-6.0,-32.0,101.0,1024.0
155,5.0,31.0,249.0,-6.0,-5.0,-4.0,-30.0,103.0,1020.0
156,6.0,34.0,247.0,-8.0,-3.0,-5.0,-26.0,100.0,1020.0
157,5.0,33.0,255.0,-8.0,-2.0,-6.0,-28.0,99.0,1018.0
158,7.0,33.0,250.0,-9.0,0.0,-7.0,-30.0,97.0,1018.0
159,6.0,34.0,248.0,-10.0,2.0,-7.0,-30.0,98.0,1023.0
160,2.0,31.0,252.0,-11.0,4.0,-8.0,-33.0,99.0,1019.0
161,7.0,31.0,251.0,-10.0,5.0,-8.0,-28.0,103.0,1018.0
162,7.0,32.0,247.0,-8.0,5.0,-7.0,-26.0,98.0,1021.0
163,4.0,33.0,247.0,-9.0,4.0,-8.0,-29.0,97.0,1020.0
164,6.0,32.0,250.0,-10.0,5.0,-7.0,-28.0,96.0,1016.0
165,3.0,30.0,248.0,-10.0,6.0,-8.0,-22.0,98.0,1018.0
166,6.0,36.0,252.0,-8.0,8.0,-7.0,-30.0,102.0,1021.0
167,6.0,33.0,246.0,-7.0,8.0,-8.0,-25.0,99.0,1022.0
168,3.0,36.0,250.0,-4.0,8.0,-9.0,-30.0,97.0,1023.0
169,5.0,32.0,248.0,-2.0,8.0,-8.0,-27.0,97.0,1024.0
170,7.0,33.0,250.0,-1.0,7.0,-7.0,-24.0,92.0,1014.0
171,7.0,34.0,251.0,0.0,7.0,-7.0,-26.0,95.0,1024.0
172,5.0,31.0,247.0,1.0,5.0,-7.0,-27.0,96.0,1018.0
173,5.0,33.0,248.0,2.0,6.0,-6.0,-26.0,93.0,1016.0
174,7.0,28.0,251.0,3.0,7.0,-5.0,-29.0,93.0,1019.0
175,5.0,31.0,246.0,4.0,9.0,-4.0,-31.0,91.0,1021.0
176,9.0,28.0,253.0,4.0,8.0,-5.0,-25.0,94.0,1022.0
177,9.0,29.0,247.0,4.0,8.0,-3.0,-22.0,98.0,1026.0
178,7.0,32.0,250.0,1.0,9.0,-4.0,-22.0,101.0,1018.0
179,8.0,26.0,247.0,-3.0,12.0,-6.0,-19.0,97.0,1020.0
180,7.0,33.0,252.0,-8.0,16.0,-7.0,-14.0,103.0,1023.0
181,9.0,31.0,254.0,-13.0,20.0,-7.0,-18.0,102.0,1015.0
182,7.0,31.0,252.0,-18.0,23.0,-6.0,-26.0,102.0,1025.0
183,9.0,32.0,252.0,-22.0,25.0,-8.0,-23.0,103.0,1027.0
184,4.0,34.0,254.0,-27.0,24.0,-9.0,-31.0,106.0,1032.0
185,5.0,32.0,251.0,-30.0,26.0,-9.0,-27.0,104.0,1023.0
186,3.0,33.0,252.0,-32.0,25.0,-10.0,-34.0,98.0,1028.0
187,6.0,30.0,253.0,-34.0,24.0,-10.0,-25.0,97.0,1025.0
188,5.0,30.0,253.0,-34.0,22.0,-10.0,-27.0,95.0,1024.0
189,6.0,29.0,248.0,-31.0,21.0,-11.0,-29.0,90.0,1029.0
190,3.0,25.0,256.0,-29.0,20.0,-13.0,-32.0,88.0,1021.0
191,4.0,27.0,247.0,-25.0,19.0,-12.0,-36.0,84.0,1030.0
192,3.0,28.0,246.0,-18.0,18.0,-13.0,-31.0,82.0,1022.0
193,3.0,27.0,249.0,-11.0,16.0,-13.0,-31.0,83.0,1021.0
194,3.0,25.0,249.0,-5.0,18.0,-14.0,-38.0,86.0,1022.0
195,1.0,28.0,252.0,1.0,15.0,-13.0,-34.0,80.0,1019.0
196,4.0,29.0,249.0,6.0,15.0,-11.0,-35.0,88.0,1022.0
197,3.0,28.0,250.0,10.0,15.0,-12.0,-35.0,85.0,1022.0
198,2.0,30.0,250.0,13.0,13.0,-13.0,-32.0,88.0,1017.0
199,3.0,25.0,248.0,11.0,13.0,-14.0,-31.0,90.0,1018.0
200,5.0,32.0,247.0,11.0,12.0,-14.0,-29.0,95.0,1016.0
201,4.0,32.0,251.0,7.0,13.0,-14.0,-28.0,93.0,1023.0
202,2.0,28.0,251.0,3.0,12.0,-15.0,-38.0,94.0,1016.0
203,7.0,32.0,249.0,-1.0,10.0,-16.0,-30.0,92.0,1022.0
204,4.0,32.0,248.0,-5.0,11.0,-17.0,-31.0,95.0,1018.0
205,4.0,32.0,251.0,-10.0,10.0,-15.0,-31.0,95.0,1024.0
206,3.0,30.0,253.0,-13.0,10.0,-13.0,-33.0,98.0,1029.0
207,8.0,30.0,254.0,-17.0,8.0,-13.0,-30.0,93.0,1023.0
208,4.0,31.0,249.0,-18.0,7.0,-12.0,-30.0,90.0,1022.0
209,7.0,25.0,251.0,-21.0,5.0,-11.0,-25.0,86.0,1025.0
210,3.0,26.0,252.0,-23.0,2.0,-10.0,-34.0,86.0,1026.0
211,13.0,22.0,257.0,-22.0,0.0,-10.0,-31.0,83.0,1024.0
212,5.0,27.0,250.0,-20.0,-1.0,-7.0,-36.0,80.0,1021.0
213,4.0,25.0,250.0,-19.0,-2.0,-8.0,-29.0,82.0,1024.0
214,3.0,25.0,248.0,-14.0,-4.0,-6.0,-30.0,75.0,1024.0
215,3.0,26.0,249.0,-11.0,-4.0,-6.0,-33.0,80.0,1023.0
216,5.0,28.0,251.0,-6.0,-2.0,-6.0,-32.0,75.0,1024.0
217,6.0,26.0,247.0,-2.0,-2.0,-8.0,-26.0,80.0,1025.0
218,6.0,25.0,252.0,3.0,0.0,-6.0,-33.0,80.0,1024.0
219,8.0,25.0,249.0,7.0,1.0,-8.0,-32.0,77.0,1019.0
220,9.0,26.0,248.0,7.0,2.0,-6.0,-35.0,79.0,1021.0
221,7.0,28.0,246.0,11.0,4.0,-7.0,-29.0,79.0,1021.0
222,9.0,18.0,248.0,13.0,4.0,-6.0,-32.0,82.0,1017.0
223,3.0,24.0,250.0,16.0,5.0,-5.0,-29.0,82.0,1017.0
224,5.0,28.0,250.0,17.0,4.0,-6.0,-34.0,78.0,1016.0
225,2.0,29.0,248.0,20.0,5.0,-8.0,-26.0,81.0,1019.0
226,5.0,28.0,252.0,21.0,4.0,-7.0,-34.0,81.0,1012.0
227,7.0,26.0,246.0,21.0,4.0,-7.0,-35.0,84.0,1016.0
228,4.0,28.0,250.0,22.0,2.0,-7.0,-29.0,85.0,1019.0
229,8.0,26.0,250.0,23.0,2.0,-7.0,-29.0,87.0,1020.0
230,8.0,26.0,249.0,25.0,3.0,-7.0,-24.0,82.0,1018.0
231,6.0,24.0,246.0,26.0,0.0,-7.0,-25.0,84.0,1021.0
232,6.0,28.0,250.0,28.0,2.0,-9.0,-27.0,81.0,1018.0
233,5.0,29.0,249.0,29.0,3.0,-8.0,-26.0,80.0,1025.0
234,6.0,29.0,250.0,30.0,3.0,-6.0,-29.0,77.0,1022.0
235,4.0,28.0,252.0,31.0,4.0,-9.0,-24.0,75.0,1020.0
236,5.0,28.0,248.0,33.0,5.0,-8.0,-21.0,81.0,1019.0
237,7.0,23.0,251.0,36.0,5.0,-9.0,-26.0,76.0,1017.0
238,7.0,23.0,249.0,38.0,6.0,-8.0,-24.0,76.0,1018.0
239,7.0,26.0,251.0,43.0,6.0,-7.0,-22.0,77.0,1021.0
240,7.0,25.0,248.0,46.0,7.0,-10.0,-23.0,73.0,1019.0
241,8.0,27.0,248.0,49.0,8.0,-10.0,-20.0,77.0,1022.0
242,8.0,22.0,251.0,54.0,9.0,-9.0,-24.0,75.0,1023.0
243,11.0,26.0,254.0,58.0,10.0,-9.0,-27.0,76.0,1022.0
244,5.0,28.0,245.0,61.0,11.0,-10.0,-19.0,75.0,1020.0
245,4.0,27.0,250.0,64.0,11.0,-11.0,-26.0,79.0,1025.0
246,8.0,27.0,251.0,67.0,12.0,-10.0,-25.0,73.0,1017.0
247,6.0,30.0,248.0,71.0,12.0,-11.0,-21.0,74.0,1020.0
248,5.0,28.0,249.0,71.0,12.0,-10.0,-25.0,74.0,1021.0
249,7.0,27.0,249.0,72.0,13.0,-12.0,-28.0,78.0,1024.0
250,9.0,26.0,245.0,73.0,14.0,-13.0,-29.0,80.0,1024.0
251,10.0,29.0,250.0,72.0,15.0,-13.0,-23.0,80.0,1019.0
252,9.0,27.0,250.0,73.0,15.0,-13.0,-26.0,83.0,1020.0
253,6.0,28.0,251.0,71.0,14.0,-11.0,-28.0,75.0,1019.0
254,5.0,26.0,250.0,70.0,14.0,-12.0,-24.0,84.0,1020.0
255,2.0,23.0,249.0,70.0,15.0,-11.0,-25.0,78.0,1019.0
256,7.0,27.0,254.0,70.0,16.0,-11.0,-21.0,77.0,1023.0
257,9.0,27.0,249.0,71.0,15.0,-11.0,-23.0,83.0,1030.0
258,8.0,27.0,245.0,72.0,14.0,-11.0,-26.0,80.0,1020.0
259,7.0,27.0,249.0,74.0,15.0,-10.0,-29.0,75.0,1023.0
260,2.0,25.0,251.0,74.0,13.0,-12.0,-26.0,85.0,1024.0
261,2.0,28.0,251.0,75.0,14.0,-12.0,-28.0,82.0,1020.0
262,7.0,27.0,253.0,74.0,12.0,-11.0,-29.0,82.0,1019.0
263,8.0,26.0,249.0,74.0,10.0,-11.0,-32.0,82.0,1021.0
264,7.0,24.0,249.0,73.0,11.0,-10.0,-27.0,87.0,1017.0
265,5.0,28.0,248.0,71.0,9.0,-12.0,-30.0,81.0,1022.0
266,4.0,27.0,249.0,70.0,10.0,-10.0,-30.0,77.0,1022.0
267,4.0,27.0,251.0,67.0,8.0,-10.0,-27.0,85.0,1023.0
268,9.0,26.0,251.0,65.0,9.0,-11.0,-26.0,84.0,1028.0
269,5.0,27.0,250.0,65.0,9.0,-10.0,-27.0,87.0,1021.0
270,3.0,29.0,248.0,63.0,8.0,-11.0,-27.0,79.0,1024.0
271,4.0,27.0,248.0,65.0,10.0,-11.0,-31.0,84.0,1031.0
272,7.0,28.0,248.0,65.0,10.0,-11.0,-30.0,85.0,1023.0
273,5.0,28.0,250.0,66.0,10.0,-11.0,-27.0,82.0,1036.0
274,5.0,28.0,252.0,67.0,11.0,-11.0,-26.0,79.0,1021.0
275,6.0,29.0,244.0,67.0,11.0,-11.0,-29.0,79.0,1023.0
276,4.0,25.0,251.0,67.0,11.0,-10.0,-29.0,82.0,1016.0
277,7.0,29.0,246.0,66.0,11.0,-9.0,-27.0,78.0,1025.0
278,6.0,27.0,249.0,68.0,12.0,-9.0,-25.0,84.0,1023.0
279,6.0,26.0,253.0,69.0,12.0,-11.0,-25.0,81.0,1023.0
280,7.0,26.0,248.0,70.0,12.0,-11.0,-27.0,80.0,1023.0
281,6.0,28.0,249.0,72.0,14.0,-10.0,-27.0,78.0,1021.0
282,5.0,27.0,251.0,73.0,15.0,-9.0,-32.0,78.0,1021.0
283,4.0,28.0,248.0,76.0,16.0,-9.0,-27.0,80.0,1027.0
284,2.0,29.0,251.0,76.0,19.0,-7.0,-30.0,84.0,1018.0
285,4.0,26.0,251.0,74.0,18.0,-7.0,-25.0,84.0,1022.0
286,6.0,28.0,245.0,73.0,19.0,-7.0,-33.0,85.0,1024.0
287,4.0,28.0,251.0,70.0,17.0,-8.0,-29.0,85.0,1020.0
288,3.0,27.0,252.0,66.0,15.0,-8.0,-26.0,88.0,1022.0
289,4.0,26.0,250.0,62.0,14.0,-9.0,-26.0,89.0,1026.0
290,6.0,25.0,249.0,59.0,13.0,-8.0,-25.0,88.0,1026.0
291,5.0,30.0,254.0,58.0,10.0,-8.0,-25.0,84.0,1023.0
292,5.0,26.0,249.0,60.0,8.0,-8.0,-25.0,87.0,1027.0
293,6.0,27.0,253.0,64.0,7.0,-8.0,-25.0,84.0,1026.0
294,5.0,28.0,249.0,67.0,8.0,-8.0,-25.0,84.0,1019.0
295,7.0,24.0,250.0,72.0,6.0,-8.0,-33.0,83.0,1024.0
296,3.0,28.0,247.0,75.0,6.0,-9.0,-28.0,88.0,1023.0
297,6.0,27.0,249.0,77.0,8.0,-7.0,-29.0,87.0,1018.0
298,9.0,31.0,249.0,80.0,9.0,-8.0,-28.0,89.0,1020.0
299,7.0,26.0,245.0,82.0,8.0,-8.0,-33.0,88.0,1028.0
300,6.0,30.0,251.0,81.0,10.0,-8.0,-28.0,88.0,1024.0
301,4.0,29.0,251.0,82.0,11.0,-8.0,-24.0,85.0,1021.0
302,5.0,28.0,251.0,82.0,11.0,-9.0,-25.0,83.0,1019.0
303,5.0,29.0,250.0,81.0,12.0,-10.0,-25.0,83.0,1023.0
304,6.0,27.0,252.0,82.0,14.0,-11.0,-28.0,81.0,1022.0
305,6.0,28.0,250.0,80.0,16.0,-12.0,-27.0,80.0,1025.0
306,7.0,20.0,248.0,78.0,19.0,-12.0,-24.0,82.0,1032.0
307,8.0,23.0,255.0,78.0,19.0,-13.0,-26.0,82.0,1024.0
308,6.0,22.0,250.0,75.0,21.0,-13.0,-25.0,86.0,1029.0
309,5.0,25.0,252.0,74.0,22.0,-13.0,-24.0,80.0,1036.0
310,10.0,25.0,253.0,74.0,24.0,-13.0,-29.0,79.0,1031.0
311,5.0,27.0,251.0,78.0,25.0,-14.0,-26.0,79.0,1037.0
312,7.0,26.0,253.0,84.0,24.0,-15.0,-23.0,78.0,1029.0
313,7.0,26.0,252.0,93.0,23.0,-13.0,-24.0,76.0,1022.0
314,5.0,26.0,250.0,104.0,22.0,-13.0,-22.0,78.0,1027.0
315,8.0,25.0,252.0,116.0,23.0,-16.0,-29.0,81.0,1021.0
316,5.0,25.0,243.0,130.0,21.0,-17.0,-29.0,83.0,1022.0
317,5.0,27.0,251.0,140.0,21.0,-18.0,-25.0,83.0,1016.0
318,8.0,28.0,250.0,150.0,21.0,-17.0,-33.0,86.0,1016.0
319,8.0,30.0,250.0,158.0,22.0,-16.0,-30.0,84.0,1015.0
320,3.0,29.0,244.0,163.0,21.0,-16.0,-23.0,93.0,1018.0
321,4.0,33.0,246.0,165.0,23.0,-16.0,-25.0,96.0,1010.0
322,8.0,35.0,248.0,163.0,24.0,-15.0,-31.0,102.0,1011.0
323,7.0,33.0,249.0,157.0,24.0,-16.0,-28.0,105.0,1014.0
324,7.0,36.0,247.0,148.0,25.0,-14.0,-29.0,114.0,1013.0
325,3.0,34.0,249.0,137.0,25.0,-15.0,-31.0,110.0,1018.0
326,6.0,33.0,249.0,124.0,25.0,-13.0,-28.0,108.0,1014.0
327,3.0,35.0,252.0,113.0,23.0,-11.0,-29.0,106.0,1016.0
328,5.0,36.0,243.0,101.0,22.0,-11.0,-29.0,107.0,1018.0
329,2.0,34.0,249.0,93.0,20.0,-11.0,-26.0,105.0,1019.0
330,3.0,35.0,251.0,87.0,19.0,-8.0,-28.0,100.0,1023.0
331,6.0,35.0,248.0,81.0,20.0,-8.0,-34.0,104.0,1023.0
332,4.0,28.0,254.0,78.0,18.0,-7.0,-33.0,92.0,1025.0
333,6.0,30.0,249.0,75.0,18.0,-9.0,-31.0,94.0,1023.0
334,4.0,31.0,252.0,74.0,15.0,-9.0,-38.0,96.0,1027.0
335,3.0,30.0,249.0,75.0,12.0,-9.0,-33.0,93.0,1019.0
336,2.0,29.0,249.0,77.0,9.0,-9.0,-34.0,88.0,1028.0
337,3.0,28.0,249.0,78.0,5.0,-9.0,-35.0,89.0,1023.0
338,4.0,29.0,250.0,78.0,4.0,-9.0,-28.0,89.0,1026.0
339,8.0,27.0,246.0,79.0,4.0,-11.0,-31.0,90.0,1022.0
340,6.0,31.0,254.0,79.0,4.0,-10.0,-26.0,91.0,1022.0
341,4.0,27.0,249.0,79.0,5.0,-11.0,-31.0,95.0,1017.0
342,4.0,29.0,250.0,80.0,8.0,-10.0,-27.0,90.0,1020.0
343,6.0,33.0,251.0,77.0,10.0,-12.0,-27.0,98.0,1012.0
344,7.0,33.0,254.0,75.0,14.0,-10.0,-28.0,92.0,1021.0
345,5.0,32.0,249.0,75.0,14.0,-9.0,-26.0,100.0,1019.0
346,6.0,31.0,251.0,73.0,15.0,-6.0,-28.0,91.0,1022.0
347,4.0,30.0,248.0,73.0,15.0,-9.0,-32.0,94.0,1020.0
348,7.0,30.0,247.0,72.0,15.0,-8.0,-30.0,96.0,1022.0
349,6.0,32.0,251.0,73.0,16.0,-8.0,-26.0,95.0,1019.0
350,7.0,30.0,246.0,74.0,16.0,-8.0,-24.0,96.0,1018.0
351,9.0,31.0,249.0,76.0,14.0,-10.0,-29.0,96.0,1016.0
352,7.0,27.0,253.0,80.0,13.0,-9.0,-26.0,97.0,1019.0
353,6.0,32.0,250.0,83.0,13.0,-9.0,-24.0,98.0,1015.0
354,8.0,30.0,249.0,87.0,12.0,-9.0,-26.0,99.0,1016.0
355,6.0,33.0,247.0,90.0,10.0,-7.0,-27.0,97.0,1018.0
356,4.0,31.0,253.0,94.0,9.0,-8.0,-32.0,95.0,1012.0
357,7.0,30.0,247.0,96.0,7.0,-9.0,-27.0,98.0,1014.0
358,4.0,33.0,250.0,100.0,6.0,-10.0,-29.0,96.0,1016.0
359,7.0,33.0,249.0,104.0,7.0,-10.0,-35.0,101.0,1018.0
360,4.0,35.0,247.0,105.0,8.0,-9.0,-33.0,102.0,1027.0
361,7.0,30.0,250.0,104.0,9.0,-10.0,-31.0,102.0,1016.0
362,4.0,33.0,242.0,103.0,11.0,-10.0,-29.0,108.0,1023.0
363,6.0,34.0,250.0,101.0,12.0,-10.0,-24.0,106.0,1021.0
364,3.0,30.0,252.0,98.0,14.0,-9.0,-32.0,108.0,1027.0
365,4.0,34.0,250.0,95.0,16.0,-11.0,-26.0,109.0,1021.0
366,3.0,34.0,248.0,90.0,18.0,-10.0,-31.0,108.0,1025.0
367,5.0,36.0,248.0,87.0,20.0,-10.0,-27.0,105.0,1024.0
368,2.0,35.0,252.0,84.0,19.0,-12.0,-31.0,106.0,1026.0
369,8.0,35.0,252.0,80.0,18.0,-10.0,-35.0,103.0,1023.0
370,7.0,31.0,254.0,78.0,16.0,-10.0,-33.0,107.0,1025.0
371,7.0,31.0,252.0,76.0,16.0,-12.0,-32.0,103.0,1024.0
372,6.0,31.0,251.0,76.0,15.0,-11.0,-30.0,99.0,1024.0
373,4.0,30.0,251.0,79.0,14.0,-11.0,-29.0,96.0,1023.0
374,3.0,34.0,249.0,84.0,13.0,-10.0,-28.0,96.0,1021.0
375,5.0,25.0,242.0,90.0,14.0,-10.0,-22.0,95.0,1023.0
376,4.0,32.0,249.0,97.0,12.0,-12.0,-30.0,99.0,1019.0
377,5.0,32.0,247.0,103.0,14.0,-11.0,-29.0,98.0,1022.0
378,5.0,32.0,250.0,110.0,16.0,-11.0,-33.0,102.0,1018.0
379,6.0,30.0,251.0,115.0,18.0,-13.0,-30.0,106.0,1014.0
380,8.0,31.0,248.0,119.0,20.0,-14.0,-28.0,105.0,1023.0
381,4.0,35.0,252.0,122.0,21.0,-14.0,-33.0,104.0,1013.0
382,6.0,36.0,250.0,122.0,23.0,-14.0,-30.0,113.0,1016.0
383,3.0,35.0,243.0,118.0,25.0,-15.0,-25.0,114.0,1018.0
384,2.0,37.0,251.0,117.0,24.0,-14.0,-26.0,113.0,1019.0
385,5.0,34.0,248.0,113.0,25.0,-15.0,-26.0,116.0,1020.0
386,13.0,32.0,256.0,109.0,25.0,-14.0,-30.0,121.0,1014.0
387,5.0,37.0,247.0,106.0,24.0,-14.0,-32.0,119.0,1017.0
388,4.0,34.0,250.0,103.0,22.0,-12.0,-31.0,111.0,1019.0
389,5.0,32.0,253.0,100.0,21.0,-12.0,-32.0,115.0,1017.0
390,6.0,34.0,250.0,101.0,18.0,-12.0,-29.0,107.0,1015.0
391,8.0,34.0,250.0,100.0,18.0,-10.0,-36.0,105.0,1016.0
392,7.0,32.0,250.0,101.0,15.0,-11.0,-30.0,107.0,1021.0
393,4.0,32.0,251.0,103.0,14.0,-11.0,-27.0,109.0,1023.0
394,3.0,33.0,252.0,106.0,13.0,-11.0,-35.0,109.0,1024.0
395,7.0,31.0,251.0,108.0,13.0,-10.0,-31.0,98.0,1020.0
396,4.0,29.0,253.0,110.0,12.0,-10.0,-23.0,102.0,1014.0
397,8.0,28.0,252.0,112.0,15.0,-11.0,-32.0,103.0,1021.0
398,5.0,31.0,246.0,114.0,15.0,-12.0,-31.0,111.0,1016.0
399,8.0,33.0,249.0,116.0,16.0,-11.0,-26.0,104.0,1019.0
400,5.0,37.0,247.0,118.0,16.0,-9.0,-30.0,105.0,1016.0
401,3.0,36.0,250.0,119.0,17.0,-11.0,-35.0,112.0,1020.0
402,5.0,34.0,246.0,119.0,18.0,-11.0,-32.0,115.0,1017.0
403,5.0,35.0,251.0,119.0,19.0,-12.0,-26.0,115.0,1018.0
404,6.0,36.0,248.0,118.0,19.0,-12.0,-29.0,118.0,1014.0
405,8.0,34.0,249.0,116.0,19.0,-12.0,-27.0,118.0,1016.0
406,4.0,37.0,252.0,114.0,19.0,-13.0,-30.0,123.0,1020.0
407,8.0,34.0,250.0,112.0,17.0,-11.0,-30.0,123.0,1019.0
408,6.0,34.0,250.0,110.0,17.0,-11.0,-30.0,125.0,1019.0
409,5.0,37.0,252.0,109.0,16.0,-10.0,-31.0,123.0,1016.0
410,7.0,35.0,249.0,106.0,17.0,-10.0,-29.0,122.0,1024.0
411,7.0,34.0,248.0,102.0,16.0,-9.0,-29.0,120.0,1016.0
412,6.0,37.0,252.0,99.0,16.0,-11.0,-31.0,120.0,1018.0
413,7.0,39.0,247.0,97.0,16.0,-10.0,-30.0,119.0,1023.0
414,6.0,35.0,244.0,94.0,15.0,-10.0,-26.0,123.0,1021.0
415,8.0,35.0,252.0,93.0,15.0,-11.0,-30.0,119.0,1021.0
416,5.0,38.0,252.0,93.0,16.0,-10.0,-26.0,119.0,1020.0
417,4.0,37.0,248.0,90.0,15.0,-11.0,-28.0,119.0,1015.0
418,7.0,43.0,248.0,90.0,15.0,-12.0,-32.0,118.0,1021.0
419,6.0,35.0,247.0,87.0,15.0,-11.0,-25.0,121.0,1019.0
420,7.0,36.0,251.0,88.0,14.0,-11.0,-24.0,122.0,1019.0
421,3.0,37.0,249.0,89.0,15.0,-11.0,-26.0,118.0,1024.0
422,8.0,36.0,245.0,90.0,15.0,-11.0,-29.0,120.0,1020.0
423,6.0,37.0,248.0,89.0,12.0,-11.0,-29.0,123.0,1021.0
424,5.0,38.0,248.0,89.0,11.0,-12.0,-31.0,123.0,1017.0
425,4.0,36.0,249.0,90.0,11.0,-11.0,-30.0,119.0,1017.0
426,3.0,40.0,251.0,90.0,11.0,-10.0,-26.0,124.0,1014.0
427,5.0,37.0,249.0,89.0,10.0,-12.0,-30.0,123.0,1017.0
428,7.0,35.0,247.0,89.0,9.0,-12.0,-28.0,124.0,1018.0
429,3.0,34.0,241.0,88.0,9.0,-12.0,-31.0,122.0,1021.0
430,5.0,38.0,247.0,86.0,8.0,-11.0,-32.0,122.0,1016.0
431,4.0,34.0,247.0,86.0,9.0,-11.0,-39.0,120.0,1020.0
432,3.0,38.0,247.0,85.0,8.0,-14.0,-28.0,123.0,1015.0
433,5.0,39.0,246.0,86.0,7.0,-12.0,-28.0,120.0,1022.0
434,4.0,38.0,252.0,86.0,6.0,-13.0,-33.0,118.0,1015.0
435,4.0,37.0,249.0,86.0,5.0,-12.0,-29.0,120.0,1018.0
436,4.0,36.0,252.0,86.0,6.0,-15.0,-24.0,113.0,1016.0
437,7.0,35.0,250.0,87.0,7.0,-16.0,-28.0,122.0,1017.0
438,4.0,40.0,246.0,89.0,8.0,-15.0,-32.0,120.0,1013.0
439,6.0,35.0,249.0,89.0,9.0,-14.0,-24.0,122.0,1021.0
440,1.0,42.0,245.0,87.0,10.0,-14.0,-31.0,127.0,1018.0
441,6.0,38.0,250.0,87.0,12.0,-15.0,-26.0,123.0,1024.0
442,8.0,37.0,249.0,89.0,13.0,-14.0,-21.0,119.0,1025.0
443,6.0,36.0,251.0,91.0,16.0,-15.0,-31.0,122.0,1019.0
444,6.0,36.0,246.0,92.0,16.0,-13.0,-23.0,118.0,1019.0
445,6.0,37.0,252.0,93.0,16.0,-13.0,-27.0,122.0,1017.0
446,3.0,39.0,246.0,92.0,16.0,-13.0,-24.0,123.0,1018.0
447,6.0,40.0,250.0,90.0,16.0,-14.0,-31.0,127.0,1016.0
448,3.0,39.0,249.0,87.0,15.0,-14.0,-32.0,129.0,1016.0
449,2.0,42.0,252.0,84.0,14.0,-14.0,-28.0,134.0,1015.0
450,4.0,40.0,248.0,80.0,14.0,-13.0,-34.0,134.0,1016.0
451,1.0,42.0,250.0,74.0,12.0,-11.0,-34.0,134.0,1018.0
452,5.0,41.0,248.0,69.0,10.0,-14.0,-31.0,131.0,1022.0
453,7.0,41.0,246.0,65.0,8.0,-13.0,-25.0,135.0,1019.0
454,4.0,42.0,251.0,62.0,6.0,-13.0,-28.0,135.0,1018.0
455,5.0,41.0,249.0,62.0,4.0,-14.0,-33.0,132.0,1021.0
456,7.0,40.0,246.0,61.0,4.0,-15.0,-32.0,134.0,1021.0
457,5.0,39.0,249.0,59.0,5.0,-16.0,-29.0,130.0,1018.0
458,8.0,36.0,248.0,59.0,4.0,-14.0,-30.0,129.0,1017.0
459,5.0,41.0,249.0,58.0,3.0,-14.0,-31.0,125.0,1021.0
460,4.0,40.0,249.0,57.0,4.0,-14.0,-35.0,126.0,1016.0
461,5.0,42.0,244.0,59.0,4.0,-15.0,-35.0,124.0,1019.0
462,-1.0,40.0,249.0,59.0,4.0,-14.0,-32.0,125.0,1021.0
463,4.0,39.0,249.0,60.0,5.0,-13.0,-32.0,122.0,1021.0
464,6.0,39.0,250.0,60.0,5.0,-14.0,-37.0,129.0,1017.0
465,3.0,37.0,251.0,59.0,6.0,-15.0,-36.0,125.0,1020.0
466,6.0,39.0,250.0,57.0,9.0,-15.0,-32.0,118.0,1020.0
467,3.0,40.0,248.0,55.0,13.0,-15.0,-36.0,123.0,1035.0
468,7.0,38.0,252.0,50.0,20.0,-15.0,-33.0,122.0,1037.0
469,3.0,33.0,254.0,45.0,29.0,-15.0,-35.0,121.0,1038.0
470,3.0,34.0,254.0,43.0,36.0,-14.0,-38.0,117.0,1033.0
471,6.0,37.0,254.0,48.0,42.0,-14.0,-36.0,117.0,1040.0
472,4.0,34.0,253.0,55.0,49.0,-16.0,-36.0,111.0,1043.0
473,5.0,30.0,256.0,63.0,58.0,-16.0,-36.0,115.0,1037.0
474,2.0,35.0,250.0,73.0,70.0,-18.0,-30.0,115.0,1039.0
475,6.0,36.0,256.0,87.0,79.0,-19.0,-35.0,118.0,1041.0
476,7.0,32.0,254.0,105.0,88.0,-23.0,-33.0,111.0,1043.0
477,7.0,34.0,255.0,120.0,95.0,-26.0,-26.0,120.0,1040.0
478,7.0,36.0,255.0,121.0,102.0,-29.0,-28.0,120.0,1045.0
479,5.0,39.0,256.0,115.0,110.0,-33.0,-24.0,117.0,1061.0
480,4.0,36.0,262.0,112.0,116.0,-36.0,-29.0,115.0,1080.0
481,8.0,32.0,263.0,116.0,119.0,-40.0,-26.0,108.0,1096.0
482,7.0,34.0,267.0,125.0,122.0,-43.0,-19.0,104.0,1103.0
483,10.0,32.0,264.0,130.0,127.0,-50.0,-17.0,103.0,1100.0
484,8.0,33.0,266.0,126.0,127.0,-52.0,-18.0,108.0,1086.0
485,8.0,39.0,262.0,114.0,121.0,-52.0,-17.0,119.0,1067.0
486,7.0,38.0,255.0,99.0,107.0,-50.0,-20.0,130.0,1052.0
487,3.0,46.0,249.0,81.0,82.0,-40.0,-24.0,140.0,1032.0
488,3.0,46.0,247.0,46.0,51.0,-25.0,-33.0,150.0,1010.0
489,0.0,50.0,242.0,-1.0,16.0,-13.0,-39.0,159.0,1001.0
490,0.0,52.0,244.0,-53.0,-24.0,-3.0,-50.0,165.0,993.0
491,0.0,49.0,246.0,-104.0,-59.0,0.0,-53.0,163.0,1001.0
492,0.0,50.0,247.0,-142.0,-84.0,-3.0,-51.0,158.0,1016.0
493,3.0,42.0,247.0,-161.0,-96.0,-5.0,-43.0,146.0,1011.0
494,5.0,38.0,251.0,-152.0,-96.0,-11.0,-36.0,124.0,1012.0
495,4.0,30.0,245.0,-111.0,-86.0,-17.0,-24.0,117.0,1014.0
496,7.0,33.0,241.0,-48.0,-67.0,-27.0,-21.0,109.0,995.0
497,13.0,30.0,243.0,28.0,-39.0,-38.0,-9.0,109.0,992.0
498,16.0,34.0,240.0,101.0,2.0,-47.0,-1.0,110.0,997.0
499,14.0,35.0,243.0,165.0,47.0,-57.0,1.0,122.0,995.0
500,16.0,39.0,239.0,207.0,93.0,-68.0,2.0,118.0,990.0
501,17.0,38.0,239.0,224.0,133.0,-76.0,3.0,130.0,985.0
502,12.0,43.0,243.0,219.0,164.0,-83.0,-3.0,136.0,990.0
503,12.0,46.0,240.0,191.0,183.0,-92.0,-8.0,142.0,985.0
504,10.0,46.0,239.0,146.0,191.0,-95.0,-10.0,146.0,987.0
505,6.0,47.0,245.0,91.0,187.0,-98.0,-17.0,151.0,992.0
506,7.0,44.0,237.0,36.0,173.0,-95.0,-15.0,150.0,1011.0
507,6.0,43.0,254.0,-10.0,160.0,-95.0,-19.0,135.0,1031.0
508,8.0,35.0,254.0,-32.0,146.0,-93.0,-18.0,131.0,1046.0
509,7.0,34.0,255.0,-33.0,135.0,-92.0,-20.0,118.0,1046.0
510,10.0,33.0,254.0,-16.0,125.0,-91.0,-19.0,106.0,1036.0
511,5.0,35.0,251.0,8.0,118.0,-90.0,-17.0,109.0,1030.0
512,7.0,34.0,250.0,33.0,112.0,-92.0,-21.0,104.0,1019.0
513,9.0,31.0,247.0,52.0,106.0,-89.0,-20.0,106.0,1014.0
514,5.0,36.0,244.0,64.0,96.0,-86.0,-26.0,108.0,1006.0
515,3.0,38.0,244.0,66.0,81.0,-85.0,-26.0,103.0,999.0
516,4.0,31.0,239.0,61.0,62.0,-77.0,-28.0,103.0,1004.0
517,1.0,37.0,243.0,53.0,43.0,-73.0,-28.0,106.0,1004.0
518,3.0,35.0,244.0,45.0,27.0,-72.0,-25.0,102.0,1005.0
519,9.0,32.0,250.0,42.0,23.0,-76.0,-31.0,108.0,1014.0
520,8.0,33.0,251.0,42.0,30.0,-75.0,-30.0,102.0,1023.0
521,9.0,32.0,250.0,46.0,44.0,-77.0,-19.0,103.0,1027.0
522,8.0,29.0,249.0,56.0,59.0,-80.0,-23.0,101.0,1028.0
523,8.0,32.0,248.0,65.0,71.0,-81.0,-16.0,97.0,1023.0
524,8.0,31.0,248.0,67.0,80.0,-83.0,-21.0,101.0,1016.0
525,6.0,33.0,247.0,63.0,90.0,-84.0,-18.0,104.0,1012.0
526,7.0,36.0,252.0,54.0,100.0,-87.0,-23.0,117.0,1022.0
527,13.0,35.0,255.0,41.0,116.0,-87.0,-26.0,113.0,1025.0
528,6.0,35.0,252.0,24.0,131.0,-88.0,-22.0,109.0,1037.0
529,4.0,32.0,254.0,7.0,146.0,-90.0,-26.0,104.0,1037.0
530,7.0,33.0,254.0,-9.0,156.0,-93.0,-27.0,99.0,1040.0
531,4.0,33.0,257.0,-18.0,161.0,-93.0,-41.0,97.0,1044.0
532,2.0,33.0,257.0,-20.0,159.0,-91.0,-43.0,100.0,1047.0
533,0.0,31.0,256.0,-18.0,151.0,-84.0,-53.0,104.0,1045.0
534,-1.0,31.0,252.0,-20.0,138.0,-81.0,-62.0,114.0,1046.0
535,1.0,32.0,255.0,-28.0,121.0,-77.0,-68.0,118.0,1049.0
536,-7.0,40.0,260.0,-38.0,105.0,-75.0,-70.0,121.0,1052.0
537,-2.0,36.0,259.0,-44.0,93.0,-75.0,-75.0,118.0,1057.0
538,-4.0,34.0,254.0,-42.0,88.0,-79.0,-75.0,108.0,1050.0
539,-5.0,30.0,252.0,-31.0,86.0,-85.0,-70.0,89.0,1038.0
540,-3.0,26.0,253.0,-17.0,90.0,-91.0,-79.0,85.0,1019.0
541,-3.0,23.0,244.0,2.0,99.0,-99.0,-82.0,75.0,1010.0
542,-6.0,22.0,246.0,26.0,112.0,-107.0,-84.0,68.0,1009.0
543,-7.0,21.0,248.0,57.0,128.0,-113.0,-93.0,70.0,1011.0
544,-12.0,22.0,246.0,90.0,145.0,-120.0,-98.0,69.0,1009.0
545,-15.0,28.0,245.0,114.0,161.0,-117.0,-112.0,78.0,1009.0
546,-17.0,30.0,246.0,130.0,176.0,-115.0,-128.0,91.0,1015.0
547,-20.0,36.0,252.0,135.0,181.0,-110.0,-144.0,115.0,1027.0
548,-24.0,43.0,257.0,129.0,170.0,-100.0,-162.0,138.0,1051.0
549,-29.0,39.0,255.0,115.0,141.0,-85.0,-171.0,148.0,1049.0
550,-34.0,48.0,256.0,92.0,101.0,-71.0,-174.0,152.0,1045.0
551,-33.0,46.0,255.0,67.0,54.0,-53.0,-179.0,145.0,1038.0
552,-29.0,43.0,252.0,46.0,5.0,-39.0,-170.0,137.0,1033.0
553,-27.0,37.0,252.0,35.0,-35.0,-30.0,-166.0,124.0,1020.0
554,-20.0,33.0,251.0,39.0,-56.0,-26.0,-145.0,118.0,1012.0
555,-17.0,34.0,241.0,51.0,-59.0,-29.0,-129.0,104.0,1002.0
556,-17.0,36.0,242.0,63.0,-52.0,-34.0,-114.0,102.0,990.0
557,-9.0,31.0,240.0,71.0,-36.0,-44.0,-104.0,110.0,989.0
558,-5.0,36.0,245.0,73.0,-22.0,-52.0,-95.0,107.0,992.0
559,-10.0,35.0,245.0,74.0,-12.0,-60.0,-93.0,119.0,1000.0
560,-3.0,40.0,245.0,75.0,-7.0,-64.0,-83.0,116.0,1011.0
561,-1.0,35.0,250.0,79.0,6.0,-63.0,-69.0,113.0,1014.0
562,0.0,35.0,247.0,84.0,26.0,-66.0,-55.0,116.0,1012.0
563,4.0,36.0,244.0,92.0,49.0,-70.0,-44.0,117.0,1012.0
564,1.0,37.0,246.0,100.0,68.0,-76.0,-45.0,117.0,1007.0
565,3.0,38.0,246.0,112.0,85.0,-86.0,-40.0,121.0,1011.0
566,3.0,35.0,246.0,127.0,101.0,-97.0,-36.0,125.0,1010.0
567,1.0,39.0,248.0,142.0,114.0,-106.0,-36.0,124.0,1018.0
568,3.0,40.0,249.0,154.0,124.0,-113.0,-39.0,132.0,1028.0
569,1.0,43.0,250.0,159.0,129.0,-116.0,-50.0,136.0,1027.0
570,0.0,49.0,249.0,156.0,119.0,-118.0,-51.0,139.0,1010.0
571,4.0,44.0,244.0,152.0,92.0,-122.0,-52.0,153.0,991.0
572,1.0,48.0,241.0,144.0,59.0,-125.0,-51.0,161.0,983.0
573,2.0,52.0,243.0,131.0,33.0,-129.0,-54.0,178.0,991.0
574,-2.0,55.0,248.0,119.0,30.0,-139.0,-66.0,177.0,1006.0
575,-4.0,51.0,254.0,118.0,54.0,-145.0,-79.0,173.0,1025.0
576,-8.0,52.0,252.0,121.0,86.0,-149.0,-89.0,162.0,1040.0
577,-9.0,44.0,257.0,127.0,108.0,-152.0,-91.0,156.0,1046.0
578,-8.0,40.0,255.0,133.0,108.0,-160.0,-103.0,148.0,1051.0
579,-11.0,39.0,250.0,136.0,97.0,-169.0,-105.0,139.0,1028.0
580,-10.0,37.0,243.0,133.0,90.0,-175.0,-98.0,123.0,1001.0
581,-13.0,37.0,237.0,127.0,96.0,-182.0,-101.0,111.0,974.0
582,-21.0,32.0,232.0,122.0,109.0,-190.0,-103.0,103.0,955.0
583,-16.0,35.0,235.0,122.0,121.0,-199.0,-119.0,102.0,955.0
584,-17.0,35.0,237.0,128.0,122.0,-203.0,-119.0,115.0,979.0
585,-14.0,36.0,244.0,138.0,111.0,-204.0,-117.0,118.0,1005.0
586,-13.0,41.0,246.0,150.0,93.0,-202.0,-108.0,128.0,1006.0
587,-10.0,46.0,250.0,148.0,71.0,-204.0,-109.0,143.0,1018.0
588,-12.0,51.0,257.0,132.0,51.0,-207.0,-108.0,151.0,1040.0
589,-10.0,48.0,262.0,115.0,33.0,-214.0,-102.0,160.0,1057.0
590,-9.0,48.0,257.0,101.0,21.0,-218.0,-99.0,153.0,1043.0
591,-8.0,45.0,253.0,87.0,3.0,-222.0,-90.0,148.0,1023.0
592,-5.0,44.0,246.0,70.0,-23.0,-229.0,-70.0,143.0,1009.0
593,0.0,38.0,242.0,51.0,-46.0,-236.0,-77.0,136.0,998.0
594,2.0,38.0,244.0,42.0,-52.0,-244.0,-48.0,129.0,998.0
595,4.0,39.0,237.0,41.0,-42.0,-253.0,-23.0,128.0,988.0
596,10.0,35.0,241.0,48.0,-24.0,-263.0,-20.0,126.0,998.0
597,10.0,39.0,250.0,54.0,-3.0,-271.0,-14.0,124.0,1032.0
598,15.0,35.0,254.0,58.0,23.0,-272.0,1.0,120.0,1056.0
599,16.0,31.0,258.0,64.0,48.0,-273.0,14.0,105.0,1060.0
600,17.0,30.0,256.0,66.0,56.0,-273.0,21.0,96.0,1051.0
601,18.0,30.0,252.0,62.0,36.0,-271.0,19.0,89.0,1042.0
602,17.0,27.0,250.0,56.0,5.0,-267.0,18.0,88.0,1026.0
603,21.0,28.0,245.0,54.0,-16.0,-265.0,24.0,87.0,1012.0
604,22.0,24.0,245.0,55.0,-14.0,-270.0,22.0,90.0,1013.0
605,19.0,31.0,250.0,59.0,12.0,-283.0,20.0,96.0,1029.0
606,19.0,35.0,254.0,58.0,57.0,-297.0,11.0,102.0,1036.0
607,17.0,36.0,255.0,56.0,100.0,-306.0,7.0,115.0,1036.0
608,16.0,35.0,250.0,49.0,120.0,-314.0,9.0,121.0,1029.0
609,18.0,43.0,249.0,32.0,123.0,-323.0,14.0,126.0,1014.0
610,22.0,43.0,240.0,15.0,130.0,-334.0,29.0,134.0,992.0
611,21.0,45.0,235.0,-1.0,151.0,-357.0,38.0,144.0,983.0
612,22.0,49.0,243.0,-11.0,185.0,-381.0,31.0,154.0,994.0
613,22.0,43.0,244.0,-8.0,222.0,-407.0,28.0,148.0,989.0
614,24.0,45.0,245.0,12.0,248.0,-430.0,26.0,147.0,1001.0
615,18.0,47.0,238.0,37.0,271.0,-453.0,18.0,139.0,1000.0
616,23.0,42.0,248.0,59.0,296.0,-478.0,24.0,146.0,1006.0
617,21.0,45.0,245.0,68.0,312.0,-504.0,33.0,144.0,990.0
618,23.0,45.0,241.0,63.0,305.0,-528.0,32.0,143.0,986.0
619,23.0,42.0,232.0,47.0,294.0,-555.0,37.0,146.0,976.0
620,26.0,43.0,230.0,31.0,307.0,-585.0,47.0,147.0,941.0
621,28.0,47.0,224.0,20.0,345.0,-618.0,60.0,151.0,916.0
622,32.0,47.0,229.0,24.0,389.0,-642.0,76.0,162.0,915.0
623,35.0,51.0,230.0,41.0,431.0,-661.0,75.0,179.0,944.0
624,31.0,56.0,242.0,64.0,473.0,-663.0,66.0,193.0,987.0
625,23.0,65.0,258.0,89.0,498.0,-645.0,42.0,205.0,1053.0
626,13.0,60.0,270.0,118.0,482.0,-610.0,11.0,197.0,1098.0
627,8.0,55.0,266.0,141.0,426.0,-565.0,-18.0,179.0,1102.0
628,1.0,49.0,261.0,149.0,367.0,-527.0,-62.0,158.0,1078.0
629,-18.0,38.0,255.0,147.0,330.0,-495.0,-126.0,125.0,1036.0
630,-30.0,27.0,243.0,143.0,319.0,-471.0,-173.0,88.0,1005.0
631,-37.0,17.0,236.0,163.0,332.0,-450.0,-207.0,56.0,969.0
632,-52.0,15.0,235.0,209.0,355.0,-436.0,-245.0,39.0,954.0
633,-56.0,19.0,241.0,265.0,373.0,-428.0,-277.0,42.0,989.0
634,-60.0,21.0,247.0,313.0,386.0,-425.0,-294.0,63.0,1012.0
635,-60.0,26.0,251.0,346.0,395.0,-427.0,-295.0,86.0,1032.0
636,-65.0,36.0,257.0,347.0,395.0,-426.0,-305.0,109.0,1055.0
637,-61.0,43.0,258.0,321.0,379.0,-421.0,-302.0,131.0,1054.0
638,-54.0,51.0,260.0,274.0,343.0,-411.0,-263.0,165.0,1050.0
639,-52.0,60.0,252.0,215.0,310.0,-410.0,-266.0,196.0,1037.0
640,-55.0,64.0,249.0,168.0,284.0,-415.0,-257.0,226.0,1022.0
641,-56.0,74.0,239.0,136.0,270.0,-416.0,-265.0,250.0,987.0
642,-52.0,77.0,235.0,121.0,259.0,-411.0,-258.0,281.0,958.0
643,-45.0,82.0,227.0,112.0,242.0,-397.0,-238.0,308.0,933.0
644,-51.0,89.0,231.0,103.0,233.0,-390.0,-261.0,334.0,954.0
645,-63.0,93.0,232.0,88.0,237.0,-378.0,-308.0,337.0,955.0
646,-68.0,93.0,242.0,72.0,235.0,-349.0,-335.0,329.0,959.0
647,-82.0,88.0,236.0,48.0,219.0,-315.0,-371.0,329.0,955.0
648,-84.0,88.0,230.0,11.0,187.0,-274.0,-392.0,316.0,958.0
649,-88.0,85.0,233.0,-34.0,160.0,-237.0,-405.0,301.0,945.0
650,-86.0,76.0,231.0,-78.0,148.0,-207.0,-401.0,286.0,938.0
651,-81.0,72.0,234.0,-99.0,145.0,-184.0,-397.0,268.0,956.0
652,-78.0,66.0,228.0,-87.0,156.0,-171.0,-375.0,244.0,930.0
653,-81.0,59.0,219.0,-56.0,180.0,-163.0,-378.0,204.0,891.0
654,-75.0,49.0,222.0,-31.0,209.0,-147.0,-358.0,161.0,896.0
655,-69.0,45.0,219.0,-26.0,241.0,-136.0,-355.0,143.0,916.0
656,-80.0,40.0,238.0,-39.0,259.0,-139.0,-361.0,136.0,955.0
657,-79.0,42.0,249.0,-56.0,260.0,-146.0,-378.0,134.0,1004.0
658,-81.0,36.0,257.0,-63.0,252.0,-149.0,-406.0,121.0,1013.0
659,-91.0,31.0,244.0,-60.0,231.0,-149.0,-417.0,98.0,996.0
660,-91.0,26.0,242.0,-55.0,202.0,-139.0,-409.0,85.0,988.0
661,-85.0,25.0,235.0,-42.0,175.0,-128.0,-381.0,69.0,968.0
662,-79.0,18.0,230.0,-24.0,150.0,-120.0,-352.0,59.0,938.0
663,-68.0,19.0,226.0,0.0,140.0,-120.0,-327.0,59.0,923.0
664,-63.0,20.0,228.0,26.0,143.0,-121.0,-313.0,53.0,941.0
665,-66.0,20.0,225.0,56.0,157.0,-117.0,-304.0,52.0,938.0
666,-64.0,18.0,239.0,82.0,157.0,-107.0,-308.0,44.0,956.0
667,-63.0,24.0,242.0,98.0,148.0,-91.0,-316.0,50.0,993.0
668,-63.0,18.0,256.0,107.0,153.0,-78.0,-324.0,52.0,1029.0
669,-64.0,22.0,258.0,110.0,166.0,-63.0,-317.0,54.0,1039.0
670,-63.0,22.0,255.0,107.0,182.0,-48.0,-305.0,59.0,1043.0
671,-63.0,24.0,254.0,99.0,194.0,-35.0,-305.0,64.0,1041.0
672,-60.0,23.0,254.0,84.0,204.0,-23.0,-297.0,66.0,1039.0
673,-57.0,25.0,255.0,67.0,203.0,-20.0,-289.0,72.0,1045.0
674,-57.0,27.0,255.0,53.0,196.0,-17.0,-276.0,78.0,1050.0
675,-52.0,23.0,250.0,52.0,184.0,-12.0,-264.0,67.0,1025.0
676,-52.0,22.0,243.0,57.0,170.0,3.0,-254.0,55.0,1001.0
677,-52.0,18.0,238.0,71.0,150.0,23.0,-250.0,46.0,973.0
678,-44.0,16.0,233.0,95.0,135.0,45.0,-237.0,50.0,963.0
679,-41.0,24.0,234.0,124.0,130.0,67.0,-222.0,58.0,966.0
680,-38.0,13.0,243.0,154.0,136.0,89.0,-205.0,70.0,982.0
681,-31.0,26.0,236.0,181.0,150.0,114.0,-184.0,83.0,981.0
682,-31.0,29.0,240.0,198.0,151.0,142.0,-168.0,89.0,968.0
683,-29.0,35.0,229.0,203.0,133.0,172.0,-171.0,106.0,951.0
684,-29.0,38.0,230.0,190.0,104.0,205.0,-166.0,116.0,946.0
685,-34.0,41.0,238.0,167.0,90.0,242.0,-184.0,126.0,972.0
686,-38.0,36.0,238.0,149.0,89.0,271.0,-218.0,118.0,990.0
687,-47.0,33.0,245.0,144.0,82.0,297.0,-238.0,98.0,1015.0
688,-54.0,29.0,256.0,158.0,61.0,332.0,-251.0,82.0,1030.0
689,-52.0,23.0,263.0,179.0,23.0,363.0,-256.0,65.0,1048.0
690,-49.0,16.0,257.0,197.0,-31.0,393.0,-250.0,60.0,1058.0
691,-50.0,15.0,269.0,211.0,-97.0,420.0,-251.0,44.0,1064.0
692,-50.0,14.0,257.0,219.0,-177.0,443.0,-246.0,34.0,1053.0
693,-49.0,7.0,253.0,223.0,-234.0,459.0,-248.0,16.0,1033.0
694,-45.0,6.0,249.0,224.0,-276.0,471.0,-241.0,1.0,1018.0
695,-45.0,4.0,245.0,224.0,-293.0,468.0,-238.0,3.0,994.0
696,-43.0,4.0,241.0,225.0,-280.0,458.0,-231.0,12.0,976.0
697,-42.0,10.0,229.0,230.0,-245.0,441.0,-230.0,24.0,948.0
698,-49.0,17.0,232.0,236.0,-196.0,429.0,-248.0,42.0,937.0
699,-54.0,24.0,227.0,239.0,-152.0,432.0,-278.0,67.0,924.0
700,-61.0,28.0,220.0,236.0,-114.0,442.0,-305.0,92.0,906.0
701,-64.0,37.0,217.0,231.0,-82.0,462.0,-334.0,127.0,901.0
702,-76.0,47.0,221.0,222.0,-53.0,481.0,-361.0,151.0,898.0
703,-82.0,56.0,225.0,206.0,-28.0,508.0,-386.0,181.0,912.0
704,-86.0,64.0,224.0,180.0,-1.0,542.0,-409.0,209.0,919.0
705,-87.0,64.0,229.0,147.0,29.0,582.0,-411.0,235.0,930.0
706,-83.0,71.0,231.0,108.0,47.0,624.0,-407.0,256.0,934.0
707,-80.0,73.0,233.0,66.0,48.0,675.0,-397.0,265.0,932.0
708,-80.0,77.0,235.0,35.0,29.0,726.0,-368.0,274.0,943.0
709,-78.0,77.0,238.0,22.0,-9.0,770.0,-357.0,279.0,958.0
710,-64.0,77.0,239.0,27.0,-66.0,803.0,-313.0,285.0,970.0
711,-64.0,73.0,245.0,35.0,-129.0,820.0,-301.0,269.0,990.0
712,-54.0,69.0,254.0,45.0,-180.0,823.0,-286.0,265.0,1011.0
713,-53.0,67.0,253.0,59.0,-213.0,822.0,-265.0,255.0,1047.0
714,-51.0,66.0,267.0,68.0,-216.0,823.0,-249.0,221.0,1077.0
715,-37.0,57.0,272.0,79.0,-187.0,825.0,-214.0,199.0,1127.0
716,-30.0,50.0,284.0,90.0,-131.0,819.0,-203.0,171.0,1160.0
717,-25.0,46.0,293.0,105.0,-52.0,813.0,-176.0,149.0,1197.0
718,-16.0,41.0,299.0,128.0,39.0,805.0,-134.0,133.0,1215.0
719,-6.0,44.0,299.0,155.0,141.0,788.0,-95.0,135.0,1226.0
720,5.0,42.0,304.0,180.0,263.0,755.0,-53.0,140.0,1248.0
721,12.0,46.0,306.0,202.0,412.0,711.0,-26.0,151.0,1253.0
722,28.0,49.0,307.0,210.0,582.0,664.0,9.0,172.0,1253.0
723,30.0,53.0,307.0,216.0,762.0,619.0,38.0,181.0,1249.0
724,37.0,58.0,300.0,219.0,936.0,569.0,60.0,206.0,1234.0
725,41.0,65.0,287.0,214.0,1095.0,501.0,90.0,213.0,1186.0
726,48.0,68.0,282.0,191.0,1226.0,423.0,110.0,236.0,1152.0
727,45.0,72.0,275.0,148.0,1318.0,363.0,122.0,257.0,1134.0
728,41.0,70.0,266.0,102.0,1366.0,336.0,115.0,243.0,1090.0
729,38.0,65.0,255.0,40.0,1375.0,306.0,96.0,233.0,1055.0
730,35.0,63.0,254.0,-24.0,1353.0,268.0,79.0,211.0,1032.0
731,32.0,56.0,259.0,-78.0,1325.0,227.0,67.0,201.0,1041.0
732,32.0,56.0,261.0,-105.0,1313.0,188.0,61.0,186.0,1060.0
733,27.0,52.0,263.0,-98.0,1325.0,147.0,50.0,177.0,1086.0
734,17.0,42.0,262.0,-58.0,1372.0,104.0,19.0,163.0,1099.0
735,5.0,46.0,270.0,4.0,1449.0,64.0,-49.0,163.0,1116.0
736,-10.0,49.0,269.0,85.0,1549.0,32.0,-104.0,171.0,1116.0
737,-15.0,51.0,268.0,174.0,1656.0,8.0,-137.0,185.0,1115.0
738,-21.0,58.0,268.0,264.0,1761.0,-16.0,-153.0,206.0,1096.0
739,-25.0,64.0,257.0,340.0,1858.0,-42.0,-169.0,226.0,1057.0
740,-28.0,68.0,246.0,395.0,1952.0,-68.0,-176.0,250.0,1012.0
741,-30.0,84.0,238.0,414.0,2040.0,-94.0,-187.0,283.0,978.0
742,-30.0,91.0,229.0,396.0,2119.0,-118.0,-182.0,315.0,951.0
743,-32.0,94.0,226.0,342.0,2189.0,-143.0,-184.0,338.0,921.0
744,-40.0,93.0,220.0,254.0,2248.0,-169.0,-201.0,339.0,898.0
745,-47.0,86.0,212.0,144.0,2286.0,-194.0,-233.0,316.0,872.0
746,-63.0,77.0,203.0,39.0,2292.0,-209.0,-292.0,289.0,835.0
747,-79.0,72.0,190.0,-35.0,2272.0,-218.0,-355.0,257.0,785.0
748,-97.0,66.0,176.0,-71.0,2231.0,-215.0,-423.0,227.0,715.0
749,-113.0,61.0,159.0,-92.0,2186.0,-199.0,-483.0,205.0,647.0
750,-117.0,53.0,146.0,-112.0,2151.0,-174.0,-510.0,185.0,594.0
751,-122.0,49.0,144.0,-127.0,2141.0,-143.0,-528.0,177.0,582.0
752,-125.0,48.0,146.0,-130.0,2163.0,-111.0,-539.0,164.0,608.0
753,-122.0,44.0,161.0,-119.0,2209.0,-88.0,-541.0,163.0,655.0
754,-122.0,46.0,167.0,-98.0,2271.0,-80.0,-538.0,150.0,690.0
755,-121.0,40.0,181.0,-67.0,2328.0,-80.0,-537.0,139.0,727.0
756,-130.0,38.0,180.0,-38.0,2376.0,-91.0,-556.0,143.0,749.0
757,-128.0,46.0,180.0,-13.0,2408.0,-106.0,-563.0,155.0,756.0
758,-135.0,50.0,180.0,8.0,2415.0,-126.0,-583.0,169.0,745.0
759,-137.0,59.0,178.0,20.0,2405.0,-147.0,-588.0,185.0,729.0
760,-138.0,62.0,172.0,18.0,2378.0,-170.0,-603.0,206.0,708.0
761,-138.0,64.0,169.0,0.0,2341.0,-195.0,-602.0,219.0,690.0
762,-141.0,65.0,166.0,-32.0,2297.0,-225.0,-608.0,228.0,667.0
763,-139.0,64.0,154.0,-75.0,2253.0,-261.0,-610.0,229.0,636.0
764,-150.0,67.0,146.0,-119.0,2215.0,-298.0,-621.0,217.0,619.0
765,-149.0,60.0,150.0,-167.0,2186.0,-331.0,-646.0,199.0,617.0
766,-153.0,59.0,156.0,-206.0,2157.0,-353.0,-657.0,188.0,624.0
767,-161.0,53.0,158.0,-231.0,2126.0,-363.0,-674.0,159.0,635.0
768,-159.0,39.0,158.0,-236.0,2091.0,-365.0,-683.0,137.0,646.0
769,-157.0,31.0,160.0,-222.0,2055.0,-367.0,-674.0,106.0,656.0
770,-154.0,28.0,164.0,-193.0,2020.0,-367.0,-670.0,85.0,662.0
771,-156.0,20.0,163.0,-156.0,1996.0,-372.0,-674.0,67.0,670.0
772,-156.0,19.0,165.0,-115.0,1978.0,-376.0,-669.0,52.0,676.0
773,-152.0,14.0,168.0,-73.0,1958.0,-383.0,-661.0,33.0,682.0
774,-154.0,12.0,171.0,-29.0,1920.0,-391.0,-653.0,29.0,695.0
775,-153.0,14.0,173.0,14.0,1875.0,-401.0,-654.0,31.0,696.0
776,-153.0,13.0,169.0,58.0,1821.0,-408.0,-662.0,35.0,697.0
777,-156.0,12.0,166.0,106.0,1764.0,-415.0,-667.0,39.0,686.0
778,-156.0,15.0,158.0,138.0,1705.0,-424.0,-678.0,48.0,672.0
779,-168.0,23.0,158.0,161.0,1643.0,-433.0,-696.0,59.0,660.0
780,-167.0,22.0,158.0,176.0,1572.0,-441.0,-714.0,73.0,649.0
781,-174.0,27.0,155.0,193.0,1495.0,-441.0,-731.0,89.0,634.0
782,-178.0,35.0,151.0,209.0,1419.0,-437.0,-741.0,111.0,617.0
783,-177.0,41.0,145.0,223.0,1341.0,-428.0,-749.0,127.0,602.0
784,-184.0,48.0,139.0,224.0,1266.0,-418.0,-759.0,156.0,577.0
785,-184.0,57.0,136.0,210.0,1200.0,-405.0,-771.0,183.0,562.0
786,-190.0,61.0,140.0,183.0,1140.0,-393.0,-793.0,211.0,563.0
787,-195.0,70.0,140.0,143.0,1080.0,-380.0,-809.0,243.0,574.0
788,-200.0,76.0,147.0,96.0,1019.0,-369.0,-832.0,263.0,584.0
789,-207.0,80.0,152.0,37.0,948.0,-351.0,-855.0,283.0,609.0
790,-209.0,85.0,163.0,-32.0,874.0,-321.0,-869.0,293.0,645.0
791,-206.0,80.0,174.0,-100.0,791.0,-282.0,-858.0,290.0,694.0
792,-201.0,77.0,187.0,-166.0,696.0,-238.0,-842.0,279.0,747.0
793,-189.0,69.0,199.0,-221.0,590.0,-196.0,-812.0,254.0,806.0
794,-183.0,63.0,209.0,-259.0,470.0,-155.0,-766.0,210.0,852.0
795,-175.0,51.0,220.0,-280.0,341.0,-124.0,-739.0,164.0,896.0
796,-173.0,35.0,232.0,-283.0,209.0,-94.0,-735.0,118.0,951.0
797,-173.0,23.0,249.0,-264.0,79.0,-68.0,-730.0,61.0,996.0
798,-177.0,7.0,253.0,-223.0,-40.0,-47.0,-739.0,12.0,1027.0
799,-172.0,-1.0,261.0,-161.0,-139.0,-30.0,-740.0,-38.0,1052.0
800,-169.0,-15.0,256.0,-81.0,-212.0,-20.0,-751.0,-80.0,1064.0
801,-174.0,-23.0,257.0,16.0,-239.0,-19.0,-765.0,-99.0,1060.0
802,-174.0,-21.0,252.0,121.0,-217.0,-19.0,-765.0,-101.0,1045.0
803,-173.0,-16.0,250.0,230.0,-134.0,-28.0,-774.0,-85.0,1028.0
804,-170.0,-6.0,241.0,340.0,3.0,-42.0,-765.0,-44.0,999.0
805,-161.0,2.0,234.0,445.0,183.0,-73.0,-729.0,8.0,954.0
806,-155.0,26.0,218.0,523.0,378.0,-125.0,-692.0,76.0,880.0
807,-148.0,46.0,198.0,563.0,560.0,-184.0,-668.0,147.0,826.0
808,-144.0,67.0,187.0,554.0,699.0,-245.0,-650.0,219.0,752.0
809,-147.0,84.0,168.0,493.0,780.0,-302.0,-628.0,285.0,693.0
810,-146.0,101.0,158.0,393.0,818.0,-348.0,-627.0,335.0,640.0
811,-151.0,105.0,145.0,268.0,832.0,-381.0,-640.0,381.0,608.0
812,-164.0,110.0,140.0,136.0,832.0,-398.0,-681.0,395.0,570.0
813,-171.0,110.0,135.0,11.0,822.0,-401.0,-737.0,394.0,554.0
814,-189.0,103.0,133.0,-96.0,799.0,-399.0,-786.0,370.0,550.0
815,-202.0,92.0,135.0,-171.0,772.0,-395.0,-855.0,340.0,534.0
816,-214.0,79.0,129.0,-206.0,751.0,-390.0,-916.0,286.0,535.0
817,-227.0,66.0,128.0,-209.0,739.0,-380.0,-959.0,237.0,521.0
818,-234.0,59.0,126.0,-189.0,732.0,-371.0,-990.0,191.0,510.0
819,-239.0,46.0,123.0,-156.0,730.0,-359.0,-1008.0,161.0,491.0
820,-242.0,38.0,120.0,-117.0,733.0,-346.0,-1011.0,130.0,479.0
821,-239.0,33.0,114.0,-86.0,737.0,-340.0,-1006.0,110.0,463.0
822,-241.0,33.0,111.0,-67.0,735.0,-339.0,-987.0,100.0,449.0
823,-234.0,27.0,113.0,-69.0,723.0,-340.0,-980.0,78.0,442.0
824,-231.0,24.0,109.0,-88.0,690.0,-343.0,-963.0,68.0,442.0
825,-231.0,18.0,109.0,-118.0,636.0,-342.0,-959.0,55.0,446.0
826,-231.0,17.0,114.0,-143.0,558.0,-335.0,-956.0,33.0,467.0
827,-231.0,14.0,118.0,-155.0,466.0,-323.0,-965.0,31.0,480.0
828,-231.0,14.0,122.0,-149.0,382.0,-299.0,-965.0,34.0,498.0
829,-232.0,13.0,125.0,-119.0,317.0,-272.0,-974.0,39.0,509.0
830,-234.0,13.0,121.0,-69.0,284.0,-246.0,-990.0,45.0,518.0
831,-238.0,18.0,126.0,-5.0,286.0,-226.0,-1001.0,59.0,520.0
832,-241.0,28.0,124.0,53.0,320.0,-213.0,-1018.0,71.0,520.0
833,-245.0,28.0,123.0,104.0,373.0,-207.0,-1029.0,89.0,511.0
834,-244.0,29.0,122.0,140.0,443.0,-206.0,-1039.0,101.0,501.0
835,-243.0,36.0,122.0,161.0,522.0,-211.0,-1029.0,113.0,502.0
836,-241.0,37.0,119.0,164.0,603.0,-222.0,-1018.0,120.0,488.0
837,-239.0,38.0,118.0,151.0,680.0,-235.0,-1006.0,123.0,483.0
838,-234.0,36.0,119.0,119.0,744.0,-252.0,-989.0,107.0,484.0
839,-238.0,39.0,117.0,75.0,790.0,-263.0,-979.0,107.0,475.0
840,-228.0,35.0,123.0,27.0,823.0,-265.0,-964.0,108.0,489.0
841,-226.0,32.0,120.0,-16.0,850.0,-261.0,-951.0,92.0,493.0
842,-221.0,25.0,125.0,-53.0,873.0,-253.0,-948.0,78.0,505.0
843,-229.0,32.0,117.0,-85.0,888.0,-238.0,-948.0,69.0,509.0
844,-225.0,21.0,125.0,-108.0,887.0,-213.0,-955.0,57.0,506.0
845,-226.0,23.0,123.0,-124.0,864.0,-178.0,-945.0,59.0,494.0
846,-221.0,22.0,113.0,-133.0,827.0,-138.0,-937.0,63.0,461.0
847,-224.0,30.0,103.0,-136.0,786.0,-100.0,-936.0,88.0,427.0
848,-222.0,36.0,96.0,-135.0,747.0,-78.0,-948.0,113.0,383.0
849,-229.0,43.0,87.0,-139.0,717.0,-70.0,-963.0,145.0,342.0
850,-232.0,50.0,77.0,-154.0,700.0,-62.0,-973.0,171.0,327.0
851,-235.0,55.0,81.0,-184.0,707.0,-52.0,-987.0,184.0,316.0
852,-242.0,56.0,76.0,-225.0,736.0,-46.0,-1001.0,180.0,313.0
853,-242.0,48.0,78.0,-270.0,766.0,-43.0,-1014.0,169.0,318.0
854,-245.0,47.0,80.0,-312.0,775.0,-40.0,-1023.0,131.0,336.0
855,-246.0,30.0,86.0,-343.0,753.0,-37.0,-1024.0,103.0,347.0
856,-247.0,29.0,98.0,-359.0,714.0,-31.0,-1022.0,86.0,377.0
857,-244.0,22.0,96.0,-349.0,676.0,-26.0,-1015.0,60.0,397.0
858,-241.0,16.0,103.0,-321.0,655.0,-15.0,-1004.0,36.0,410.0
859,-236.0,9.0,104.0,-280.0,651.0,-6.0,-994.0,24.0,418.0
860,-235.0,4.0,105.0,-232.0,658.0,3.0,-979.0,7.0,411.0
861,-232.0,3.0,99.0,-184.0,673.0,11.0,-977.0,0.0,405.0
862,-224.0,3.0,101.0,-143.0,692.0,18.0,-959.0,-3.0,391.0
863,-226.0,5.0,93.0,-117.0,712.0,18.0,-943.0,1.0,373.0
864,-218.0,7.0,88.0,-109.0,731.0,14.0,-924.0,10.0,366.0
865,-214.0,5.0,81.0,-114.0,746.0,5.0,-908.0,17.0,348.0
866,-213.0,14.0,82.0,-133.0,759.0,-9.0,-898.0,28.0,336.0
867,-210.0,13.0,82.0,-163.0,762.0,-22.0,-892.0,28.0,332.0
868,-217.0,15.0,80.0,-203.0,747.0,-37.0,-899.0,30.0,329.0
869,-222.0,11.0,84.0,-251.0,707.0,-44.0,-914.0,18.0,339.0
870,-228.0,13.0,88.0,-298.0,633.0,-44.0,-945.0,21.0,344.0
871,-237.0,11.0,94.0,-334.0,534.0,-30.0,-976.0,11.0,380.0
872,-242.0,10.0,94.0,-349.0,423.0,-7.0,-987.0,2.0,392.0
873,-242.0,2.0,104.0,-348.0,309.0,21.0,-1002.0,-3.0,421.0
874,-246.0,0.0,107.0,-326.0,202.0,47.0,-1017.0,-16.0,443.0
875,-247.0,-3.0,114.0,-290.0,115.0,73.0,-1026.0,-26.0,459.0
876,-249.0,-5.0,125.0,-242.0,48.0,94.0,-1030.0,-35.0,481.0
877,-245.0,-8.0,119.0,-173.0,-2.0,102.0,-1020.0,-47.0,483.0
878,-242.0,-11.0,121.0,-83.0,-32.0,97.0,-1008.0,-49.0,487.0
879,-237.0,-11.0,116.0,25.0,-35.0,84.0,-998.0,-53.0,475.0
880,-234.0,-7.0,109.0,137.0,-17.0,59.0,-984.0,-47.0,460.0
881,-231.0,-5.0,108.0,243.0,17.0,26.0,-978.0,-33.0,446.0
882,-230.0,1.0,104.0,330.0,61.0,-17.0,-971.0,-10.0,416.0
883,-233.0,8.0,100.0,390.0,103.0,-64.0,-978.0,11.0,394.0
884,-233.0,19.0,91.0,424.0,142.0,-108.0,-979.0,39.0,378.0
885,-237.0,23.0,86.0,435.0,174.0,-145.0,-991.0,68.0,345.0
886,-238.0,31.0,83.0,421.0,204.0,-176.0,-996.0,90.0,321.0
887,-239.0,39.0,71.0,386.0,234.0,-197.0,-993.0,110.0,300.0
888,-236.0,42.0,72.0,334.0,268.0,-212.0,-996.0,131.0,292.0
889,-237.0,42.0,73.0,267.0,298.0,-218.0,-991.0,134.0,291.0
890,-235.0,45.0,72.0,191.0,328.0,-218.0,-983.0,141.0,291.0
891,-232.0,41.0,71.0,114.0,360.0,-213.0,-980.0,133.0,293.0
892,-232.0,38.0,73.0,42.0,392.0,-206.0,-977.0,122.0,299.0
893,-231.0,29.0,75.0,-20.0,429.0,-191.0,-977.0,106.0,308.0
894,-233.0,27.0,77.0,-67.0,467.0,-175.0,-977.0,87.0,325.0
895,-233.0,19.0,77.0,-94.0,508.0,-151.0,-977.0,45.0,330.0
896,-232.0,10.0,89.0,-102.0,547.0,-131.0,-980.0,11.0,340.0
897,-236.0,-1.0,85.0,-96.0,581.0,-111.0,-978.0,-12.0,344.0
898,-233.0,-6.0,86.0,-80.0,610.0,-91.0,-981.0,-47.0,355.0
899,-234.0,-11.0,90.0,-59.0,629.0,-69.0,-984.0,-77.0,361.0
900,-239.0,-17.0,89.0,-38.0,635.0,-46.0,-988.0,-99.0,367.0
901,-239.0,-22.0,90.0,-11.0,637.0,-20.0,-997.0,-115.0,370.0
902,-236.0,-26.0,87.0,24.0,634.0,1.0,-1002.0,-117.0,364.0
903,-233.0,-26.0,87.0,67.0,626.0,28.0,-983.0,-118.0,354.0
904,-231.0,-28.0,86.0,116.0,621.0,52.0,-974.0,-110.0,341.0
905,-235.0,-19.0,80.0,161.0,619.0,73.0,-980.0,-113.0,324.0
906,-227.0,-20.0,81.0,198.0,619.0,96.0,-950.0,-95.0,328.0
907,-229.0,-13.0,72.0,230.0,622.0,106.0,-955.0,-79.0,316.0
908,-220.0,-4.0,68.0,255.0,623.0,111.0,-956.0,-62.0,294.0
909,-230.0,-6.0,71.0,272.0,620.0,108.0,-958.0,-50.0,282.0
910,-232.0,-2.0,64.0,274.0,620.0,92.0,-958.0,-37.0,263.0
911,-236.0,0.0,61.0,262.0,623.0,72.0,-983.0,-30.0,263.0
912,-243.0,0.0,64.0,238.0,632.0,46.0,-1009.0,-35.0,248.0
913,-239.0,-3.0,61.0,200.0,647.0,14.0,-1010.0,-38.0,241.0
914,-248.0,-1.0,62.0,151.0,675.0,-35.0,-1031.0,-38.0,243.0
915,-249.0,-6.0,61.0,99.0,714.0,-87.0,-1046.0,-43.0,248.0
916,-247.0,-2.0,64.0,48.0,767.0,-141.0,-1045.0,-46.0,252.0
917,-245.0,0.0,70.0,7.0,827.0,-190.0,-1031.0,-34.0,269.0
918,-246.0,-2.0,73.0,-16.0,892.0,-232.0,-1026.0,-27.0,293.0
919,-248.0,4.0,70.0,-16.0,947.0,-267.0,-1020.0,-14.0,318.0
920,-247.0,1.0,82.0,5.0,987.0,-294.0,-1029.0,1.0,333.0
921,-251.0,8.0,83.0,43.0,1015.0,-308.0,-1039.0,8.0,337.0
922,-253.0,13.0,84.0,92.0,1036.0,-313.0,-1043.0,28.0,335.0
923,-250.0,11.0,80.0,148.0,1051.0,-316.0,-1045.0,40.0,321.0
924,-250.0,20.0,69.0,199.0,1056.0,-318.0,-1041.0,59.0,294.0
925,-254.0,25.0,64.0,233.0,1060.0,-323.0,-1056.0,74.0,262.0
926,-254.0,31.0,59.0,240.0,1060.0,-322.0,-1058.0,86.0,241.0
927,-258.0,36.0,51.0,221.0,1059.0,-316.0,-1064.0,95.0,205.0
928,-256.0,33.0,48.0,179.0,1060.0,-304.0,-1055.0,105.0,175.0
929,-253.0,35.0,38.0,119.0,1065.0,-292.0,-1051.0,109.0,153.0
930,-253.0,39.0,34.0,49.0,1064.0,-281.0,-1041.0,121.0,142.0
931,-251.0,41.0,35.0,-23.0,1056.0,-273.0,-1028.0,118.0,130.0
932,-250.0,41.0,30.0,-93.0,1037.0,-266.0,-1033.0,122.0,126.0
933,-253.0,37.0,34.0,-162.0,1004.0,-257.0,-1048.0,118.0,131.0
934,-254.0,36.0,37.0,-200.0,961.0,-238.0,-1050.0,121.0,154.0
935,-254.0,33.0,43.0,-217.0,910.0,-219.0,-1053.0,109.0,160.0
936,-257.0,28.0,44.0,-219.0,854.0,-198.0,-1058.0,94.0,166.0
937,-260.0,27.0,47.0,-211.0,796.0,-183.0,-1079.0,83.0,161.0
938,-269.0,22.0,38.0,-197.0,748.0,-174.0,-1117.0,75.0,148.0
939,-278.0,22.0,29.0,-176.0,716.0,-161.0,-1148.0,64.0,114.0
940,-288.0,21.0,24.0,-151.0,694.0,-147.0,-1188.0,62.0,80.0
941,-297.0,24.0,6.0,-121.0,676.0,-129.0,-1210.0,80.0,47.0
942,-297.0,30.0,4.0,-100.0,652.0,-113.0,-1222.0,100.0,10.0
943,-301.0,44.0,-2.0,-99.0,624.0,-105.0,-1233.0,126.0,-37.0
944,-307.0,54.0,-23.0,-131.0,595.0,-114.0,-1249.0,166.0,-100.0
945,-313.0,64.0,-35.0,-215.0,568.0,-127.0,-1262.0,196.0,-138.0
946,-310.0,62.0,-41.0,-332.0,549.0,-143.0,-1281.0,206.0,-166.0
947,-320.0,63.0,-45.0,-462.0,527.0,-158.0,-1290.0,192.0,-175.0
948,-316.0,51.0,-42.0,-584.0,501.0,-183.0,-1297.0,162.0,-172.0
949,-315.0,33.0,-38.0,-676.0,464.0,-221.0,-1274.0,110.0,-157.0
950,-304.0,13.0,-32.0,-731.0,419.0,-273.0,-1257.0,47.0,-137.0
951,-309.0,-2.0,-29.0,-743.0,370.0,-332.0,-1254.0,-10.0,-104.0
952,-306.0,-17.0,-17.0,-711.0,313.0,-382.0,-1244.0,-71.0,-80.0
953,-306.0,-28.0,-12.0,-646.0,238.0,-411.0,-1236.0,-111.0,-51.0
954,-302.0,-34.0,-3.0,-551.0,148.0,-409.0,-1215.0,-141.0,-27.0
955,-291.0,-37.0,-1.0,-432.0,49.0,-377.0,-1193.0,-149.0,-11.0
956,-289.0,-31.0,-4.0,-295.0,-59.0,-319.0,-1165.0,-124.0,-22.0
957,-275.0,-26.0,-4.0,-155.0,-179.0,-245.0,-1128.0,-99.0,-35.0
958,-265.0,-15.0,-13.0,-34.0,-308.0,-163.0,-1081.0,-63.0,-57.0
959,-258.0,0.0,-17.0,53.0,-445.0,-92.0,-1052.0,-28.0,-73.0
960,-256.0,6.0,-18.0,102.0,-584.0,-28.0,-1024.0,0.0,-67.0
961,-251.0,9.0,-16.0,115.0,-723.0,18.0,-1019.0,23.0,-66.0
962,-251.0,19.0,-11.0,101.0,-856.0,55.0,-1008.0,40.0,-62.0
963,-244.0,21.0,-6.0,70.0,-979.0,85.0,-997.0,45.0,-42.0
964,-239.0,20.0,1.0,37.0,-1083.0,104.0,-986.0,49.0,-25.0
965,-238.0,16.0,0.0,0.0,-1160.0,113.0,-975.0,43.0,-7.0
966,-234.0,12.0,2.0,-34.0,-1210.0,115.0,-953.0,24.0,16.0
967,-228.0,6.0,13.0,-67.0,-1227.0,108.0,-944.0,0.0,40.0
968,-225.0,0.0,17.0,-96.0,-1214.0,103.0,-938.0,-25.0,70.0
969,-226.0,-8.0,30.0,-121.0,-1172.0,97.0,-943.0,-57.0,101.0
970,-225.0,-17.0,35.0,-140.0,-1101.0,99.0,-955.0,-92.0,129.0
971,-226.0,-24.0,41.0,-149.0,-1012.0,110.0,-966.0,-112.0,160.0
972,-229.0,-31.0,46.0,-141.0,-903.0,127.0,-979.0,-135.0,188.0
973,-233.0,-32.0,54.0,-117.0,-781.0,149.0,-979.0,-150.0,222.0
974,-236.0,-35.0,62.0,-80.0,-655.0,168.0,-1000.0,-157.0,251.0
975,-240.0,-35.0,63.0,-31.0,-532.0,187.0,-1009.0,-150.0,263.0
976,-242.0,-33.0,69.0,22.0,-418.0,205.0,-1013.0,-145.0,290.0
977,-242.0,-26.0,71.0,78.0,-319.0,218.0,-1018.0,-124.0,287.0
978,-244.0,-25.0,74.0,130.0,-234.0,227.0,-1023.0,-114.0,290.0
979,-244.0,-22.0,69.0,176.0,-163.0,228.0,-1028.0,-105.0,303.0
980,-243.0,-20.0,71.0,214.0,-107.0,220.0,-1023.0,-103.0,286.0
981,-245.0,-18.0,72.0,239.0,-63.0,210.0,-1022.0,-101.0,280.0
982,-246.0,-17.0,66.0,246.0,-28.0,194.0,-1024.0,-95.0,272.0
983,-242.0,-23.0,66.0,241.0,-8.0,179.0,-1021.0,-102.0,267.0
984,-246.0,-21.0,65.0,227.0,-2.0,160.0,-1024.0,-103.0,260.0
985,-246.0,-17.0,64.0,206.0,-4.0,138.0,-1017.0,-113.0,260.0
986,-242.0,-22.0,63.0,184.0,-10.0,122.0,-1016.0,-109.0,252.0
987,-243.0,-22.0,66.0,168.0,-17.0,106.0,-1008.0,-114.0,258.0
988,-240.0,-20.0,64.0,165.0,-19.0,93.0,-1008.0,-102.0,257.0
989,-238.0,-18.0,67.0,175.0,-20.0,86.0,-1008.0,-91.0,271.0
990,-245.0,-17.0,66.0,198.0,-20.0,81.0,-1007.0,-74.0,261.0
991,-243.0,-12.0,68.0,226.0,-23.0,76.0,-1016.0,-58.0,265.0
992,-243.0,-5.0,66.0,251.0,-24.0,72.0,-1014.0,-42.0,263.0
993,-250.0,0.0,62.0,268.0,-29.0,64.0,-1032.0,-22.0,256.0
994,-255.0,11.0,69.0,278.0,-35.0,54.0,-1037.0,-5.0,258.0
995,-255.0,9.0,63.0,283.0,-48.0,43.0,-1048.0,12.0,259.0
996,-253.0,7.0,62.0,283.0,-67.0,34.0,-1051.0,22.0,255.0
997,-255.0,12.0,63.0,281.0,-94.0,22.0,-1057.0,29.0,252.0
998,-252.0,17.0,61.0,278.0,-123.0,15.0,-1044.0,33.0,244.0
999,-250.0,15.0,63.0,270.0,-154.0,6.0,-1042.0,42.0,233.0
1000,-248.0,19.0,57.0,259.0,-184.0,0.0,-1036.0,45.0,228.0
1001,-249.0,15.0,62.0,246.0,-208.0,-4.0,-1023.0,54.0,221.0
1002,-251.0,24.0,53.0,232.0,-231.0,-7.0,-1021.0,59.0,221.0
1003,-247.0,22.0,56.0,212.0,-253.0,-10.0,-1017.0,60.0,218.0
1004,-244.0,24.0,51.0,186.0,-264.0,-13.0,-1022.0,71.0,216.0
1005,-248.0,24.0,58.0,157.0,-271.0,-15.0,-1030.0,67.0,212.0
1006,-251.0,24.0,57.0,124.0,-270.0,-16.0,-1038.0,62.0,218.0
1007,-250.0,19.0,58.0,97.0,-260.0,-16.0,-1043.0,60.0,226.0
1008,-250.0,22.0,58.0,78.0,-238.0,-21.0,-1039.0,49.0,235.0
1009,-250.0,20.0,60.0,66.0,-207.0,-21.0,-1045.0,43.0,232.0
1010,-248.0,13.0,60.0,61.0,-170.0,-20.0,-1039.0,37.0,238.0
1011,-248.0,11.0,62.0,62.0,-134.0,-13.0,-1030.0,25.0,251.0
1012,-245.0,11.0,66.0,69.0,-96.0,-7.0,-1020.0,20.0,255.0
1013,-240.0,9.0,63.0,83.0,-60.0,3.0,-1009.0,15.0,260.0
1014,-238.0,9.0,69.0,101.0,-25.0,14.0,-989.0,12.0,274.0
1015,-237.0,7.0,66.0,124.0,4.0,27.0,-972.0,17.0,273.0
1016,-230.0,10.0,66.0,145.0,28.0,37.0,-964.0,18.0,284.0
1017,-230.0,9.0,71.0,168.0,45.0,42.0,-966.0,23.0,278.0
1018,-232.0,10.0,69.0,190.0,59.0,50.0,-964.0,30.0,278.0
1019,-232.0,13.0,71.0,204.0,66.0,52.0,-976.0,30.0,279.0
1020,-238.0,13.0,70.0,215.0,71.0,53.0,-983.0,26.0,279.0
1021,-240.0,12.0,70.0,218.0,72.0,58.0,-992.0,29.0,277.0
1022,-240.0,11.0,68.0,215.0,67.0,60.0,-1006.0,29.0,278.0
1023,-240.0,15.0,68.0,206.0,57.0,63.0,-1005.0,27.0,279.0
1024,-245.0,13.0,65.0,194.0,43.0,65.0,-1015.0,36.0,274.0
1025,-245.0,14.0,67.0,184.0,29.0,65.0,-1016.0,41.0,267.0
1026,-244.0,16.0,61.0,172.0,16.0,64.0,-1018.0,42.0,268.0
1027,-248.0,21.0,63.0,161.0,5.0,60.0,-1021.0,49.0,262.0
1028,-244.0,22.0,64.0,148.0,-3.0,55.0,-1022.0,60.0,256.0
1029,-248.0,24.0,64.0,136.0,-8.0,48.0,-1025.0,73.0,251.0
1030,-245.0,25.0,59.0,120.0,-7.0,43.0,-1033.0,74.0,241.0
1031,-252.0,27.0,57.0,103.0,0.0,38.0,-1041.0,83.0,229.0
1032,-249.0,27.0,58.0,83.0,9.0,31.0,-1039.0,84.0,217.0
1033,-255.0,32.0,59.0,62.0,20.0,22.0,-1046.0,89.0,216.0
1034,-252.0,30.0,51.0,46.0,30.0,17.0,-1054.0,86.0,209.0
1035,-255.0,30.0,50.0,36.0,41.0,9.0,-1055.0,84.0,209.0
1036,-253.0,26.0,54.0,34.0,54.0,2.0,-1055.0,84.0,203.0
1037,-256.0,33.0,55.0,35.0,71.0,-2.0,-1047.0,71.0,199.0
1038,-254.0,23.0,52.0,32.0,90.0,-3.0,-1061.0,68.0,198.0
1039,-254.0,19.0,51.0,30.0,104.0,-3.0,-1047.0,59.0,203.0
1040,-251.0,17.0,55.0,29.0,110.0,-7.0,-1040.0,48.0,203.0
1041,-252.0,16.0,55.0,32.0,116.0,-11.0,-1037.0,42.0,208.0
1042,-247.0,15.0,55.0,37.0,117.0,-14.0,-1028.0,32.0,219.0
1043,-246.0,10.0,56.0,45.0,121.0,-16.0,-1027.0,26.0,214.0
1044,-248.0,13.0,60.0,55.0,127.0,-16.0,-1021.0,20.0,222.0
1045,-242.0,10.0,59.0,63.0,132.0,-21.0,-1016.0,16.0,218.0
1046,-244.0,4.0,63.0,71.0,141.0,-26.0,-1021.0,2.0,229.0
1047,-244.0,4.0,62.0,78.0,147.0,-31.0,-1020.0,-2.0,221.0
1048,-244.0,2.0,58.0,84.0,154.0,-41.0,-1019.0,-6.0,225.0
1049,-246.0,2.0,58.0,92.0,156.0,-49.0,-1019.0,-14.0,229.0
1050,-247.0,1.0,58.0,99.0,159.0,-56.0,-1018.0,-21.0,233.0
1051,-246.0,1.0,58.0,104.0,160.0,-61.0,-1025.0,-28.0,239.0
1052,-249.0,-1.0,56.0,109.0,161.0,-65.0,-1027.0,-26.0,243.0
1053,-249.0,-1.0,61.0,117.0,161.0,-66.0,-1030.0,-34.0,241.0
1054,-246.0,0.0,62.0,129.0,161.0,-63.0,-1031.0,-24.0,231.0
1055,-248.0,-2.0,57.0,144.0,165.0,-59.0,-1024.0,-33.0,231.0
1056,-250.0,-1.0,56.0,162.0,169.0,-51.0,-1033.0,-19.0,232.0
1057,-249.0,2.0,57.0,177.0,169.0,-41.0,-1025.0,-13.0,224.0
1058,-249.0,4.0,52.0,191.0,170.0,-27.0,-1025.0,-3.0,220.0
1059,-245.0,5.0,53.0,202.0,167.0,-16.0,-1020.0,5.0,208.0
1060,-247.0,5.0,56.0,210.0,166.0,-6.0,-1034.0,13.0,214.0
1061,-249.0,6.0,52.0,221.0,160.0,1.0,-1030.0,13.0,201.0
1062,-249.0,6.0,53.0,227.0,150.0,3.0,-1030.0,15.0,203.0
1063,-253.0,14.0,50.0,232.0,135.0,7.0,-1034.0,22.0,195.0
1064,-251.0,11.0,47.0,230.0,120.0,8.0,-1034.0,25.0,197.0
1065,-250.0,10.0,51.0,223.0,105.0,10.0,-1044.0,21.0,189.0
1066,-254.0,15.0,48.0,215.0,93.0,10.0,-1041.0,28.0,186.0
1067,-253.0,11.0,47.0,206.0,83.0,8.0,-1043.0,23.0,189.0
1068,-253.0,10.0,48.0,199.0,80.0,9.0,-1041.0,27.0,185.0
1069,-260.0,10.0,56.0,194.0,82.0,8.0,-1042.0,26.0,183.0
1070,-256.0,12.0,48.0,189.0,81.0,8.0,-1047.0,27.0,184.0
1071,-255.0,11.0,48.0,181.0,81.0,5.0,-1057.0,23.0,183.0
1072,-255.0,13.0,45.0,169.0,78.0,3.0,-1055.0,29.0,174.0
1073,-253.0,12.0,48.0,156.0,76.0,0.0,-1057.0,25.0,180.0
1074,-255.0,13.0,44.0,144.0,75.0,-3.0,-1052.0,31.0,182.0
1075,-255.0,15.0,47.0,130.0,75.0,-3.0,-1056.0,32.0,180.0
1076,-252.0,16.0,44.0,119.0,77.0,-8.0,-1051.0,32.0,180.0
1077,-253.0,17.0,43.0,110.0,84.0,-11.0,-1050.0,37.0,171.0
1078,-255.0,16.0,49.0,103.0,91.0,-12.0,-1053.0,39.0,177.0
1079,-249.0,9.0,39.0,94.0,94.0,-12.0,-1069.0,30.0,177.0
1080,-253.0,15.0,52.0,83.0,96.0,-11.0,-1045.0,39.0,183.0
1081,-251.0,12.0,46.0,78.0,96.0,-13.0,-1052.0,40.0,186.0
1082,-253.0,13.0,48.0,74.0,101.0,-16.0,-1057.0,39.0,183.0
1083,-255.0,17.0,53.0,72.0,101.0,-14.0,-1046.0,39.0,192.0
1084,-252.0,15.0,54.0,71.0,104.0,-11.0,-1044.0,42.0,192.0
1085,-252.0,15.0,50.0,71.0,108.0,-7.0,-1046.0,36.0,190.0
1086,-252.0,17.0,52.0,69.0,112.0,-4.0,-1041.0,42.0,187.0
1087,-253.0,13.0,50.0,68.0,115.0,-5.0,-1043.0,43.0,196.0
1088,-254.0,14.0,51.0,64.0,117.0,-3.0,-1047.0,44.0,192.0
1089,-253.0,16.0,47.0,60.0,118.0,-3.0,-1041.0,42.0,192.0
1090,-253.0,20.0,45.0,54.0,120.0,-4.0,-1053.0,40.0,190.0
1091,-253.0,17.0,51.0,46.0,120.0,0.0,-1045.0,36.0,193.0
1092,-251.0,16.0,51.0,39.0,121.0,0.0,-1042.0,38.0,188.0
1093,-250.0,17.0,48.0,39.0,122.0,-2.0,-1042.0,41.0,193.0
1094,-249.0,17.0,48.0,47.0,119.0,-7.0,-1040.0,42.0,179.0
1095,-250.0,16.0,46.0,57.0,116.0,-9.0,-1044.0,45.0,186.0
1096,-251.0,16.0,42.0,65.0,112.0,-12.0,-1048.0,45.0,181.0
1097,-250.0,15.0,43.0,66.0,111.0,-10.0,-1056.0,45.0,173.0
1098,-257.0,23.0,41.0,64.0,110.0,-12.0,-1056.0,47.0,165.0
1099,-255.0,15.0,45.0,62.0,108.0,-14.0,-1060.0,41.0,161.0
1100,-255.0,18.0,41.0,58.0,107.0,-14.0,-1052.0,44.0,163.0
1101,-259.0,13.0,37.0,51.0,104.0,-16.0,-1057.0,49.0,160.0
1102,-254.0,18.0,40.0,47.0,100.0,-20.0,-1057.0,43.0,164.0
1103,-255.0,16.0,38.0,42.0,96.0,-25.0,-1058.0,42.0,165.0
1104,-256.0,16.0,43.0,38.0,93.0,-30.0,-1058.0,42.0,165.0
1105,-254.0,14.0,44.0,32.0,91.0,-34.0,-1056.0,37.0,168.0
1106,-257.0,11.0,43.0,29.0,92.0,-38.0,-1058.0,34.0,169.0
1107,-256.0,11.0,47.0,27.0,95.0,-43.0,-1064.0,29.0,172.0
1108,-255.0,11.0,47.0,23.0,96.0,-45.0,-1057.0,23.0,177.0
1109,-255.0,11.0,45.0,23.0,99.0,-47.0,-1054.0,24.0,182.0
1110,-253.0,10.0,46.0,25.0,102.0,-49.0,-1046.0,20.0,182.0
1111,-250.0,8.0,48.0,25.0,105.0,-50.0,-1040.0,13.0,176.0
1112,-249.0,8.0,47.0,24.0,107.0,-47.0,-1037.0,10.0,180.0
1113,-250.0,4.0,48.0,25.0,103.0,-46.0,-1029.0,10.0,176.0
1114,-250.0,7.0,44.0,25.0,98.0,-43.0,-1035.0,9.0,182.0
1115,-248.0,6.0,50.0,26.0,91.0,-44.0,-1031.0,8.0,186.0
1116,-248.0,8.0,51.0,29.0,84.0,-41.0,-1032.0,9.0,186.0
1117,-251.0,6.0,49.0,31.0,77.0,-37.0,-1036.0,5.0,184.0
1118,-249.0,6.0,49.0,32.0,71.0,-36.0,-1026.0,11.0,185.0
1119,-250.0,7.0,45.0,33.0,68.0,-34.0,-1030.0,9.0,170.0
1120,-250.0,8.0,48.0,34.0,65.0,-30.0,-1035.0,6.0,174.0
1121,-251.0,11.0,44.0,32.0,63.0,-28.0,-1040.0,9.0,178.0
1122,-246.0,12.0,53.0,29.0,61.0,-26.0,-1044.0,14.0,178.0
1123,-255.0,10.0,43.0,26.0,58.0,-21.0,-1040.0,12.0,174.0
1124,-252.0,10.0,43.0,25.0,54.0,-17.0,-1052.0,20.0,171.0
1125,-252.0,8.0,42.0,25.0,53.0,-13.0,-1049.0,19.0,166.0
1126,-255.0,11.0,43.0,23.0,53.0,-10.0,-1052.0,21.0,160.0
1127,-252.0,12.0,41.0,20.0,55.0,-6.0,-1047.0,23.0,157.0
1128,-250.0,10.0,39.0,17.0,57.0,-7.0,-1046.0,20.0,158.0
1129,-257.0,10.0,34.0,14.0,54.0,-10.0,-1061.0,17.0,164.0
1130,-254.0,4.0,41.0,8.0,49.0,-10.0,-1058.0,14.0,162.0
1131,-256.0,10.0,44.0,5.0,45.0,-9.0,-1062.0,12.0,163.0
1132,-257.0,8.0,45.0,4.0,39.0,-11.0,-1061.0,9.0,162.0
1133,-257.0,7.0,45.0,7.0,37.0,-12.0,-1055.0,11.0,164.0
1134,-253.0,5.0,41.0,11.0,37.0,-17.0,-1057.0,6.0,163.0
1135,-252.0,4.0,41.0,17.0,38.0,-19.0,-1049.0,9.0,162.0
1136,-255.0,7.0,42.0,23.0,39.0,-21.0,-1050.0,6.0,162.0
1137,-254.0,6.0,43.0,31.0,41.0,-23.0,-1052.0,9.0,162.0
1138,-255.0,7.0,40.0,36.0,46.0,-23.0,-1053.0,8.0,162.0
1139,-252.0,5.0,37.0,42.0,48.0,-23.0,-1049.0,7.0,161.0
1140,-250.0,6.0,43.0,47.0,47.0,-22.0,-1045.0,9.0,162.0
1141,-256.0,6.0,38.0,52.0,45.0,-20.0,-1051.0,8.0,162.0
1142,-253.0,6.0,44.0,56.0,42.0,-19.0,-1046.0,13.0,162.0
1143,-253.0,4.0,46.0,62.0,37.0,-19.0,-1045.0,15.0,157.0
1144,-252.0,7.0,41.0,65.0,32.0,-15.0,-1047.0,11.0,157.0
1145,-250.0,8.0,39.0,68.0,26.0,-12.0,-1052.0,14.0,161.0
1146,-250.0,8.0,41.0,71.0,18.0,-11.0,-1044.0,17.0,159.0
1147,-255.0,9.0,44.0,72.0,12.0,-9.0,-1048.0,17.0,163.0
1148,-250.0,7.0,41.0,73.0,4.0,-6.0,-1045.0,17.0,163.0
1149,-252.0,10.0,40.0,74.0,-1.0,-6.0,-1040.0,19.0,160.0
1150,-254.0,11.0,45.0,75.0,-5.0,-4.0,-1043.0,23.0,164.0
1151,-254.0,12.0,41.0,77.0,-8.0,-2.0,-1051.0,22.0,164.0
1152,-253.0,12.0,42.0,77.0,-7.0,-5.0,-1043.0,26.0,163.0
1153,-251.0,7.0,41.0,78.0,-6.0,-6.0,-1050.0,23.0,160.0
1154,-249.0,5.0,43.0,75.0,-3.0,-6.0,-1049.0,23.0,166.0
1155,-251.0,12.0,43.0,72.0,-2.0,-4.0,-1055.0,26.0,161.0
1156,-254.0,11.0,41.0,72.0,-3.0,-6.0,-1046.0,18.0,163.0
1157,-253.0,6.0,39.0,72.0,-2.0,-9.0,-1051.0,14.0,163.0
1158,-251.0,8.0,42.0,70.0,-1.0,-7.0,-1057.0,13.0,167.0
1159,-256.0,8.0,41.0,71.0,-1.0,-8.0,-1050.0,15.0,170.0
1160,-251.0,8.0,43.0,75.0,-2.0,-10.0,-1045.0,11.0,168.0
1161,-254.0,8.0,44.0,79.0,-2.0,-8.0,-1044.0,6.0,169.0
1162,-251.0,7.0,44.0,87.0,-1.0,-8.0,-1042.0,8.0,166.0
1163,-244.0,4.0,43.0,96.0,0.0,-7.0,-1042.0,9.0,170.0
1164,-249.0,10.0,44.0,105.0,2.0,-6.0,-1045.0,11.0,166.0
1165,-254.0,11.0,40.0,114.0,6.0,-8.0,-1033.0,17.0,166.0
1166,-249.0,10.0,46.0,123.0,8.0,-5.0,-1031.0,20.0,166.0
1167,-251.0,10.0,46.0,129.0,10.0,-3.0,-1037.0,21.0,168.0
1168,-250.0,10.0,41.0,132.0,12.0,-2.0,-1034.0,20.0,167.0
1169,-247.0,14.0,43.0,135.0,13.0,-1.0,-1029.0,24.0,166.0
1170,-246.0,8.0,44.0,132.0,13.0,3.0,-1038.0,30.0,164.0
1171,-249.0,8.0,45.0,130.0,9.0,3.0,-1035.0,27.0,172.0
1172,-257.0,8.0,45.0,126.0,7.0,4.0,-1068.0,27.0,165.0
1173,-246.0,15.0,44.0,122.0,-6.0,12.0,-1029.0,31.0,172.0
1174,-247.0,15.0,47.0,121.0,-14.0,6.0,-1032.0,28.0,173.0
1175,-250.0,10.0,45.0,119.0,-10.0,7.0,-1041.0,27.0,180.0
1176,-252.0,14.0,44.0,118.0,-6.0,6.0,-1042.0,34.0,179.0
1177,-252.0,12.0,44.0,115.0,-4.0,10.0,-1046.0,31.0,179.0
1178,-253.0,16.0,44.0,112.0,-3.0,10.0,-1038.0,30.0,178.0
1179,-252.0,12.0,46.0,106.0,0.0,11.0,-1045.0,38.0,178.0
1180,-248.0,15.0,44.0,102.0,5.0,10.0,-1046.0,43.0,174.0
1181,-253.0,14.0,44.0,95.0,11.0,9.0,-1039.0,39.0,170.0
1182,-255.0,14.0,43.0,87.0,18.0,6.0,-1044.0,40.0,171.0
1183,-250.0,13.0,49.0,76.0,23.0,7.0,-1042.0,36.0,171.0
1184,-249.0,14.0,49.0,64.0,25.0,5.0,-1043.0,42.0,169.0
1185,-255.0,14.0,48.0,51.0,25.0,4.0,-1044.0,36.0,169.0
1186,-251.0,10.0,44.0,36.0,26.0,3.0,-1044.0,30.0,173.0
1187,-253.0,13.0,43.0,25.0,22.0,1.0,-1042.0,29.0,172.0
1188,-254.0,13.0,45.0,18.0,20.0,-3.0,-1049.0,23.0,175.0
1189,-252.0,12.0,47.0,11.0,14.0,-3.0,-1048.0,23.0,171.0
1190,-253.0,11.0,49.0,11.0,7.0,-4.0,-1042.0,23.0,171.0
1191,-252.0,8.0,44.0,12.0,6.0,-5.0,-1045.0,25.0,172.0
1192,-251.0,11.0,43.0,17.0,5.0,-4.0,-1049.0,25.0,174.0
1193,-250.0,12.0,44.0,24.0,6.0,-4.0,-1046.0,25.0,167.0
1194,-253.0,11.0,39.0,31.0,8.0,-4.0,-1047.0,28.0,164.0
1195,-248.0,12.0,41.0,36.0,11.0,-5.0,-1045.0,25.0,161.0
1196,-254.0,15.0,41.0,42.0,13.0,-6.0,-1046.0,31.0,160.0
1197,-254.0,9.0,42.0,45.0,15.0,-7.0,-1050.0,36.0,155.0
1198,-252.0,15.0,42.0,45.0,16.0,-6.0,-1049.0,40.0,156.0
1199,-255.0,13.0,40.0,44.0,15.0,-7.0,-1053.0,35.0,153.0
1200,-254.0,12.0,43.0,41.0,12.0,-7.0,-1049.0,31.0,160.0
1201,-252.0,12.0,40.0,39.0,8.0,-10.0,-1048.0,32.0,157.0
1202,-256.0,14.0,40.0,37.0,7.0,-11.0,-1045.0,31.0,159.0
1203,-251.0,9.0,43.0,35.0,3.0,-9.0,-1045.0,28.0,163.0
1204,-253.0,12.0,45.0,35.0,2.0,-9.0,-1048.0,26.0,163.0
1205,-253.0,11.0,46.0,35.0,2.0,-10.0,-1046.0,27.0,170.0
1206,-254.0,12.0,45.0,39.0,1.0,-12.0,-1042.0,24.0,172.0
1207,-249.0,9.0,42.0,42.0,1.0,-12.0,-1041.0,20.0,171.0
1208,-251.0,11.0,47.0,45.0,2.0,-12.0,-1042.0,19.0,169.0
1209,-253.0,10.0,47.0,47.0,2.0,-11.0,-1050.0,22.0,170.0
1210,-251.0,9.0,43.0,50.0,1.0,-12.0,-1044.0,19.0,169.0
1211,-253.0,12.0,45.0,51.0,2.0,-10.0,-1044.0,21.0,171.0
1212,-253.0,13.0,43.0,50.0,1.0,-10.0,-1043.0,21.0,168.0
1213,-251.0,10.0,45.0,51.0,1.0,-11.0,-1042.0,20.0,167.0
1214,-252.0,9.0,45.0,49.0,0.0,-10.0,-1043.0,22.0,165.0
1215,-251.0,7.0,43.0,49.0,-1.0,-10.0,-1044.0,15.0,172.0
1216,-251.0,9.0,44.0,48.0,-4.0,-10.0,-1038.0,15.0,172.0
1217,-250.0,7.0,47.0,48.0,-7.0,-9.0,-1043.0,19.0,167.0
1218,-247.0,7.0,51.0,47.0,-12.0,-9.0,-1046.0,16.0,175.0
1219,-252.0,13.0,44.0,49.0,-16.0,-8.0,-1047.0,20.0,166.0
1220,-251.0,7.0,45.0,52.0,-15.0,-8.0,-1046.0,20.0,171.0
1221,-252.0,10.0,44.0,55.0,-14.0,-8.0,-1045.0,24.0,172.0
1222,-251.0,11.0,44.0,58.0,-12.0,-9.0,-1038.0,23.0,167.0
1223,-250.0,10.0,45.0,60.0,-9.0,-9.0,-1049.0,23.0,166.0
1224,-251.0,12.0,47.0,61.0,-8.0,-8.0,-1049.0,27.0,172.0
1225,-250.0,7.0,43.0,59.0,-7.0,-7.0,-1044.0,26.0,168.0
1226,-249.0,12.0,48.0,57.0,-6.0,-7.0,-1043.0,28.0,177.0
1227,-249.0,12.0,47.0,53.0,-5.0,-6.0,-1044.0,21.0,170.0
1228,-250.0,12.0,46.0,50.0,-4.0,-6.0,-1046.0,29.0,175.0
1229,-250.0,13.0,45.0,46.0,-1.0,-7.0,-1045.0,29.0,172.0
1230,-250.0,13.0,41.0,42.0,2.0,-6.0,-1037.0,29.0,173.0
1231,-250.0,11.0,43.0,39.0,4.0,-7.0,-1040.0,26.0,169.0
1232,-250.0,12.0,46.0,35.0,7.0,-7.0,-1038.0,31.0,175.0
1233,-249.0,12.0,46.0,34.0,9.0,-10.0,-1037.0,26.0,176.0
1234,-252.0,11.0,50.0,31.0,9.0,-9.0,-1032.0,23.0,176.0
1235,-248.0,10.0,48.0,26.0,10.0,-7.0,-1042.0,26.0,175.0
1236,-252.0,10.0,46.0,23.0,8.0,-8.0,-1040.0,21.0,188.0
1237,-250.0,8.0,47.0,22.0,6.0,-9.0,-1034.0,20.0,179.0
1238,-250.0,12.0,50.0,22.0,3.0,-8.0,-1043.0,22.0,179.0
1239,-252.0,9.0,41.0,21.0,3.0,-8.0,-1040.0,26.0,185.0
1240,-251.0,13.0,48.0,20.0,5.0,-8.0,-1042.0,27.0,179.0
1241,-251.0,14.0,47.0,20.0,8.0,-7.0,-1035.0,26.0,179.0
1242,-249.0,12.0,50.0,20.0,11.0,-7.0,-1041.0,27.0,174.0
1243,-251.0,13.0,43.0,20.0,14.0,-7.0,-1040.0,35.0,178.0
1244,-252.0,17.0,45.0,19.0,17.0,-5.0,-1041.0,35.0,179.0
1245,-252.0,15.0,49.0,16.0,19.0,-8.0,-1042.0,30.0,184.0
1246,-251.0,13.0,45.0,14.0,22.0,-7.0,-1043.0,29.0,182.0
1247,-255.0,11.0,45.0,12.0,24.0,-10.0,-1043.0,31.0,183.0
1248,-253.0,14.0,46.0,10.0,24.0,-11.0,-1039.0,39.0,176.0
1249,-253.0,10.0,49.0,9.0,27.0,-12.0,-1034.0,34.0,183.0
1250,-246.0,15.0,44.0,8.0,29.0,-12.0,-1041.0,23.0,174.0
1251,-253.0,11.0,48.0,8.0,30.0,-13.0,-1041.0,27.0,179.0
1252,-249.0,9.0,47.0,8.0,34.0,-16.0,-1040.0,23.0,180.0
1253,-252.0,13.0,46.0,7.0,36.0,-16.0,-1036.0,21.0,178.0
1254,-250.0,10.0,46.0,7.0,38.0,-15.0,-1038.0,15.0,172.0
1255,-250.0,8.0,44.0,9.0,40.0,-17.0,-1038.0,18.0,178.0
1256,-253.0,9.0,49.0,10.0,41.0,-17.0,-1039.0,11.0,169.0
1257,-248.0,7.0,43.0,12.0,41.0,-13.0,-1038.0,12.0,177.0
1258,-249.0,6.0,46.0,17.0,41.0,-12.0,-1043.0,11.0,173.0
1259,-252.0,7.0,44.0,20.0,39.0,-13.0,-1041.0,10.0,168.0
1260,-252.0,8.0,48.0,25.0,36.0,-12.0,-1040.0,14.0,169.0
1261,-252.0,8.0,49.0,32.0,35.0,-11.0,-1042.0,13.0,174.0
1262,-252.0,8.0,45.0,39.0,35.0,-7.0,-1042.0,15.0,173.0
1263,-253.0,10.0,45.0,43.0,36.0,-8.0,-1044.0,26.0,171.0
1264,-251.0,8.0,44.0,46.0,39.0,-7.0,-1040.0,28.0,165.0
1265,-253.0,14.0,42.0,44.0,42.0,-7.0,-1047.0,30.0,168.0
1266,-252.0,15.0,49.0,40.0,43.0,-6.0,-1043.0,29.0,162.0
1267,-250.0,12.0,44.0,35.0,42.0,-7.0,-1044.0,30.0,167.0
1268,-253.0,14.0,46.0,29.0,42.0,-6.0,-1049.0,29.0,165.0
1269,-253.0,12.0,42.0,21.0,42.0,-6.0,-1046.0,29.0,163.0
1270,-253.0,13.0,41.0,13.0,42.0,-6.0,-1044.0,31.0,162.0
1271,-258.0,10.0,38.0,5.0,42.0,-5.0,-1050.0,27.0,169.0
1272,-252.0,12.0,45.0,-5.0,41.0,-5.0,-1043.0,30.0,160.0
1273,-251.0,13.0,42.0,-13.0,41.0,-4.0,-1047.0,30.0,167.0
1274,-250.0,10.0,40.0,-19.0,39.0,-5.0,-1044.0,26.0,164.0
1275,-253.0,14.0,42.0,-24.0,37.0,-5.0,-1045.0,25.0,165.0
1276,-255.0,11.0,45.0,-28.0,33.0,-5.0,-1046.0,25.0,166.0
1277,-252.0,9.0,42.0,-29.0,28.0,-6.0,-1052.0,17.0,167.0
1278,-251.0,13.0,42.0,-26.0,24.0,-7.0,-1050.0,18.0,171.0
1279,-252.0,9.0,43.0,-20.0,21.0,-8.0,-1051.0,24.0,167.0
1280,-249.0,7.0,42.0,-14.0,20.0,-9.0,-1048.0,23.0,174.0
1281,-251.0,10.0,41.0,-8.0,22.0,-12.0,-1047.0,24.0,166.0
1282,-254.0,11.0,39.0,-1.0,22.0,-12.0,-1043.0,23.0,165.0
1283,-252.0,10.0,43.0,2.0,26.0,-14.0,-1044.0,22.0,158.0
1284,-255.0,12.0,41.0,3.0,28.0,-14.0,-1045.0,21.0,161.0
1285,-252.0,8.0,43.0,1.0,32.0,-12.0,-1043.0,19.0,161.0
1286,-250.0,10.0,45.0,-1.0,36.0,-13.0,-1043.0,20.0,166.0
1287,-251.0,10.0,43.0,-4.0,37.0,-13.0,-1042.0,18.0,166.0
1288,-253.0,9.0,39.0,-4.0,37.0,-13.0,-1044.0,18.0,161.0
1289,-254.0,7.0,45.0,-4.0,35.0,-10.0,-1046.0,15.0,168.0
1290,-252.0,7.0,44.0,-1.0,34.0,-7.0,-1046.0,13.0,170.0
1291,-251.0,8.0,47.0,6.0,31.0,-3.0,-1048.0,11.0,173.0
1292,-253.0,6.0,47.0,12.0,29.0,-1.0,-1046.0,9.0,164.0
1293,-245.0,13.0,45.0,20.0,25.0,0.0,-1041.0,12.0,167.0
1294,-253.0,6.0,49.0,28.0,23.0,2.0,-1047.0,11.0,163.0
1295,-249.0,5.0,41.0,35.0,23.0,3.0,-1043.0,14.0,168.0
1296,-253.0,9.0,42.0,42.0,22.0,5.0,-1038.0,18.0,169.0
1297,-250.0,7.0,46.0,44.0,22.0,5.0,-1047.0,22.0,166.0
1298,-253.0,9.0,43.0,45.0,17.0,7.0,-1046.0,20.0,159.0
1299,-255.0,13.0,42.0,44.0,13.0,8.0,-1056.0,21.0,165.0
1300,-253.0,10.0,40.0,43.0,10.0,9.0,-1046.0,22.0,166.0
1301,-252.0,16.0,37.0,40.0,6.0,10.0,-1045.0,30.0,153.0
1302,-253.0,13.0,42.0,37.0,4.0,10.0,-1046.0,30.0,162.0
1303,-253.0,10.0,40.0,33.0,2.0,9.0,-1047.0,33.0,160.0
1304,-255.0,15.0,42.0,27.0,2.0,7.0,-1043.0,36.0,163.0
1305,-252.0,14.0,44.0,22.0,0.0,5.0,-1046.0,34.0,162.0
1306,-253.0,15.0,42.0,14.0,-2.0,4.0,-1047.0,37.0,163.0
1307,-252.0,15.0,42.0,5.0,-3.0,0.0,-1047.0,32.0,167.0
1308,-256.0,18.0,43.0,-1.0,-4.0,-3.0,-1045.0,41.0,165.0
1309,-254.0,17.0,46.0,-7.0,-2.0,-7.0,-1043.0,41.0,161.0
1310,-253.0,14.0,45.0,-12.0,-2.0,-11.0,-1047.0,38.0,165.0
1311,-251.0,13.0,42.0,-18.0,0.0,-15.0,-1045.0,31.0,179.0
1312,-251.0,15.0,42.0,-17.0,3.0,-17.0,-1042.0,29.0,165.0
1313,-250.0,11.0,44.0,-17.0,7.0,-20.0,-1044.0,30.0,171.0
1314,-248.0,8.0,45.0,-14.0,8.0,-22.0,-1046.0,26.0,170.0
1315,-253.0,14.0,44.0,-11.0,8.0,-23.0,-1042.0,27.0,170.0
1316,-252.0,8.0,42.0,-7.0,8.0,-24.0,-1043.0,23.0,170.0
1317,-254.0,11.0,46.0,-2.0,7.0,-26.0,-1041.0,23.0,167.0
1318,-250.0,11.0,45.0,4.0,5.0,-26.0,-1046.0,21.0,174.0
1319,-254.0,12.0,41.0,9.0,2.0,-27.0,-1041.0,23.0,173.0
1320,-253.0,11.0,44.0,16.0,0.0,-29.0,-1044.0,22.0,170.0
1321,-252.0,8.0,45.0,20.0,-2.0,-32.0,-1041.0,23.0,168.0
1322,-251.0,8.0,46.0,24.0,-4.0,-33.0,-1042.0,25.0,172.0
1323,-252.0,11.0,44.0,27.0,-5.0,-34.0,-1044.0,19.0,173.0
1324,-250.0,13.0,39.0,32.0,-5.0,-34.0,-1042.0,23.0,168.0
1325,-256.0,9.0,46.0,35.0,-4.0,-35.0,-1047.0,22.0,166.0
1326,-247.0,12.0,46.0,38.0,-3.0,-34.0,-1043.0,27.0,167.0
1327,-255.0,14.0,40.0,38.0,0.0,-31.0,-1048.0,26.0,162.0
1328,-255.0,12.0,41.0,35.0,3.0,-29.0,-1043.0,29.0,155.0
1329,-256.0,14.0,45.0,28.0,4.0,-26.0,-1051.0,33.0,155.0
1330,-256.0,16.0,41.0,19.0,5.0,-23.0,-1054.0,31.0,155.0
1331,-255.0,15.0,36.0,7.0,5.0,-20.0,-1048.0,31.0,161.0
1332,-254.0,15.0,41.0,-5.0,4.0,-17.0,-1054.0,31.0,154.0
1333,-254.0,14.0,37.0,-20.0,1.0,-16.0,-1052.0,30.0,157.0
1334,-252.0,15.0,41.0,-34.0,0.0,-15.0,-1047.0,32.0,162.0
1335,-250.0,16.0,38.0,-46.0,-4.0,-14.0,-1056.0,30.0,163.0
1336,-253.0,14.0,42.0,-57.0,-4.0,-12.0,-1042.0,29.0,162.0
1337,-252.0,13.0,42.0,-67.0,-6.0,-14.0,-1044.0,24.0,169.0
1338,-252.0,10.0,45.0,-75.0,-6.0,-14.0,-1046.0,25.0,165.0
1339,-252.0,9.0,42.0,-81.0,-6.0,-13.0,-1042.0,22.0,170.0
1340,-248.0,7.0,44.0,-86.0,-6.0,-13.0,-1040.0,15.0,170.0
1341,-251.0,7.0,49.0,-88.0,-7.0,-15.0,-1045.0,11.0,169.0
1342,-253.0,10.0,45.0,-87.0,-7.0,-12.0,-1039.0,11.0,168.0
1343,-250.0,8.0,46.0,-82.0,-6.0,-12.0,-1043.0,2.0,173.0
1344,-251.0,5.0,47.0,-75.0,-6.0,-11.0,-1042.0,1.0,176.0
1345,-251.0,5.0,41.0,-69.0,-5.0,-10.0,-1042.0,6.0,176.0
1346,-252.0,1.0,45.0,-63.0,-3.0,-11.0,-1039.0,3.0,167.0
1347,-253.0,4.0,43.0,-57.0,-2.0,-9.0,-1043.0,6.0,165.0
1348,-249.0,1.0,46.0,-51.0,-3.0,-8.0,-1040.0,-1.0,175.0
1349,-251.0,4.0,43.0,-41.0,-2.0,-8.0,-1039.0,-1.0,175.0
1350,-251.0,4.0,39.0,-33.0,-1.0,-7.0,-1041.0,-2.0,174.0
1351,-249.0,4.0,45.0,-24.0,-1.0,-6.0,-1044.0,-3.0,180.0
1352,-251.0,5.0,44.0,-13.0,1.0,-8.0,-1036.0,0.0,174.0
1353,-251.0,3.0,51.0,-2.0,2.0,-7.0,-1039.0,3.0,173.0
1354,-253.0,6.0,45.0,8.0,4.0,-6.0,-1036.0,5.0,170.0
1355,-250.0,7.0,42.0,15.0,4.0,-6.0,-1038.0,4.0,173.0
1356,-251.0,6.0,48.0,22.0,6.0,-5.0,-1042.0,4.0,169.0
1357,-255.0,8.0,43.0,26.0,6.0,-3.0,-1043.0,9.0,174.0
1358,-252.0,9.0,45.0,30.0,3.0,0.0,-1043.0,9.0,172.0
1359,-251.0,6.0,43.0,32.0,1.0,3.0,-1039.0,20.0,168.0
1360,-252.0,11.0,44.0,33.0,1.0,2.0,-1039.0,20.0,167.0
1361,-251.0,11.0,42.0,31.0,3.0,2.0,-1039.0,18.0,168.0
1362,-248.0,11.0,43.0,28.0,4.0,1.0,-1037.0,20.0,167.0
1363,-254.0,14.0,40.0,24.0,7.0,3.0,-1039.0,29.0,166.0
1364,-254.0,14.0,40.0,20.0,9.0,2.0,-1038.0,28.0,169.0
1365,-253.0,15.0,41.0,13.0,11.0,3.0,-1043.0,23.0,170.0
1366,-250.0,6.0,48.0,5.0,11.0,3.0,-1040.0,27.0,167.0
1367,-247.0,9.0,42.0,-3.0,11.0,5.0,-1037.0,22.0,172.0
1368,-253.0,13.0,40.0,-11.0,10.0,4.0,-1043.0,20.0,178.0
1369,-253.0,10.0,44.0,-18.0,9.0,5.0,-1047.0,23.0,178.0
1370,-249.0,11.0,44.0,-21.0,9.0,5.0,-1039.0,15.0,176.0
1371,-252.0,9.0,44.0,-22.0,8.0,6.0,-1039.0,21.0,180.0
1372,-250.0,7.0,50.0,-21.0,10.0,6.0,-1040.0,16.0,178.0
1373,-251.0,9.0,43.0,-19.0,13.0,4.0,-1039.0,17.0,179.0
1374,-253.0,9.0,48.0,-14.0,14.0,4.0,-1041.0,16.0,179.0
1375,-254.0,12.0,46.0,-9.0,16.0,3.0,-1043.0,18.0,177.0
1376,-249.0,9.0,48.0,-4.0,19.0,5.0,-1043.0,20.0,175.0
1377,-255.0,10.0,44.0,1.0,20.0,5.0,-1043.0,14.0,167.0
1378,-252.0,12.0,39.0,5.0,20.0,1.0,-1053.0,18.0,167.0
1379,-250.0,10.0,44.0,8.0,21.0,-1.0,-1042.0,22.0,168.0
1380,-253.0,9.0,43.0,11.0,20.0,-3.0,-1045.0,22.0,170.0
1381,-253.0,12.0,41.0,15.0,19.0,-3.0,-1046.0,24.0,168.0
1382,-252.0,11.0,47.0,16.0,21.0,-5.0,-1043.0,29.0,167.0
1383,-254.0,13.0,40.0,16.0,22.0,-6.0,-1040.0,26.0,167.0
1384,-252.0,11.0,40.0,15.0,26.0,-8.0,-1038.0,31.0,167.0
1385,-251.0,11.0,42.0,11.0,26.0,-9.0,-1047.0,28.0,168.0
1386,-252.0,12.0,44.0,9.0,27.0,-12.0,-1042.0,23.0,169.0
1387,-253.0,12.0,46.0,6.0,29.0,-12.0,-1048.0,24.0,173.0
1388,-255.0,12.0,44.0,3.0,29.0,-12.0,-1046.0,27.0,169.0
1389,-252.0,9.0,46.0,0.0,30.0,-14.0,-1040.0,21.0,175.0
1390,-252.0,11.0,45.0,-1.0,31.0,-13.0,-1042.0,21.0,171.0
1391,-248.0,9.0,43.0,-2.0,34.0,-14.0,-1042.0,24.0,170.0
1392,-250.0,9.0,45.0,-3.0,37.0,-14.0,-1036.0,15.0,174.0
1393,-252.0,9.0,43.0,-4.0,39.0,-14.0,-1042.0,18.0,170.0
1394,-251.0,7.0,47.0,-4.0,41.0,-15.0,-1041.0,15.0,173.0
1395,-250.0,7.0,49.0,-4.0,41.0,-14.0,-1044.0,19.0,174.0
1396,-250.0,8.0,45.0,-2.0,41.0,-15.0,-1041.0,12.0,170.0
1397,-252.0,6.0,43.0,1.0,43.0,-15.0,-1040.0,10.0,176.0
1398,-249.0,9.0,49.0,5.0,42.0,-13.0,-1038.0,12.0,177.0
1399,-250.0,8.0,40.0,9.0,40.0,-12.0,-1035.0,11.0,174.0
1400,-250.0,9.0,41.0,10.0,41.0,-11.0,-1041.0,17.0,172.0
1401,-251.0,11.0,43.0,13.0,39.0,-11.0,-1040.0,16.0,167.0
1402,-253.0,9.0,44.0,16.0,35.0,-8.0,-1040.0,14.0,166.0
1403,-253.0,8.0,45.0,19.0,33.0,-6.0,-1043.0,15.0,166.0
1404,-252.0,8.0,44.0,22.0,30.0,-4.0,-1044.0,17.0,165.0
1405,-255.0,11.0,45.0,25.0,27.0,-4.0,-1042.0,14.0,162.0
1406,-253.0,8.0,39.0,31.0,26.0,-3.0,-1044.0,17.0,162.0
1407,-252.0,12.0,37.0,35.0,25.0,-1.0,-1049.0,20.0,163.0
1408,-253.0,10.0,40.0,37.0,24.0,-1.0,-1041.0,17.0,162.0
1409,-254.0,9.0,41.0,39.0,23.0,1.0,-1048.0,18.0,158.0
1410,-253.0,11.0,46.0,41.0,21.0,0.0,-1047.0,18.0,158.0
1411,-251.0,8.0,42.0,42.0,19.0,-3.0,-1050.0,16.0,158.0
1412,-254.0,9.0,41.0,42.0,20.0,-4.0,-1046.0,17.0,158.0
1413,-254.0,12.0,41.0,44.0,19.0,-6.0,-1051.0,15.0,160.0
1414,-251.0,8.0,41.0,47.0,16.0,-9.0,-1048.0,16.0,165.0
1415,-254.0,8.0,38.0,50.0,13.0,-11.0,-1049.0,15.0,157.0
1416,-252.0,9.0,40.0,54.0,12.0,-12.0,-1048.0,14.0,161.0
1417,-250.0,6.0,44.0,56.0,9.0,-14.0,-1048.0,15.0,160.0
1418,-252.0,8.0,43.0,59.0,7.0,-16.0,-1049.0,13.0,167.0
1419,-251.0,3.0,50.0,63.0,8.0,-19.0,-1045.0,7.0,172.0
1420,-254.0,6.0,48.0,67.0,6.0,-19.0,-1049.0,10.0,168.0
1421,-253.0,7.0,43.0,72.0,4.0,-19.0,-1046.0,8.0,176.0
1422,-252.0,6.0,47.0,78.0,5.0,-20.0,-1044.0,9.0,185.0
1423,-250.0,7.0,46.0,85.0,9.0,-19.0,-1047.0,9.0,178.0
1424,-253.0,8.0,42.0,91.0,13.0,-17.0,-1046.0,2.0,176.0
1425,-251.0,7.0,45.0,94.0,17.0,-15.0,-1041.0,14.0,173.0
1426,-251.0,8.0,42.0,96.0,20.0,-13.0,-1049.0,12.0,164.0
1427,-252.0,7.0,42.0,99.0,22.0,-12.0,-1039.0,12.0,162.0
1428,-252.0,10.0,41.0,98.0,23.0,-11.0,-1043.0,21.0,159.0
1429,-252.0,8.0,44.0,96.0,21.0,-10.0,-1047.0,16.0,167.0
1430,-252.0,8.0,39.0,93.0,18.0,-10.0,-1043.0,18.0,161.0
1431,-258.0,9.0,43.0,90.0,14.0,-7.0,-1041.0,18.0,166.0
1432,-252.0,7.0,42.0,89.0,12.0,-8.0,-1044.0,19.0,168.0
1433,-250.0,7.0,41.0,89.0,9.0,-9.0,-1048.0,15.0,163.0
1434,-252.0,8.0,37.0,89.0,7.0,-8.0,-1041.0,14.0,163.0
1435,-250.0,9.0,41.0,90.0,6.0,-5.0,-1035.0,16.0,160.0
1436,-251.0,10.0,44.0,90.0,5.0,-4.0,-1039.0,22.0,161.0
1437,-250.0,11.0,41.0,91.0,4.0,-3.0,-1046.0,22.0,158.0
1438,-251.0,9.0,43.0,90.0,2.0,-2.0,-1043.0,23.0,164.0
1439,-252.0,10.0,46.0,90.0,-3.0,-3.0,-1042.0,24.0,155.0
1440,-251.0,12.0,40.0,89.0,-5.0,-3.0,-1046.0,26.0,159.0
1441,-250.0,14.0,44.0,87.0,-7.0,-6.0,-1042.0,27.0,164.0
1442,-252.0,17.0,46.0,85.0,-8.0,-5.0,-1044.0,25.0,166.0
1443,-250.0,8.0,42.0,83.0,-10.0,-5.0,-1045.0,25.0,163.0
1444,-252.0,13.0,44.0,82.0,-11.0,-5.0,-1050.0,23.0,167.0
1445,-253.0,11.0,44.0,81.0,-11.0,-4.0,-1045.0,27.0,170.0
1446,-251.0,14.0,43.0,82.0,-9.0,-4.0,-1041.0,27.0,162.0
1447,-253.0,11.0,43.0,81.0,-9.0,-4.0,-1043.0,21.0,167.0
1448,-249.0,11.0,45.0,79.0,-8.0,-7.0,-1046.0,23.0,167.0
1449,-255.0,12.0,46.0,80.0,-7.0,-6.0,-1043.0,23.0,162.0
1450,-255.0,8.0,46.0,79.0,-6.0,-8.0,-1044.0,20.0,163.0
1451,-248.0,10.0,40.0,80.0,-5.0,-12.0,-1048.0,16.0,168.0
1452,-250.0,12.0,44.0,80.0,-2.0,-12.0,-1043.0,16.0,171.0
1453,-251.0,13.0,39.0,82.0,0.0,-14.0,-1044.0,14.0,169.0
1454,-252.0,7.0,43.0,85.0,3.0,-16.0,-1044.0,12.0,178.0
1455,-250.0,8.0,45.0,85.0,4.0,-17.0,-1041.0,13.0,168.0
1456,-252.0,12.0,43.0,88.0,6.0,-16.0,-1039.0,17.0,175.0
1457,-252.0,8.0,46.0,86.0,6.0,-16.0,-1043.0,17.0,167.0
1458,-253.0,10.0,39.0,86.0,7.0,-17.0,-1043.0,14.0,166.0
1459,-253.0,10.0,46.0,85.0,6.0,-16.0,-1045.0,20.0,166.0
1460,-251.0,9.0,45.0,83.0,2.0,-15.0,-1051.0,17.0,167.0
1461,-251.0,10.0,44.0,82.0,-3.0,-16.0,-1048.0,20.0,172.0
1462,-253.0,14.0,50.0,83.0,-8.0,-14.0,-1052.0,21.0,170.0
1463,-256.0,10.0,48.0,84.0,-9.0,-14.0,-1043.0,17.0,166.0
1464,-251.0,10.0,44.0,85.0,-7.0,-10.0,-1043.0,21.0,168.0
1465,-251.0,11.0,42.0,84.0,-4.0,-9.0,-1035.0,28.0,166.0
1466,-251.0,11.0,46.0,82.0,0.0,-8.0,-1040.0,26.0,166.0
1467,-250.0,10.0,42.0,78.0,2.0,-8.0,-1045.0,22.0,169.0
1468,-253.0,11.0,45.0,73.0,2.0,-7.0,-1039.0,23.0,165.0
1469,-254.0,9.0,43.0,69.0,0.0,-5.0,-1045.0,20.0,166.0
1470,-253.0,9.0,44.0,65.0,-4.0,-5.0,-1042.0,19.0,166.0
1471,-254.0,7.0,43.0,61.0,-7.0,-4.0,-1043.0,18.0,168.0
1472,-252.0,8.0,43.0,60.0,-10.0,-6.0,-1040.0,26.0,169.0
1473,-252.0,13.0,49.0,59.0,-9.0,-7.0,-1038.0,18.0,178.0
1474,-250.0,7.0,39.0,60.0,-9.0,-9.0,-1041.0,18.0,176.0
1475,-248.0,6.0,43.0,59.0,-7.0,-9.0,-1042.0,25.0,170.0
1476,-249.0,7.0,46.0,59.0,-5.0,-8.0,-1041.0,16.0,173.0
1477,-252.0,9.0,44.0,60.0,-3.0,-10.0,-1041.0,15.0,175.0
1478,-253.0,8.0,44.0,60.0,-4.0,-11.0,-1041.0,15.0,175.0
1479,-254.0,10.0,47.0,60.0,-3.0,-11.0,-1037.0,18.0,175.0
1480,-251.0,12.0,45.0,60.0,-2.0,-10.0,-1046.0,18.0,170.0
1481,-252.0,8.0,48.0,61.0,-1.0,-11.0,-1046.0,19.0,166.0
1482,-254.0,7.0,47.0,62.0,-2.0,-13.0,-1039.0,20.0,170.0
1483,-249.0,6.0,47.0,63.0,-2.0,-14.0,-1041.0,14.0,171.0
1484,-247.0,7.0,41.0,65.0,0.0,-14.0,-1043.0,16.0,168.0
1485,-254.0,9.0,42.0,68.0,1.0,-16.0,-1042.0,15.0,173.0
1486,-253.0,13.0,43.0,71.0,3.0,-19.0,-1039.0,15.0,165.0
1487,-251.0,8.0,41.0,72.0,8.0,-20.0,-1039.0,14.0,166.0
1488,-251.0,11.0,42.0,76.0,11.0,-20.0,-1037.0,14.0,167.0
1489,-250.0,10.0,46.0,78.0,13.0,-21.0,-1039.0,18.0,167.0
1490,-249.0,8.0,45.0,79.0,16.0,-23.0,-1037.0,15.0,171.0
1491,-248.0,8.0,45.0,78.0,17.0,-24.0,-1035.0,18.0,170.0
1492,-250.0,6.0,41.0,79.0,19.0,-25.0,-1038.0,20.0,169.0
1493,-251.0,10.0,44.0,78.0,18.0,-26.0,-1034.0,16.0,171.0
1494,-251.0,13.0,44.0,80.0,17.0,-25.0,-1038.0,19.0,172.0
1495,-255.0,12.0,48.0,79.0,18.0,-27.0,-1039.0,19.0,173.0
1496,-251.0,6.0,45.0,79.0,16.0,-27.0,-1042.0,14.0,178.0
1497,-253.0,9.0,49.0,78.0,17.0,-28.0,-1042.0,16.0,176.0
1498,-252.0,11.0,44.0,81.0,16.0,-28.0,-1042.0,14.0,176.0
1499,-252.0,7.0,42.0,82.0,17.0,-27.0,-1042.0,23.0,175.0
1500,-253.0,7.0,48.0,85.0,17.0,-28.0,-1040.0,16.0,178.0
1501,-250.0,8.0,49.0,87.0,19.0,-27.0,-1045.0,21.0,173.0
1502,-259.0,12.0,48.0,88.0,21.0,-24.0,-1042.0,18.0,185.0
1503,-254.0,9.0,48.0,89.0,22.0,-24.0,-1051.0,16.0,179.0
1504,-254.0,6.0,49.0,92.0,19.0,-23.0,-1059.0,21.0,179.0
1505,-253.0,9.0,52.0,94.0,18.0,-20.0,-1050.0,25.0,185.0
1506,-248.0,3.0,43.0,96.0,19.0,-21.0,-1044.0,24.0,180.0
1507,-249.0,10.0,44.0,94.0,23.0,-19.0,-1044.0,22.0,173.0
1508,-249.0,10.0,40.0,90.0,27.0,-18.0,-1042.0,17.0,166.0
1509,-251.0,12.0,47.0,81.0,30.0,-18.0,-1035.0,21.0,170.0
1510,-250.0,7.0,46.0,74.0,30.0,-16.0,-1038.0,23.0,169.0
1511,-251.0,13.0,42.0,67.0,26.0,-15.0,-1038.0,24.0,170.0
1512,-253.0,11.0,45.0,61.0,24.0,-13.0,-1044.0,21.0,175.0
1513,-251.0,7.0,42.0,54.0,19.0,-11.0,-1045.0,24.0,172.0
1514,-254.0,9.0,41.0,50.0,15.0,-12.0,-1042.0,19.0,167.0
1515,-250.0,10.0,46.0,50.0,15.0,-10.0,-1038.0,19.0,170.0
1516,-251.0,8.0,45.0,49.0,13.0,-10.0,-1045.0,22.0,167.0
1517,-252.0,8.0,45.0,50.0,14.0,-11.0,-1039.0,16.0,169.0
1518,-252.0,12.0,40.0,50.0,16.0,-10.0,-1042.0,19.0,165.0
1519,-251.0,10.0,40.0,49.0,16.0,-10.0,-1045.0,21.0,167.0
1520,-253.0,10.0,41.0,47.0,16.0,-9.0,-1044.0,25.0,166.0
1521,-251.0,12.0,45.0,44.0,12.0,-9.0,-1042.0,21.0,173.0
1522,-253.0,8.0,44.0,45.0,9.0,-10.0,-1042.0,19.0,168.0
1523,-256.0,12.0,44.0,45.0,9.0,-11.0,-1049.0,20.0,174.0
1524,-255.0,12.0,43.0,45.0,10.0,-11.0,-1047.0,20.0,178.0
1525,-252.0,11.0,48.0,47.0,11.0,-12.0,-1045.0,20.0,170.0
1526,-251.0,7.0,45.0,47.0,12.0,-13.0,-1050.0,21.0,173.0
1527,-256.0,10.0,49.0,48.0,11.0,-15.0,-1048.0,18.0,174.0
1528,-254.0,10.0,48.0,50.0,10.0,-16.0,-1055.0,17.0,168.0
1529,-254.0,11.0,44.0,53.0,9.0,-16.0,-1054.0,15.0,180.0
1530,-251.0,9.0,49.0,57.0,11.0,-14.0,-1040.0,9.0,171.0
1531,-250.0,6.0,40.0,60.0,15.0,-12.0,-1044.0,13.0,172.0
1532,-253.0,11.0,45.0,60.0,19.0,-10.0,-1043.0,15.0,175.0
1533,-253.0,8.0,45.0,60.0,21.0,-12.0,-1041.0,17.0,167.0
1534,-251.0,9.0,41.0,60.0,20.0,-12.0,-1038.0,11.0,176.0
1535,-250.0,7.0,41.0,61.0,20.0,-11.0,-1041.0,13.0,170.0
1536,-253.0,6.0,46.0,61.0,17.0,-12.0,-1039.0,15.0,166.0
1537,-252.0,13.0,46.0,61.0,15.0,-12.0,-1038.0,15.0,169.0
1538,-252.0,6.0,44.0,59.0,15.0,-9.0,-1032.0,13.0,168.0
1539,-251.0,9.0,41.0,56.0,13.0,-8.0,-1039.0,14.0,169.0
1540,-252.0,8.0,41.0,57.0,11.0,-7.0,-1036.0,16.0,163.0
1541,-252.0,10.0,44.0,57.0,11.0,-9.0,-1041.0,17.0,166.0
1542,-252.0,7.0,40.0,57.0,9.0,-7.0,-1042.0,13.0,165.0
1543,-251.0,10.0,45.0,58.0,7.0,-6.0,-1040.0,16.0,168.0
1544,-252.0,8.0,42.0,59.0,5.0,-4.0,-1043.0,19.0,168.0
1545,-251.0,8.0,41.0,61.0,3.0,-5.0,-1046.0,16.0,173.0
1546,-255.0,10.0,45.0,64.0,0.0,-4.0,-1048.0,14.0,165.0
1547,-250.0,8.0,45.0,66.0,1.0,-5.0,-1042.0,17.0,167.0
1548,-251.0,8.0,43.0,65.0,1.0,-4.0,-1047.0,21.0,166.0
1549,-248.0,8.0,44.0,65.0,3.0,-8.0,-1042.0,20.0,166.0
1550,-253.0,11.0,40.0,64.0,5.0,-9.0,-1042.0,22.0,162.0
1551,-252.0,8.0,44.0,64.0,4.0,-9.0,-1047.0,20.0,173.0
1552,-252.0,10.0,41.0,64.0,6.0,-9.0,-1045.0,17.0,168.0
1553,-251.0,7.0,45.0,63.0,7.0,-13.0,-1044.0,16.0,168.0
1554,-253.0,9.0,46.0,64.0,7.0,-13.0,-1045.0,19.0,168.0
1555,-252.0,9.0,42.0,66.0,7.0,-13.0,-1049.0,17.0,173.0
1556,-251.0,12.0,40.0,65.0,8.0,-14.0,-1045.0,17.0,173.0
1557,-252.0,9.0,43.0,65.0,8.0,-13.0,-1043.0,8.0,175.0
1558,-251.0,8.0,39.0,65.0,9.0,-15.0,-1040.0,14.0,179.0
1559,-253.0,11.0,43.0,63.0,9.0,-14.0,-1040.0,15.0,179.0
1560,-251.0,8.0,46.0,65.0,11.0,-16.0,-1039.0,12.0,178.0
1561,-248.0,5.0,47.0,66.0,14.0,-19.0,-1041.0,10.0,181.0
1562,-250.0,6.0,47.0,67.0,16.0,-20.0,-1034.0,11.0,177.0
1563,-249.0,8.0,45.0,70.0,19.0,-18.0,-1039.0,8.0,181.0
1564,-247.0,7.0,43.0,73.0,21.0,-19.0,-1041.0,13.0,180.0
1565,-251.0,7.0,43.0,78.0,23.0,-19.0,-1038.0,5.0,174.0
1566,-249.0,6.0,48.0,81.0,23.0,-18.0,-1045.0,14.0,183.0
1567,-250.0,7.0,41.0,85.0,25.0,-17.0,-1039.0,15.0,169.0
1568,-252.0,8.0,40.0,86.0,25.0,-16.0,-1042.0,9.0,176.0
1569,-252.0,8.0,43.0,89.0,25.0,-15.0,-1041.0,15.0,173.0
1570,-251.0,9.0,42.0,90.0,27.0,-12.0,-1041.0,15.0,168.0
1571,-251.0,9.0,44.0,92.0,28.0,-11.0,-1045.0,15.0,168.0
1572,-249.0,8.0,43.0,92.0,28.0,-11.0,-1042.0,16.0,170.0
1573,-250.0,7.0,47.0,93.0,26.0,-9.0,-1041.0,13.0,167.0
1574,-251.0,9.0,44.0,92.0,26.0,-7.0,-1039.0,18.0,170.0
1575,-253.0,10.0,44.0,93.0,26.0,-5.0,-1038.0,21.0,168.0
1576,-254.0,14.0,43.0,90.0,24.0,-3.0,-1041.0,23.0,168.0
1577,-251.0,13.0,45.0,88.0,18.0,-3.0,-1045.0,26.0,171.0
1578,-252.0,16.0,44.0,85.0,14.0,-2.0,-1046.0,24.0,175.0
1579,-253.0,12.0,41.0,84.0,10.0,0.0,-1044.0,28.0,170.0
1580,-253.0,14.0,45.0,80.0,7.0,-1.0,-1045.0,27.0,171.0
1581,-246.0,5.0,49.0,77.0,4.0,-2.0,-1046.0,28.0,168.0
1582,-253.0,13.0,42.0,71.0,1.0,0.0,-1051.0,30.0,169.0
1583,-254.0,14.0,45.0,67.0,-1.0,-1.0,-1045.0,28.0,166.0
1584,-251.0,11.0,41.0,65.0,-1.0,-2.0,-1053.0,22.0,167.0
1585,-255.0,12.0,41.0,59.0,-1.0,-1.0,-1055.0,27.0,171.0
1586,-255.0,12.0,42.0,57.0,0.0,-5.0,-1051.0,30.0,171.0
1587,-256.0,15.0,45.0,54.0,-1.0,-6.0,-1044.0,23.0,170.0
1588,-253.0,13.0,46.0,50.0,1.0,-7.0,-1046.0,24.0,164.0
1589,-250.0,10.0,46.0,49.0,3.0,-8.0,-1043.0,23.0,170.0
1590,-253.0,11.0,45.0,47.0,6.0,-10.0,-1042.0,18.0,172.0
1591,-252.0,9.0,47.0,49.0,8.0,-12.0,-1042.0,21.0,175.0
1592,-251.0,11.0,46.0,51.0,10.0,-14.0,-1041.0,23.0,169.0
1593,-254.0,8.0,43.0,54.0,12.0,-15.0,-1040.0,13.0,172.0
1594,-252.0,9.0,44.0,57.0,15.0,-16.0,-1041.0,18.0,169.0
1595,-253.0,9.0,44.0,63.0,17.0,-16.0,-1041.0,13.0,168.0
1596,-252.0,10.0,45.0,66.0,17.0,-16.0,-1042.0,17.0,171.0
1597,-253.0,8.0,45.0,67.0,17.0,-16.0,-1045.0,18.0,179.0
1598,-254.0,9.0,42.0,70.0,17.0,-16.0,-1038.0,17.0,176.0
1599,-252.0,8.0,46.0,71.0,15.0,-14.0,-1039.0,18.0,168.0
1600,-251.0,9.0,44.0,70.0,14.0,-15.0,-1042.0,19.0,169.0
1601,-253.0,10.0,43.0,69.0,15.0,-11.0,-1043.0,17.0,167.0
1602,-253.0,12.0,44.0,67.0,16.0,-12.0,-1042.0,17.0,165.0
1603,-253.0,10.0,47.0,65.0,15.0,-11.0,-1039.0,24.0,166.0
1604,-251.0,13.0,42.0,63.0,13.0,-12.0,-1041.0,19.0,172.0
1605,-253.0,11.0,39.0,61.0,11.0,-11.0,-1043.0,25.0,170.0
1606,-249.0,8.0,43.0,60.0,9.0,-11.0,-1047.0,18.0,169.0
1607,-254.0,11.0,41.0,58.0,8.0,-11.0,-1046.0,20.0,169.0
1608,-253.0,9.0,41.0,56.0,5.0,-9.0,-1045.0,22.0,173.0
1609,-254.0,14.0,46.0,53.0,4.0,-11.0,-1048.0,20.0,172.0
1610,-251.0,8.0,44.0,53.0,2.0,-8.0,-1041.0,22.0,169.0
1611,-252.0,9.0,43.0,50.0,1.0,-8.0,-1040.0,18.0,177.0
1612,-253.0,7.0,48.0,47.0,2.0,-9.0,-1041.0,20.0,177.0
1613,-251.0,7.0,48.0,45.0,2.0,-8.0,-1046.0,17.0,178.0
1614,-252.0,12.0,45.0,44.0,3.0,-8.0,-1044.0,22.0,181.0
1615,-252.0,11.0,45.0,42.0,5.0,-8.0,-1041.0,20.0,181.0
1616,-254.0,12.0,47.0,41.0,10.0,-8.0,-1045.0,16.0,184.0
1617,-251.0,9.0,44.0,42.0,17.0,-8.0,-1043.0,15.0,177.0
1618,-251.0,11.0,45.0,42.0,21.0,-9.0,-1038.0,18.0,173.0
1619,-250.0,5.0,43.0,41.0,21.0,-9.0,-1039.0,18.0,174.0
1620,-250.0,6.0,43.0,43.0,21.0,-9.0,-1042.0,15.0,171.0
1621,-251.0,12.0,44.0,44.0,19.0,-8.0,-1041.0,19.0,165.0
1622,-252.0,6.0,45.0,44.0,18.0,-8.0,-1044.0,13.0,172.0
1623,-253.0,10.0,45.0,47.0,18.0,-9.0,-1044.0,13.0,173.0
1624,-250.0,7.0,42.0,50.0,16.0,-9.0,-1043.0,15.0,171.0
1625,-252.0,7.0,44.0,53.0,17.0,-9.0,-1039.0,15.0,163.0
1626,-251.0,9.0,45.0,57.0,15.0,-8.0,-1040.0,15.0,171.0
1627,-253.0,9.0,44.0,61.0,17.0,-7.0,-1042.0,14.0,171.0
1628,-255.0,8.0,41.0,67.0,16.0,-7.0,-1044.0,16.0,174.0
1629,-254.0,11.0,44.0,70.0,15.0,-8.0,-1046.0,18.0,169.0
1630,-253.0,8.0,43.0,73.0,15.0,-6.0,-1040.0,15.0,169.0
1631,-253.0,6.0,46.0,76.0,14.0,-4.0,-1040.0,17.0,169.0
1632,-250.0,8.0,42.0,78.0,13.0,-4.0,-1041.0,22.0,170.0
1633,-253.0,10.0,43.0,78.0,13.0,-3.0,-1042.0,22.0,172.0
1634,-255.0,19.0,32.0,78.0,11.0,-3.0,-1043.0,23.0,175.0
1635,-253.0,7.0,47.0,79.0,9.0,-4.0,-1043.0,21.0,172.0
1636,-251.0,10.0,48.0,79.0,11.0,-3.0,-1042.0,22.0,170.0
1637,-251.0,9.0,42.0,77.0,11.0,-4.0,-1043.0,21.0,167.0
1638,-249.0,8.0,46.0,72.0,11.0,-3.0,-1042.0,18.0,166.0
1639,-252.0,9.0,47.0,71.0,11.0,-3.0,-1036.0,22.0,170.0
1640,-254.0,12.0,40.0,69.0,12.0,-3.0,-1045.0,20.0,176.0
1641,-252.0,10.0,48.0,66.0,13.0,-2.0,-1046.0,24.0,178.0
1642,-249.0,7.0,42.0,63.0,16.0,-3.0,-1050.0,18.0,170.0
1643,-255.0,11.0,47.0,61.0,17.0,-3.0,-1049.0,25.0,168.0
1644,-252.0,10.0,48.0,59.0,18.0,-3.0,-1046.0,16.0,166.0
1645,-254.0,6.0,41.0,57.0,19.0,-3.0,-1054.0,18.0,167.0
1646,-250.0,9.0,46.0,56.0,18.0,-3.0,-1042.0,20.0,172.0
1647,-252.0,10.0,41.0,57.0,19.0,-4.0,-1044.0,18.0,167.0
1648,-252.0,8.0,40.0,59.0,19.0,-4.0,-1042.0,15.0,167.0
1649,-253.0,10.0,43.0,61.0,20.0,-5.0,-1042.0,14.0,168.0
1650,-254.0,10.0,42.0,66.0,17.0,-4.0,-1044.0,15.0,162.0
1651,-250.0,8.0,43.0,72.0,17.0,-3.0,-1046.0,14.0,168.0
1652,-251.0,7.0,46.0,78.0,17.0,-4.0,-1041.0,14.0,165.0
1653,-254.0,9.0,42.0,81.0,16.0,-2.0,-1039.0,13.0,168.0
1654,-253.0,13.0,42.0,87.0,15.0,0.0,-1041.0,16.0,168.0
1655,-254.0,8.0,41.0,92.0,13.0,3.0,-1041.0,14.0,174.0
1656,-249.0,7.0,43.0,99.0,9.0,1.0,-1037.0,15.0,174.0
1657,-250.0,7.0,44.0,106.0,6.0,3.0,-1040.0,11.0,176.0
1658,-249.0,6.0,42.0,114.0,3.0,5.0,-1039.0,14.0,165.0
1659,-251.0,7.0,47.0,122.0,0.0,5.0,-1036.0,12.0,175.0
1660,-249.0,7.0,42.0,131.0,-5.0,5.0,-1037.0,17.0,168.0
1661,-251.0,7.0,43.0,139.0,-8.0,5.0,-1039.0,17.0,169.0
1662,-248.0,7.0,45.0,146.0,-10.0,5.0,-1038.0,20.0,170.0
1663,-249.0,7.0,43.0,149.0,-11.0,5.0,-1033.0,19.0,168.0
1664,-251.0,11.0,45.0,151.0,-11.0,4.0,-1038.0,22.0,168.0
1665,-251.0,15.0,43.0,152.0,-13.0,5.0,-1038.0,27.0,175.0
1666,-252.0,12.0,44.0,154.0,-17.0,0.0,-1049.0,24.0,167.0
1667,-255.0,12.0,43.0,157.0,-21.0,0.0,-1051.0,27.0,170.0
1668,-254.0,10.0,44.0,162.0,-29.0,-2.0,-1052.0,29.0,167.0
1669,-256.0,10.0,40.0,165.0,-37.0,-1.0,-1057.0,27.0,163.0
1670,-257.0,12.0,38.0,167.0,-49.0,1.0,-1065.0,24.0,166.0
1671,-256.0,10.0,42.0,168.0,-65.0,4.0,-1063.0,26.0,165.0
1672,-260.0,11.0,42.0,170.0,-83.0,8.0,-1080.0,26.0,169.0
1673,-263.0,12.0,47.0,174.0,-106.0,12.0,-1086.0,26.0,181.0
1674,-259.0,13.0,54.0,186.0,-134.0,19.0,-1082.0,32.0,184.0
1675,-260.0,18.0,45.0,205.0,-162.0,20.0,-1081.0,43.0,182.0
1676,-260.0,16.0,43.0,227.0,-184.0,18.0,-1088.0,55.0,166.0
1677,-258.0,23.0,41.0,246.0,-195.0,17.0,-1079.0,63.0,164.0
1678,-260.0,24.0,42.0,257.0,-198.0,9.0,-1079.0,72.0,171.0
1679,-260.0,26.0,44.0,260.0,-201.0,-4.0,-1087.0,78.0,170.0
1680,-260.0,28.0,40.0,251.0,-203.0,-18.0,-1091.0,82.0,167.0
1681,-259.0,28.0,43.0,232.0,-202.0,-28.0,-1095.0,75.0,162.0
1682,-265.0,27.0,41.0,203.0,-200.0,-35.0,-1098.0,83.0,165.0
1683,-264.0,24.0,37.0,165.0,-195.0,-40.0,-1087.0,73.0,150.0
1684,-255.0,24.0,38.0,119.0,-179.0,-46.0,-1084.0,71.0,149.0
1685,-255.0,23.0,35.0,73.0,-153.0,-46.0,-1066.0,72.0,137.0
1686,-253.0,23.0,35.0,29.0,-122.0,-45.0,-1050.0,71.0,138.0
1687,-252.0,17.0,36.0,-10.0,-91.0,-38.0,-1043.0,62.0,134.0
1688,-251.0,19.0,38.0,-42.0,-65.0,-37.0,-1039.0,53.0,142.0
1689,-248.0,12.0,37.0,-69.0,-49.0,-36.0,-1031.0,41.0,144.0
1690,-249.0,9.0,44.0,-88.0,-49.0,-37.0,-1031.0,25.0,165.0
1691,-243.0,7.0,47.0,-96.0,-61.0,-39.0,-1024.0,14.0,178.0
1692,-249.0,3.0,48.0,-94.0,-80.0,-41.0,-1025.0,0.0,195.0
1693,-244.0,1.0,55.0,-78.0,-100.0,-40.0,-1018.0,-10.0,210.0
1694,-246.0,-1.0,50.0,-52.0,-113.0,-40.0,-1020.0,-22.0,221.0
1695,-250.0,3.0,51.0,-16.0,-117.0,-35.0,-1025.0,-29.0,210.0
1696,-243.0,-6.0,55.0,18.0,-115.0,-27.0,-1027.0,-35.0,212.0
1697,-247.0,-3.0,51.0,49.0,-110.0,-17.0,-1023.0,-38.0,202.0
1698,-249.0,-2.0,53.0,70.0,-102.0,-3.0,-1027.0,-30.0,201.0
1699,-249.0,1.0,50.0,83.0,-93.0,11.0,-1026.0,-28.0,207.0
1700,-248.0,0.0,51.0,85.0,-89.0,25.0,-1030.0,-26.0,200.0
1701,-249.0,2.0,51.0,79.0,-89.0,37.0,-1035.0,-16.0,208.0
1702,-248.0,3.0,55.0,70.0,-92.0,46.0,-1026.0,-10.0,205.0
1703,-246.0,3.0,52.0,57.0,-96.0,54.0,-1018.0,-4.0,210.0
1704,-243.0,5.0,58.0,45.0,-98.0,57.0,-1014.0,0.0,214.0
1705,-243.0,10.0,60.0,34.0,-100.0,60.0,-1004.0,0.0,227.0
1706,-239.0,4.0,57.0,28.0,-102.0,59.0,-1000.0,9.0,241.0
1707,-237.0,7.0,62.0,27.0,-102.0,56.0,-995.0,13.0,252.0
1708,-238.0,6.0,69.0,28.0,-104.0,52.0,-998.0,13.0,260.0
1709,-239.0,5.0,67.0,28.0,-103.0,49.0,-1002.0,21.0,253.0
1710,-237.0,9.0,65.0,27.0,-100.0,46.0,-1013.0,17.0,261.0
1711,-243.0,9.0,67.0,28.0,-95.0,45.0,-1019.0,21.0,256.0
1712,-249.0,11.0,62.0,30.0,-90.0,45.0,-1026.0,22.0,251.0
1713,-251.0,8.0,58.0,29.0,-86.0,47.0,-1039.0,25.0,242.0
1714,-255.0,13.0,58.0,23.0,-81.0,44.0,-1050.0,30.0,225.0
1715,-252.0,8.0,55.0,14.0,-76.0,38.0,-1054.0,28.0,215.0
1716,-253.0,10.0,56.0,4.0,-70.0,33.0,-1059.0,24.0,211.0
1717,-251.0,13.0,51.0,-7.0,-61.0,22.0,-1041.0,21.0,202.0
1718,-250.0,6.0,53.0,-12.0,-45.0,10.0,-1048.0,15.0,194.0
1719,-250.0,9.0,39.0,-16.0,-31.0,-8.0,-1055.0,19.0,189.0
1720,-254.0,9.0,47.0,-13.0,-22.0,-18.0,-1061.0,20.0,191.0
1721,-253.0,9.0,47.0,-6.0,-16.0,-24.0,-1057.0,27.0,185.0
1722,-252.0,11.0,48.0,5.0,-9.0,-29.0,-1049.0,29.0,190.0
1723,-252.0,12.0,47.0,20.0,-3.0,-34.0,-1043.0,31.0,189.0
1724,-254.0,17.0,48.0,33.0,-1.0,-44.0,-1047.0,33.0,187.0
1725,-252.0,15.0,47.0,44.0,-1.0,-53.0,-1042.0,40.0,189.0
1726,-252.0,15.0,50.0,52.0,-7.0,-57.0,-1049.0,45.0,187.0
1727,-254.0,16.0,48.0,59.0,-16.0,-62.0,-1046.0,43.0,191.0
1728,-254.0,16.0,51.0,63.0,-25.0,-65.0,-1045.0,48.0,196.0
1729,-254.0,19.0,55.0,68.0,-35.0,-70.0,-1045.0,45.0,196.0
1730,-252.0,17.0,48.0,72.0,-48.0,-75.0,-1047.0,43.0,205.0
1731,-252.0,17.0,54.0,80.0,-61.0,-84.0,-1047.0,42.0,214.0
1732,-252.0,14.0,55.0,91.0,-74.0,-91.0,-1046.0,41.0,223.0
1733,-252.0,14.0,60.0,107.0,-86.0,-94.0,-1046.0,39.0,225.0
1734,-252.0,15.0,57.0,122.0,-98.0,-98.0,-1037.0,46.0,229.0
1735,-249.0,16.0,58.0,139.0,-105.0,-100.0,-1039.0,46.0,236.0
1736,-248.0,19.0,60.0,151.0,-105.0,-102.0,-1031.0,51.0,237.0
1737,-246.0,21.0,58.0,160.0,-100.0,-102.0,-1026.0,54.0,225.0
1738,-249.0,22.0,60.0,161.0,-92.0,-102.0,-1024.0,59.0,237.0
1739,-244.0,22.0,57.0,156.0,-84.0,-100.0,-1024.0,59.0,233.0
1740,-249.0,25.0,60.0,146.0,-79.0,-97.0,-1025.0,61.0,233.0
1741,-251.0,19.0,58.0,130.0,-80.0,-97.0,-1033.0,61.0,237.0
1742,-250.0,19.0,61.0,112.0,-86.0,-93.0,-1031.0,57.0,247.0
1743,-248.0,19.0,63.0,95.0,-94.0,-91.0,-1025.0,55.0,248.0
1744,-247.0,21.0,64.0,78.0,-98.0,-93.0,-1020.0,59.0,255.0
1745,-244.0,22.0,62.0,61.0,-93.0,-94.0,-1015.0,55.0,259.0
1746,-243.0,23.0,64.0,40.0,-81.0,-98.0,-1018.0,56.0,257.0
1747,-247.0,20.0,63.0,21.0,-67.0,-102.0,-1025.0,64.0,254.0
1748,-245.0,26.0,65.0,-2.0,-56.0,-102.0,-1035.0,66.0,252.0
1749,-251.0,22.0,63.0,-29.0,-44.0,-101.0,-1037.0,72.0,244.0
1750,-247.0,25.0,60.0,-56.0,-33.0,-104.0,-1034.0,65.0,247.0
1751,-248.0,19.0,55.0,-82.0,-23.0,-109.0,-1042.0,73.0,243.0
1752,-254.0,24.0,62.0,-111.0,-17.0,-115.0,-1042.0,71.0,228.0
1753,-251.0,22.0,58.0,-144.0,-13.0,-124.0,-1046.0,68.0,227.0
1754,-253.0,23.0,60.0,-177.0,-11.0,-132.0,-1058.0,60.0,229.0
1755,-255.0,19.0,58.0,-209.0,-13.0,-141.0,-1055.0,56.0,229.0
1756,-255.0,18.0,52.0,-240.0,-16.0,-149.0,-1052.0,47.0,228.0
1757,-252.0,16.0,55.0,-267.0,-21.0,-161.0,-1046.0,37.0,222.0
1758,-251.0,17.0,56.0,-292.0,-25.0,-174.0,-1051.0,36.0,215.0
1759,-253.0,11.0,57.0,-313.0,-30.0,-185.0,-1053.0,25.0,205.0
1760,-256.0,8.0,58.0,-334.0,-37.0,-196.0,-1062.0,16.0,212.0
1761,-256.0,3.0,54.0,-356.0,-51.0,-205.0,-1076.0,2.0,205.0
1762,-255.0,1.0,56.0,-374.0,-70.0,-209.0,-1085.0,-1.0,210.0
1763,-261.0,0.0,52.0,-386.0,-93.0,-212.0,-1081.0,-12.0,213.0
1764,-256.0,1.0,51.0,-389.0,-112.0,-214.0,-1073.0,-22.0,223.0
1765,-254.0,-1.0,61.0,-385.0,-134.0,-218.0,-1074.0,-26.0,232.0
1766,-256.0,-1.0,57.0,-375.0,-154.0,-224.0,-1078.0,-27.0,238.0
1767,-255.0,-3.0,60.0,-360.0,-172.0,-228.0,-1075.0,-34.0,232.0
1768,-254.0,-2.0,61.0,-344.0,-189.0,-228.0,-1071.0,-31.0,230.0
1769,-257.0,-2.0,53.0,-330.0,-201.0,-225.0,-1056.0,-39.0,223.0
1770,-261.0,-3.0,58.0,-319.0,-214.0,-228.0,-1071.0,-40.0,229.0
1771,-259.0,-6.0,58.0,-315.0,-228.0,-229.0,-1082.0,-42.0,228.0
1772,-259.0,-5.0,61.0,-316.0,-247.0,-226.0,-1085.0,-46.0,223.0
1773,-260.0,-11.0,51.0,-321.0,-271.0,-223.0,-1090.0,-45.0,228.0
1774,-262.0,-4.0,59.0,-323.0,-298.0,-222.0,-1094.0,-42.0,233.0
1775,-263.0,-6.0,58.0,-323.0,-330.0,-223.0,-1098.0,-53.0,239.0
1776,-263.0,-4.0,60.0,-319.0,-362.0,-218.0,-1093.0,-47.0,241.0
1777,-261.0,-5.0,55.0,-317.0,-393.0,-214.0,-1090.0,-47.0,237.0
1778,-259.0,-6.0,58.0,-312.0,-420.0,-212.0,-1082.0,-49.0,242.0
1779,-257.0,-8.0,59.0,-308.0,-444.0,-213.0,-1084.0,-46.0,242.0
1780,-257.0,-5.0,58.0,-306.0,-464.0,-209.0,-1076.0,-48.0,244.0
1781,-256.0,-10.0,62.0,-303.0,-479.0,-205.0,-1062.0,-53.0,239.0
1782,-256.0,-6.0,62.0,-302.0,-496.0,-206.0,-1066.0,-50.0,240.0
1783,-256.0,-12.0,59.0,-304.0,-510.0,-207.0,-1077.0,-48.0,245.0
1784,-258.0,-6.0,65.0,-308.0,-522.0,-205.0,-1079.0,-55.0,250.0
1785,-259.0,-6.0,64.0,-309.0,-535.0,-202.0,-1079.0,-54.0,257.0
1786,-260.0,-10.0,65.0,-310.0,-555.0,-199.0,-1085.0,-57.0,259.0
1787,-260.0,-9.0,66.0,-313.0,-576.0,-195.0,-1090.0,-59.0,275.0
1788,-260.0,-11.0,70.0,-313.0,-599.0,-187.0,-1088.0,-59.0,275.0
1789,-262.0,-10.0,69.0,-310.0,-623.0,-179.0,-1086.0,-65.0,279.0
1790,-262.0,-8.0,71.0,-302.0,-647.0,-173.0,-1090.0,-62.0,283.0
1791,-259.0,-8.0,69.0,-294.0,-673.0,-164.0,-1073.0,-60.0,287.0
1792,-254.0,-14.0,77.0,-285.0,-696.0,-157.0,-1066.0,-70.0,289.0
1793,-255.0,-12.0,71.0,-280.0,-720.0,-151.0,-1056.0,-66.0,286.0
1794,-257.0,-15.0,69.0,-277.0,-746.0,-149.0,-1056.0,-70.0,291.0
1795,-254.0,-12.0,71.0,-270.0,-775.0,-145.0,-1045.0,-71.0,303.0
1796,-250.0,-11.0,69.0,-259.0,-805.0,-143.0,-1042.0,-77.0,300.0
1797,-250.0,-15.0,73.0,-252.0,-841.0,-140.0,-1029.0,-76.0,307.0
1798,-246.0,-12.0,77.0,-250.0,-875.0,-137.0,-1030.0,-76.0,301.0
1799,-247.0,-10.0,76.0,-252.0,-903.0,-125.0,-1030.0,-70.0,301.0
1800,-248.0,-9.0,70.0,-250.0,-924.0,-113.0,-1019.0,-65.0,305.0
1801,-243.0,-10.0,79.0,-246.0,-939.0,-101.0,-1010.0,-62.0,303.0
1802,-239.0,-7.0,76.0,-242.0,-950.0,-91.0,-1000.0,-59.0,300.0
1803,-238.0,-8.0,73.0,-236.0,-966.0,-82.0,-993.0,-60.0,304.0
1804,-239.0,-8.0,74.0,-231.0,-988.0,-78.0,-981.0,-68.0,298.0
1805,-234.0,-15.0,79.0,-232.0,-1014.0,-78.0,-982.0,-69.0,309.0
1806,-235.0,-13.0,79.0,-237.0,-1049.0,-79.0,-983.0,-78.0,318.0
1807,-236.0,-17.0,79.0,-245.0,-1082.0,-77.0,-989.0,-82.0,328.0
1808,-238.0,-20.0,87.0,-253.0,-1116.0,-72.0,-988.0,-90.0,346.0
1809,-241.0,-17.0,84.0,-257.0,-1152.0,-66.0,-995.0,-102.0,358.0
1810,-243.0,-25.0,90.0,-255.0,-1187.0,-61.0,-1006.0,-116.0,355.0
1811,-244.0,-21.0,87.0,-248.0,-1219.0,-56.0,-1012.0,-117.0,373.0
1812,-247.0,-24.0,93.0,-233.0,-1247.0,-48.0,-1020.0,-115.0,389.0
1813,-249.0,-23.0,95.0,-214.0,-1272.0,-42.0,-1028.0,-110.0,397.0
1814,-251.0,-19.0,102.0,-186.0,-1290.0,-34.0,-1038.0,-110.0,403.0
1815,-245.0,-27.0,92.0,-158.0,-1304.0,-29.0,-1033.0,-102.0,399.0
1816,-246.0,-15.0,100.0,-129.0,-1316.0,-24.0,-1022.0,-96.0,403.0
1817,-242.0,-17.0,94.0,-108.0,-1322.0,-18.0,-1009.0,-82.0,391.0
1818,-240.0,-12.0,94.0,-99.0,-1319.0,-14.0,-995.0,-76.0,391.0
1819,-235.0,-13.0,97.0,-106.0,-1313.0,-13.0,-983.0,-70.0,385.0
1820,-235.0,-10.0,96.0,-123.0,-1316.0,-14.0,-981.0,-66.0,390.0
1821,-231.0,-11.0,98.0,-141.0,-1333.0,-15.0,-977.0,-69.0,394.0
1822,-235.0,-8.0,96.0,-158.0,-1366.0,-14.0,-976.0,-59.0,395.0
1823,-232.0,-9.0,96.0,-170.0,-1413.0,-8.0,-978.0,-59.0,406.0
1824,-231.0,-9.0,95.0,-173.0,-1469.0,0.0,-971.0,-58.0,408.0
1825,-231.0,-10.0,100.0,-171.0,-1528.0,2.0,-965.0,-64.0,406.0
1826,-237.0,-15.0,90.0,-172.0,-1580.0,-1.0,-962.0,-77.0,415.0
1827,-226.0,-14.0,102.0,-178.0,-1624.0,-4.0,-950.0,-86.0,417.0
1828,-223.0,-17.0,100.0,-189.0,-1660.0,-12.0,-939.0,-94.0,429.0
1829,-221.0,-25.0,105.0,-201.0,-1686.0,-23.0,-944.0,-109.0,428.0
1830,-220.0,-23.0,106.0,-212.0,-1702.0,-36.0,-937.0,-126.0,435.0
1831,-221.0,-29.0,111.0,-214.0,-1714.0,-55.0,-934.0,-131.0,446.0
1832,-218.0,-34.0,110.0,-204.0,-1718.0,-74.0,-928.0,-143.0,458.0
1833,-220.0,-33.0,115.0,-181.0,-1711.0,-93.0,-930.0,-149.0,458.0
1834,-219.0,-29.0,113.0,-144.0,-1697.0,-111.0,-918.0,-150.0,472.0
1835,-218.0,-36.0,112.0,-97.0,-1679.0,-130.0,-905.0,-158.0,462.0
1836,-210.0,-39.0,115.0,-53.0,-1656.0,-146.0,-902.0,-163.0,467.0
1837,-211.0,-39.0,119.0,-8.0,-1628.0,-158.0,-899.0,-170.0,470.0
1838,-207.0,-44.0,115.0,40.0,-1592.0,-164.0,-879.0,-178.0,477.0
1839,-201.0,-43.0,116.0,88.0,-1551.0,-167.0,-848.0,-186.0,477.0
1840,-194.0,-43.0,119.0,133.0,-1507.0,-171.0,-833.0,-193.0,489.0
1841,-190.0,-43.0,122.0,178.0,-1464.0,-170.0,-807.0,-198.0,503.0
1842,-186.0,-44.0,126.0,228.0,-1426.0,-165.0,-782.0,-195.0,531.0
1843,-178.0,-42.0,132.0,292.0,-1396.0,-163.0,-748.0,-191.0,549.0
1844,-171.0,-43.0,145.0,367.0,-1373.0,-160.0,-726.0,-184.0,580.0
1845,-165.0,-40.0,147.0,453.0,-1353.0,-156.0,-714.0,-169.0,621.0
1846,-160.0,-33.0,162.0,544.0,-1334.0,-148.0,-702.0,-148.0,648.0
1847,-155.0,-31.0,162.0,640.0,-1318.0,-133.0,-690.0,-120.0,670.0
1848,-156.0,-21.0,165.0,728.0,-1294.0,-117.0,-680.0,-95.0,689.0
1849,-159.0,-8.0,170.0,799.0,-1264.0,-103.0,-674.0,-59.0,687.0
1850,-156.0,1.0,169.0,838.0,-1225.0,-94.0,-679.0,-18.0,690.0
1851,-157.0,8.0,170.0,842.0,-1181.0,-84.0,-692.0,11.0,699.0
1852,-163.0,20.0,168.0,814.0,-1129.0,-72.0,-703.0,48.0,709.0
1853,-169.0,31.0,175.0,754.0,-1073.0,-68.0,-729.0,82.0,709.0
1854,-170.0,38.0,181.0,668.0,-1016.0,-73.0,-749.0,99.0,731.0
1855,-176.0,41.0,185.0,562.0,-957.0,-85.0,-765.0,118.0,749.0
1856,-180.0,43.0,191.0,438.0,-897.0,-99.0,-782.0,124.0,773.0
1857,-185.0,46.0,195.0,315.0,-840.0,-112.0,-793.0,132.0,805.0
1858,-187.0,40.0,199.0,197.0,-785.0,-127.0,-794.0,120.0,821.0
1859,-184.0,39.0,208.0,88.0,-727.0,-145.0,-788.0,110.0,847.0
1860,-174.0,30.0,208.0,-13.0,-661.0,-169.0,-768.0,79.0,851.0
1861,-172.0,25.0,211.0,-103.0,-582.0,-200.0,-752.0,65.0,861.0
1862,-171.0,20.0,214.0,-178.0,-493.0,-234.0,-742.0,39.0,872.0
1863,-169.0,11.0,216.0,-229.0,-402.0,-262.0,-741.0,15.0,882.0
1864,-170.0,0.0,218.0,-259.0,-319.0,-290.0,-742.0,-14.0,890.0
1865,-170.0,-8.0,219.0,-261.0,-258.0,-320.0,-734.0,-35.0,892.0
1866,-168.0,-7.0,218.0,-245.0,-218.0,-337.0,-734.0,-50.0,884.0
1867,-166.0,-14.0,213.0,-217.0,-199.0,-329.0,-720.0,-78.0,872.0
1868,-174.0,-21.0,215.0,-193.0,-187.0,-315.0,-752.0,-107.0,872.0
1869,-176.0,-29.0,215.0,-163.0,-183.0,-326.0,-756.0,-113.0,877.0
1870,-173.0,-28.0,217.0,-120.0,-200.0,-324.0,-743.0,-131.0,885.0
1871,-174.0,-32.0,221.0,-67.0,-227.0,-303.0,-737.0,-136.0,888.0
1872,-171.0,-36.0,218.0,-11.0,-253.0,-268.0,-734.0,-166.0,889.0
1873,-174.0,-44.0,219.0,33.0,-264.0,-233.0,-753.0,-185.0,900.0
1874,-176.0,-46.0,221.0,74.0,-260.0,-231.0,-751.0,-196.0,918.0
1875,-174.0,-42.0,221.0,130.0,-261.0,-228.0,-733.0,-198.0,914.0
1876,-166.0,-49.0,221.0,189.0,-266.0,-212.0,-716.0,-202.0,914.0
1877,-160.0,-46.0,219.0,255.0,-269.0,-194.0,-695.0,-198.0,910.0
1878,-161.0,-47.0,219.0,318.0,-271.0,-161.0,-711.0,-207.0,900.0
1879,-171.0,-42.0,217.0,371.0,-269.0,-162.0,-720.0,-210.0,886.0
1880,-171.0,-41.0,213.0,417.0,-285.0,-163.0,-740.0,-199.0,858.0
1881,-174.0,-38.0,208.0,455.0,-308.0,-168.0,-737.0,-172.0,852.0
1882,-173.0,-34.0,201.0,502.0,-342.0,-188.0,-736.0,-157.0,820.0
1883,-171.0,-27.0,192.0,547.0,-389.0,-200.0,-729.0,-138.0,793.0
1884,-166.0,-20.0,187.0,558.0,-446.0,-190.0,-716.0,-111.0,762.0
1885,-164.0,-16.0,185.0,555.0,-513.0,-167.0,-703.0,-98.0,744.0
1886,-162.0,-11.0,183.0,528.0,-600.0,-166.0,-692.0,-73.0,744.0
1887,-167.0,0.0,185.0,469.0,-713.0,-158.0,-707.0,-47.0,759.0
1888,-169.0,-2.0,191.0,411.0,-848.0,-125.0,-710.0,-41.0,777.0
1889,-173.0,-5.0,199.0,347.0,-998.0,-82.0,-729.0,-50.0,791.0
1890,-174.0,-9.0,194.0,260.0,-1145.0,-36.0,-731.0,-80.0,801.0
1891,-175.0,-17.0,194.0,148.0,-1279.0,-4.0,-728.0,-113.0,807.0
1892,-174.0,-29.0,198.0,46.0,-1375.0,-2.0,-747.0,-140.0,816.0
1893,-178.0,-39.0,194.0,-19.0,-1415.0,-16.0,-762.0,-184.0,811.0
1894,-173.0,-51.0,193.0,-46.0,-1404.0,-31.0,-745.0,-227.0,800.0
1895,-167.0,-63.0,187.0,-33.0,-1359.0,-49.0,-735.0,-272.0,797.0
1896,-170.0,-71.0,193.0,12.0,-1295.0,-70.0,-727.0,-315.0,794.0
1897,-162.0,-82.0,193.0,80.0,-1230.0,-89.0,-695.0,-346.0,802.0
1898,-154.0,-86.0,198.0,157.0,-1181.0,-109.0,-670.0,-362.0,826.0
1899,-161.0,-92.0,205.0,243.0,-1145.0,-109.0,-694.0,-387.0,852.0
1900,-156.0,-96.0,221.0,338.0,-1138.0,-89.0,-669.0,-400.0,903.0
1901,-155.0,-99.0,225.0,450.0,-1157.0,-80.0,-694.0,-397.0,926.0
1902,-163.0,-98.0,237.0,576.0,-1201.0,-58.0,-701.0,-404.0,971.0
1903,-163.0,-93.0,237.0,720.0,-1260.0,-43.0,-691.0,-388.0,982.0
1904,-148.0,-88.0,237.0,880.0,-1319.0,-34.0,-647.0,-363.0,991.0
1905,-137.0,-79.0,235.0,1044.0,-1370.0,-35.0,-614.0,-335.0,978.0
1906,-129.0,-64.0,227.0,1194.0,-1403.0,-44.0,-582.0,-285.0,947.0
1907,-122.0,-53.0,220.0,1317.0,-1427.0,-51.0,-535.0,-237.0,914.0
1908,-114.0,-35.0,209.0,1396.0,-1454.0,-60.0,-514.0,-171.0,859.0
1909,-112.0,-23.0,193.0,1423.0,-1481.0,-71.0,-488.0,-117.0,817.0
1910,-109.0,-3.0,187.0,1381.0,-1503.0,-82.0,-479.0,-61.0,767.0
1911,-107.0,11.0,177.0,1283.0,-1520.0,-96.0,-476.0,3.0,728.0
1912,-99.0,21.0,170.0,1158.0,-1536.0,-102.0,-459.0,42.0,696.0
1913,-97.0,29.0,167.0,1013.0,-1543.0,-101.0,-431.0,86.0,685.0
1914,-88.0,39.0,164.0,858.0,-1548.0,-109.0,-407.0,107.0,677.0
1915,-87.0,42.0,165.0,705.0,-1554.0,-122.0,-402.0,119.0,677.0
1916,-99.0,43.0,171.0,565.0,-1568.0,-139.0,-438.0,132.0,694.0
1917,-118.0,40.0,176.0,451.0,-1593.0,-148.0,-507.0,135.0,707.0
1918,-126.0,38.0,180.0,372.0,-1634.0,-139.0,-556.0,120.0,728.0
1919,-132.0,34.0,180.0,320.0,-1684.0,-118.0,-577.0,99.0,725.0
1920,-133.0,37.0,174.0,280.0,-1725.0,-91.0,-575.0,92.0,723.0
1921,-122.0,25.0,181.0,248.0,-1742.0,-63.0,-537.0,72.0,739.0
1922,-109.0,20.0,173.0,223.0,-1740.0,-49.0,-489.0,44.0,727.0
1923,-99.0,19.0,172.0,196.0,-1720.0,-55.0,-431.0,20.0,729.0
1924,-78.0,4.0,181.0,172.0,-1688.0,-75.0,-370.0,3.0,733.0
1925,-68.0,3.0,185.0,154.0,-1654.0,-105.0,-337.0,-9.0,759.0
1926,-63.0,-2.0,198.0,147.0,-1631.0,-138.0,-305.0,-32.0,797.0
1927,-63.0,-10.0,205.0,157.0,-1633.0,-171.0,-301.0,-40.0,835.0
1928,-64.0,-9.0,208.0,186.0,-1661.0,-199.0,-301.0,-59.0,860.0
1929,-68.0,-15.0,215.0,229.0,-1712.0,-220.0,-309.0,-74.0,874.0
1930,-65.0,-19.0,210.0,279.0,-1774.0,-234.0,-320.0,-90.0,869.0
1931,-71.0,-19.0,206.0,325.0,-1838.0,-245.0,-334.0,-95.0,852.0
1932,-67.0,-18.0,200.0,368.0,-1889.0,-248.0,-329.0,-98.0,820.0
1933,-60.0,-20.0,186.0,402.0,-1922.0,-243.0,-290.0,-88.0,794.0
1934,-46.0,-15.0,186.0,423.0,-1935.0,-235.0,-235.0,-86.0,767.0
1935,-34.0,-11.0,187.0,436.0,-1924.0,-233.0,-189.0,-63.0,758.0
1936,-29.0,-3.0,188.0,448.0,-1889.0,-228.0,-168.0,-35.0,772.0
1937,-28.0,1.0,189.0,471.0,-1838.0,-213.0,-161.0,-10.0,769.0
1938,-26.0,6.0,192.0,492.0,-1787.0,-200.0,-160.0,8.0,774.0
1939,-22.0,13.0,195.0,505.0,-1750.0,-189.0,-158.0,24.0,784.0
1940,-32.0,20.0,193.0,506.0,-1725.0,-174.0,-169.0,45.0,794.0
1941,-31.0,23.0,197.0,503.0,-1705.0,-156.0,-165.0,62.0,796.0
1942,-26.0,27.0,198.0,491.0,-1682.0,-140.0,-158.0,74.0,803.0
1943,-16.0,25.0,199.0,478.0,-1643.0,-129.0,-133.0,85.0,822.0
1944,-5.0,33.0,202.0,468.0,-1588.0,-109.0,-100.0,91.0,843.0
1945,0.0,24.0,212.0,470.0,-1515.0,-82.0,-63.0,85.0,855.0
1946,13.0,20.0,211.0,490.0,-1432.0,-50.0,-22.0,73.0,878.0
1947,14.0,20.0,212.0,525.0,-1342.0,-22.0,1.0,62.0,885.0
1948,19.0,14.0,214.0,569.0,-1251.0,4.0,9.0,43.0,892.0
1949,15.0,14.0,215.0,621.0,-1160.0,24.0,6.0,37.0,874.0
1950,10.0,12.0,207.0,670.0,-1077.0,41.0,-7.0,32.0,866.0
1951,4.0,10.0,204.0,708.0,-991.0,58.0,-34.0,33.0,864.0
1952,0.0,15.0,205.0,734.0,-921.0,69.0,-74.0,45.0,853.0
1953,-16.0,21.0,207.0,747.0,-852.0,74.0,-129.0,67.0,852.0
1954,-28.0,29.0,209.0,748.0,-780.0,75.0,-170.0,92.0,856.0
1955,-40.0,36.0,210.0,732.0,-710.0,74.0,-222.0,123.0,865.0
1956,-50.0,47.0,210.0,706.0,-638.0,76.0,-262.0,157.0,871.0
1957,-62.0,56.0,220.0,669.0,-568.0,87.0,-301.0,177.0,892.0
1958,-65.0,65.0,228.0,618.0,-503.0,103.0,-333.0,207.0,918.0
1959,-69.0,66.0,236.0,556.0,-450.0,127.0,-347.0,230.0,964.0
1960,-74.0,71.0,249.0,481.0,-414.0,154.0,-361.0,240.0,1005.0
1961,-79.0,73.0,266.0,401.0,-399.0,188.0,-364.0,252.0,1062.0
1962,-78.0,78.0,272.0,320.0,-409.0,224.0,-357.0,253.0,1115.0
1963,-75.0,72.0,292.0,243.0,-436.0,264.0,-358.0,256.0,1175.0
1964,-69.0,71.0,304.0,178.0,-473.0,300.0,-337.0,252.0,1223.0
1965,-65.0,79.0,318.0,138.0,-510.0,331.0,-313.0,247.0,1266.0
1966,-60.0,67.0,323.0,123.0,-538.0,355.0,-289.0,236.0,1305.0
1967,-51.0,66.0,327.0,126.0,-560.0,369.0,-269.0,236.0,1342.0
1968,-45.0,67.0,327.0,140.0,-574.0,379.0,-246.0,237.0,1345.0
1969,-38.0,68.0,332.0,163.0,-587.0,389.0,-226.0,231.0,1346.0
1970,-31.0,67.0,327.0,185.0,-595.0,391.0,-199.0,240.0,1334.0
1971,-18.0,67.0,323.0,207.0,-602.0,392.0,-130.0,245.0,1308.0
1972,-3.0,69.0,313.0,226.0,-605.0,392.0,-83.0,250.0,1272.0
1973,8.0,70.0,303.0,226.0,-604.0,384.0,-29.0,251.0,1231.0
1974,16.0,72.0,286.0,202.0,-593.0,380.0,4.0,246.0,1188.0
1975,18.0,67.0,277.0,149.0,-586.0,372.0,18.0,235.0,1143.0
1976,20.0,66.0,275.0,69.0,-578.0,360.0,25.0,209.0,1093.0
1977,24.0,55.0,255.0,-26.0,-565.0,339.0,41.0,180.0,1055.0
1978,31.0,42.0,249.0,-127.0,-543.0,304.0,54.0,136.0,1018.0
1979,29.0,32.0,240.0,-226.0,-512.0,260.0,53.0,92.0,1000.0
1980,35.0,19.0,239.0,-308.0,-479.0,211.0,80.0,43.0,987.0
1981,45.0,5.0,241.0,-368.0,-455.0,167.0,112.0,9.0,989.0
1982,59.0,-6.0,243.0,-390.0,-442.0,132.0,153.0,-35.0,1002.0
1983,65.0,-15.0,248.0,-363.0,-441.0,105.0,194.0,-72.0,1012.0
1984,78.0,-21.0,252.0,-287.0,-448.0,91.0,248.0,-93.0,1022.0
1985,93.0,-24.0,251.0,-168.0,-452.0,77.0,301.0,-97.0,1030.0
1986,96.0,-24.0,247.0,-20.0,-450.0,67.0,327.0,-93.0,1025.0
1987,96.0,-14.0,239.0,141.0,-449.0,64.0,329.0,-76.0,1019.0
1988,100.0,-9.0,247.0,293.0,-466.0,68.0,343.0,-48.0,1011.0
1989,104.0,2.0,244.0,427.0,-506.0,74.0,355.0,-9.0,1008.0
1990,109.0,15.0,244.0,524.0,-560.0,80.0,376.0,49.0,1002.0
1991,113.0,33.0,237.0,571.0,-614.0,89.0,401.0,96.0,988.0
1992,121.0,46.0,234.0,572.0,-648.0,94.0,422.0,148.0,972.0
1993,126.0,61.0,234.0,530.0,-657.0,96.0,438.0,195.0,968.0
1994,127.0,69.0,231.0,447.0,-638.0,95.0,466.0,233.0,958.0
1995,134.0,72.0,234.0,334.0,-599.0,90.0,483.0,254.0,961.0
1996,139.0,82.0,233.0,202.0,-547.0,86.0,490.0,276.0,976.0
1997,144.0,77.0,239.0,70.0,-491.0,82.0,502.0,280.0,993.0
1998,141.0,76.0,248.0,-48.0,-431.0,70.0,502.0,273.0,1009.0
1999,144.0,70.0,245.0,-142.0,-363.0,55.0,506.0,260.0,1017.0
2000,141.0,65.0,255.0,-212.0,-288.0,29.0,498.0,228.0,1033.0
2001,139.0,58.0,255.0,-261.0,-210.0,0.0,488.0,195.0,1043.0
2002,136.0,47.0,257.0,-288.0,-132.0,-31.0,488.0,155.0,1047.0
2003,136.0,36.0,254.0,-295.0,-54.0,-59.0,486.0,128.0,1041.0
2004,133.0,31.0,253.0,-281.0,13.0,-84.0,470.0,90.0,1036.0
2005,128.0,22.0,250.0,-258.0,61.0,-106.0,454.0,70.0,1030.0
2006,122.0,18.0,249.0,-231.0,82.0,-122.0,436.0,55.0,1020.0
2007,124.0,16.0,246.0,-206.0,88.0,-127.0,435.0,50.0,1009.0
2008,125.0,17.0,243.0,-181.0,93.0,-133.0,427.0,46.0,1007.0
2009,119.0,21.0,247.0,-153.0,102.0,-141.0,413.0,53.0,1010.0
2010,115.0,22.0,246.0,-122.0,122.0,-153.0,384.0,61.0,1013.0
2011,109.0,22.0,250.0,-97.0,149.0,-161.0,359.0,64.0,1014.0
2012,98.0,27.0,249.0,-80.0,182.0,-168.0,330.0,72.0,1016.0
2013,96.0,27.0,246.0,-73.0,209.0,-171.0,305.0,76.0,1015.0
2014,89.0,29.0,248.0,-77.0,232.0,-169.0,283.0,83.0,1008.0
2015,77.0,27.0,240.0,-90.0,253.0,-164.0,250.0,86.0,997.0
2016,69.0,27.0,244.0,-106.0,272.0,-156.0,221.0,84.0,994.0
2017,63.0,31.0,238.0,-124.0,290.0,-147.0,203.0,89.0,984.0
2018,58.0,28.0,234.0,-137.0,308.0,-130.0,167.0,84.0,982.0
2019,48.0,30.0,239.0,-141.0,325.0,-113.0,141.0,79.0,985.0
2020,47.0,28.0,240.0,-132.0,339.0,-92.0,121.0,83.0,984.0
2021,39.0,28.0,239.0,-110.0,353.0,-72.0,96.0,88.0,983.0
2022,34.0,29.0,245.0,-83.0,367.0,-50.0,84.0,91.0,989.0
2023,35.0,29.0,245.0,-52.0,378.0,-39.0,60.0,94.0,1000.0
2024,23.0,33.0,243.0,-23.0,388.0,-31.0,40.0,101.0,1013.0
2025,25.0,36.0,251.0,-3.0,400.0,-29.0,35.0,117.0,1023.0
2026,20.0,39.0,253.0,7.0,410.0,-34.0,34.0,114.0,1044.0
2027,20.0,40.0,257.0,5.0,421.0,-42.0,19.0,123.0,1046.0
2028,11.0,37.0,256.0,-12.0,424.0,-51.0,-3.0,124.0,1055.0
2029,4.0,37.0,253.0,-34.0,417.0,-55.0,-25.0,115.0,1062.0
2030,6.0,34.0,257.0,-61.0,400.0,-58.0,-26.0,110.0,1067.0
2031,5.0,30.0,262.0,-88.0,379.0,-64.0,-25.0,109.0,1078.0
2032,3.0,32.0,262.0,-107.0,362.0,-66.0,-39.0,102.0,1077.0
2033,4.0,33.0,260.0,-118.0,350.0,-66.0,-41.0,100.0,1076.0
2034,1.0,29.0,261.0,-120.0,346.0,-59.0,-55.0,95.0,1076.0
2035,0.0,28.0,261.0,-111.0,348.0,-51.0,-51.0,94.0,1070.0
2036,-1.0,29.0,260.0,-99.0,349.0,-38.0,-66.0,86.0,1066.0
2037,-3.0,27.0,256.0,-83.0,349.0,-20.0,-67.0,89.0,1057.0
2038,-2.0,31.0,257.0,-64.0,351.0,-4.0,-65.0,90.0,1043.0
2039,1.0,29.0,249.0,-48.0,360.0,19.0,-66.0,90.0,1022.0
2040,-4.0,31.0,245.0,-34.0,374.0,42.0,-73.0,88.0,1005.0
2041,-1.0,24.0,239.0,-19.0,389.0,66.0,-66.0,86.0,987.0
2042,-8.0,25.0,235.0,-2.0,401.0,89.0,-87.0,79.0,962.0
2043,-4.0,24.0,230.0,13.0,405.0,114.0,-94.0,79.0,946.0
2044,-16.0,26.0,228.0,24.0,393.0,139.0,-107.0,77.0,933.0
2045,-14.0,25.0,227.0,24.0,367.0,166.0,-114.0,79.0,923.0
2046,-16.0,22.0,228.0,14.0,328.0,190.0,-115.0,79.0,922.0
2047,-19.0,26.0,231.0,-2.0,285.0,213.0,-121.0,90.0,938.0
2048,-16.0,29.0,234.0,-27.0,245.0,230.0,-123.0,89.0,960.0
2049,-17.0,28.0,244.0,-58.0,217.0,242.0,-130.0,84.0,990.0
2050,-19.0,28.0,245.0,-94.0,199.0,248.0,-127.0,79.0,1008.0
2051,-13.0,25.0,247.0,-130.0,190.0,249.0,-124.0,68.0,1016.0
2052,-19.0,22.0,252.0,-161.0,180.0,246.0,-125.0,57.0,1031.0
2053,-21.0,17.0,252.0,-183.0,168.0,245.0,-126.0,44.0,1045.0
2054,-16.0,14.0,258.0,-193.0,154.0,243.0,-127.0,33.0,1056.0
2055,-17.0,9.0,259.0,-185.0,133.0,245.0,-127.0,16.0,1061.0
2056,-14.0,5.0,259.0,-155.0,110.0,245.0,-123.0,4.0,1072.0
2057,-16.0,2.0,261.0,-109.0,88.0,246.0,-122.0,-1.0,1072.0
2058,-22.0,1.0,260.0,-49.0,65.0,241.0,-137.0,-5.0,1072.0
2059,-22.0,0.0,262.0,17.0,43.0,239.0,-136.0,-11.0,1075.0
2060,-20.0,1.0,258.0,86.0,17.0,235.0,-131.0,-15.0,1069.0
2061,-22.0,2.0,259.0,161.0,-8.0,223.0,-135.0,-7.0,1061.0
2062,-17.0,2.0,258.0,220.0,-23.0,212.0,-136.0,-3.0,1052.0
2063,-21.0,2.0,254.0,247.0,-31.0,203.0,-131.0,2.0,1046.0
2064,-18.0,10.0,255.0,254.0,-33.0,195.0,-137.0,11.0,1044.0
2065,-17.0,10.0,255.0,243.0,-28.0,188.0,-131.0,18.0,1042.0
2066,-14.0,11.0,254.0,219.0,-12.0,177.0,-122.0,25.0,1039.0
2067,-11.0,16.0,255.0,192.0,11.0,165.0,-112.0,38.0,1037.0
2068,-11.0,19.0,253.0,162.0,42.0,163.0,-111.0,44.0,1039.0
2069,-10.0,20.0,251.0,138.0,71.0,161.0,-101.0,48.0,1032.0
2070,-10.0,20.0,247.0,118.0,93.0,161.0,-100.0,49.0,1018.0
2071,-6.0,19.0,248.0,102.0,109.0,165.0,-88.0,55.0,1010.0
2072,-7.0,19.0,245.0,95.0,112.0,168.0,-95.0,56.0,1001.0
2073,-11.0,20.0,242.0,96.0,106.0,172.0,-96.0,54.0,1002.0
2074,-13.0,21.0,241.0,105.0,86.0,181.0,-102.0,61.0,992.0
2075,-16.0,23.0,240.0,117.0,56.0,191.0,-105.0,68.0,983.0
2076,-18.0,24.0,238.0,133.0,22.0,204.0,-123.0,71.0,982.0
2077,-15.0,28.0,237.0,150.0,-10.0,220.0,-115.0,81.0,982.0
2078,-14.0,31.0,239.0,167.0,-34.0,232.0,-120.0,94.0,984.0
2079,-14.0,32.0,240.0,182.0,-48.0,244.0,-127.0,99.0,986.0
2080,-18.0,34.0,242.0,192.0,-54.0,252.0,-133.0,106.0,998.0
2081,-21.0,33.0,245.0,199.0,-56.0,257.0,-130.0,106.0,993.0
2082,-21.0,34.0,245.0,202.0,-54.0,257.0,-143.0,110.0,1001.0
2083,-20.0,28.0,243.0,199.0,-52.0,254.0,-136.0,102.0,994.0
2084,-21.0,29.0,243.0,189.0,-53.0,243.0,-134.0,90.0,997.0
2085,-20.0,22.0,245.0,177.0,-52.0,225.0,-132.0,78.0,999.0
2086,-18.0,23.0,245.0,160.0,-49.0,204.0,-127.0,76.0,1009.0
2087,-14.0,22.0,241.0,140.0,-43.0,177.0,-122.0,65.0,1003.0
2088,-16.0,23.0,245.0,118.0,-34.0,147.0,-116.0,60.0,1007.0
2089,-9.0,20.0,244.0,91.0,-15.0,116.0,-103.0,52.0,1007.0
2090,-10.0,19.0,247.0,57.0,10.0,86.0,-94.0,47.0,1011.0
2091,-5.0,16.0,247.0,22.0,39.0,58.0,-82.0,47.0,1022.0
2092,-6.0,17.0,252.0,-14.0,61.0,36.0,-76.0,33.0,1026.0
2093,-1.0,13.0,249.0,-41.0,72.0,19.0,-71.0,23.0,1026.0
2094,-1.0,8.0,249.0,-57.0,70.0,7.0,-65.0,12.0,1035.0
2095,0.0,8.0,255.0,-52.0,58.0,2.0,-63.0,3.0,1038.0
2096,1.0,6.0,251.0,-28.0,42.0,0.0,-51.0,-1.0,1040.0
2097,0.0,2.0,255.0,17.0,27.0,4.0,-51.0,0.0,1036.0
2098,2.0,7.0,251.0,79.0,12.0,12.0,-44.0,4.0,1037.0
2099,1.0,6.0,251.0,144.0,-7.0,23.0,-48.0,14.0,1035.0
2100,1.0,12.0,252.0,203.0,-29.0,42.0,-56.0,27.0,1034.0
2101,0.0,17.0,252.0,249.0,-56.0,59.0,-56.0,47.0,1036.0
2102,-2.0,20.0,254.0,279.0,-79.0,68.0,-66.0,62.0,1043.0
2103,-9.0,30.0,254.0,287.0,-97.0,69.0,-88.0,80.0,1053.0
2104,-8.0,32.0,261.0,269.0,-110.0,65.0,-98.0,96.0,1049.0
2105,-12.0,39.0,255.0,223.0,-119.0,52.0,-107.0,113.0,1038.0
2106,-10.0,40.0,255.0,135.0,-121.0,33.0,-116.0,123.0,1029.0
2107,-12.0,41.0,250.0,49.0,-111.0,9.0,-100.0,130.0,1027.0
2108,-1.0,44.0,249.0,-42.0,-78.0,-15.0,-88.0,134.0,1019.0
2109,2.0,46.0,252.0,-132.0,-28.0,-37.0,-52.0,139.0,1030.0
2110,8.0,44.0,256.0,-216.0,37.0,-58.0,-35.0,134.0,1042.0
2111,10.0,39.0,258.0,-288.0,104.0,-73.0,-22.0,137.0,1065.0
2112,9.0,36.0,265.0,-342.0,163.0,-87.0,-22.0,119.0,1089.0
2113,6.0,32.0,266.0,-396.0,203.0,-98.0,-25.0,105.0,1117.0
2114,6.0,27.0,279.0,-454.0,212.0,-101.0,-36.0,81.0,1134.0
2115,2.0,21.0,282.0,-490.0,185.0,-101.0,-43.0,72.0,1148.0
2116,-2.0,19.0,282.0,-496.0,126.0,-93.0,-49.0,54.0,1150.0
2117,-1.0,15.0,280.0,-479.0,45.0,-74.0,-37.0,33.0,1145.0
2118,2.0,7.0,278.0,-447.0,-40.0,-52.0,-37.0,24.0,1144.0
2119,0.0,8.0,280.0,-412.0,-119.0,-34.0,-48.0,12.0,1145.0
2120,-1.0,4.0,282.0,-377.0,-183.0,-19.0,-56.0,0.0,1142.0
2121,-1.0,-4.0,276.0,-336.0,-246.0,-6.0,-57.0,-27.0,1135.0
2122,0.0,-10.0,273.0,-279.0,-313.0,11.0,-61.0,-51.0,1124.0
2123,-1.0,-16.0,266.0,-207.0,-378.0,25.0,-51.0,-78.0,1091.0
2124,4.0,-15.0,253.0,-113.0,-430.0,36.0,-28.0,-81.0,1042.0
2125,11.0,-18.0,238.0,-7.0,-455.0,40.0,-12.0,-78.0,1000.0
2126,17.0,-9.0,225.0,94.0,-442.0,36.0,-2.0,-55.0,951.0
2127,24.0,1.0,220.0,176.0,-388.0,26.0,19.0,-19.0,905.0
2128,22.0,10.0,216.0,231.0,-304.0,14.0,32.0,23.0,884.0
2129,28.0,16.0,216.0,252.0,-212.0,3.0,34.0,61.0,876.0
2130,24.0,28.0,211.0,246.0,-135.0,-6.0,38.0,83.0,881.0
2131,20.0,35.0,216.0,219.0,-87.0,-12.0,30.0,97.0,891.0
2132,20.0,36.0,219.0,182.0,-71.0,-13.0,33.0,111.0,895.0
2133,21.0,35.0,221.0,140.0,-77.0,-9.0,39.0,109.0,908.0
2134,26.0,32.0,225.0,102.0,-97.0,-3.0,53.0,108.0,919.0
2135,30.0,33.0,234.0,71.0,-118.0,6.0,62.0,94.0,934.0
2136,32.0,31.0,231.0,55.0,-131.0,13.0,77.0,95.0,957.0
2137,36.0,28.0,236.0,52.0,-133.0,19.0,81.0,84.0,971.0
2138,39.0,22.0,245.0,58.0,-124.0,22.0,87.0,85.0,989.0
2139,41.0,28.0,245.0,66.0,-105.0,23.0,96.0,77.0,1009.0
2140,37.0,28.0,249.0,77.0,-73.0,25.0,92.0,69.0,1015.0
2141,42.0,23.0,252.0,87.0,-36.0,24.0,99.0,71.0,1035.0
2142,44.0,22.0,253.0,94.0,6.0,24.0,105.0,71.0,1052.0
2143,39.0,25.0,255.0,97.0,46.0,24.0,100.0,69.0,1055.0
2144,39.0,24.0,253.0,92.0,87.0,24.0,94.0,70.0,1056.0
2145,38.0,24.0,260.0,83.0,119.0,24.0,96.0,74.0,1058.0
2146,36.0,25.0,257.0,73.0,146.0,22.0,85.0,67.0,1062.0
2147,34.0,23.0,254.0,70.0,160.0,21.0,78.0,61.0,1054.0
2148,33.0,17.0,255.0,73.0,165.0,19.0,74.0,51.0,1047.0
2149,29.0,18.0,256.0,86.0,156.0,19.0,65.0,45.0,1036.0
2150,32.0,16.0,254.0,106.0,136.0,21.0,58.0,45.0,1032.0
2151,23.0,18.0,251.0,132.0,110.0,25.0,49.0,40.0,1034.0
2152,24.0,16.0,251.0,157.0,81.0,28.0,41.0,44.0,1036.0
2153,24.0,16.0,246.0,173.0,53.0,30.0,39.0,39.0,1035.0
2154,23.0,16.0,252.0,179.0,27.0,33.0,42.0,44.0,1032.0
2155,22.0,21.0,257.0,161.0,11.0,30.0,38.0,47.0,1043.0
2156,24.0,21.0,253.0,128.0,1.0,31.0,41.0,55.0,1038.0
2157,21.0,23.0,257.0,84.0,-2.0,26.0,34.0,59.0,1051.0
2158,21.0,19.0,253.0,36.0,1.0,18.0,27.0,61.0,1043.0
2159,20.0,26.0,254.0,-15.0,3.0,10.0,30.0,62.0,1043.0
2160,18.0,21.0,253.0,-63.0,5.0,4.0,23.0,55.0,1048.0
2161,26.0,15.0,253.0,-101.0,5.0,-6.0,19.0,45.0,1038.0
2162,20.0,15.0,248.0,-128.0,3.0,-15.0,24.0,35.0,1016.0
2163,21.0,12.0,250.0,-137.0,2.0,-22.0,25.0,27.0,1018.0
2164,20.0,11.0,244.0,-129.0,4.0,-30.0,20.0,21.0,1007.0
2165,19.0,10.0,239.0,-106.0,11.0,-35.0,24.0,15.0,1004.0
2166,17.0,8.0,241.0,-72.0,20.0,-38.0,30.0,17.0,1000.0
2167,22.0,8.0,245.0,-34.0,34.0,-43.0,33.0,17.0,998.0
2168,18.0,8.0,241.0,5.0,47.0,-45.0,31.0,19.0,994.0
2169,21.0,10.0,241.0,36.0,62.0,-45.0,36.0,30.0,1000.0
2170,25.0,7.0,240.0,59.0,81.0,-47.0,40.0,32.0,1002.0
2171,26.0,17.0,244.0,71.0,101.0,-44.0,32.0,40.0,1002.0
2172,24.0,13.0,247.0,74.0,121.0,-45.0,35.0,48.0,1013.0
2173,22.0,21.0,249.0,69.0,137.0,-41.0,31.0,55.0,1019.0
2174,20.0,21.0,254.0,58.0,150.0,-40.0,27.0,58.0,1025.0
2175,22.0,19.0,251.0,40.0,157.0,-36.0,20.0,64.0,1031.0
2176,19.0,21.0,250.0,23.0,153.0,-32.0,19.0,53.0,1037.0
2177,14.0,21.0,256.0,7.0,143.0,-28.0,3.0,59.0,1033.0
2178,12.0,20.0,254.0,-9.0,128.0,-26.0,0.0,55.0,1040.0
2179,13.0,16.0,253.0,-22.0,109.0,-24.0,-14.0,55.0,1041.0
2180,10.0,19.0,255.0,-36.0,87.0,-21.0,-19.0,50.0,1048.0
2181,10.0,19.0,255.0,-48.0,67.0,-18.0,-20.0,42.0,1033.0
2182,7.0,18.0,255.0,-55.0,50.0,-20.0,-26.0,44.0,1032.0
2183,7.0,13.0,255.0,-60.0,39.0,-18.0,-27.0,42.0,1039.0
2184,5.0,15.0,250.0,-61.0,30.0,-18.0,-34.0,34.0,1033.0
2185,5.0,19.0,250.0,-59.0,28.0,-15.0,-37.0,35.0,1032.0
2186,3.0,14.0,248.0,-54.0,33.0,-14.0,-38.0,41.0,1027.0
2187,2.0,16.0,249.0,-45.0,42.0,-12.0,-44.0,39.0,1018.0
2188,2.0,14.0,248.0,-34.0,57.0,-11.0,-35.0,32.0,1017.0
2189,3.0,13.0,245.0,-22.0,70.0,-10.0,-35.0,31.0,1015.0
2190,6.0,10.0,244.0,-6.0,80.0,-12.0,-37.0,18.0,1011.0
2191,1.0,11.0,244.0,14.0,92.0,-13.0,-33.0,19.0,1006.0
2192,4.0,7.0,239.0,41.0,101.0,-17.0,-32.0,13.0,996.0
2193,3.0,11.0,238.0,70.0,109.0,-21.0,-40.0,12.0,994.0
2194,-1.0,7.0,242.0,98.0,113.0,-23.0,-39.0,15.0,992.0
2195,2.0,7.0,244.0,124.0,115.0,-24.0,-43.0,14.0,995.0
2196,1.0,8.0,241.0,146.0,115.0,-25.0,-39.0,13.0,996.0
2197,0.0,8.0,241.0,163.0,114.0,-24.0,-41.0,11.0,998.0
2198,3.0,8.0,246.0,174.0,111.0,-26.0,-44.0,15.0,997.0
2199,2.0,9.0,246.0,183.0,108.0,-27.0,-46.0,11.0,1014.0
2200,0.0,9.0,253.0,190.0,106.0,-26.0,-52.0,11.0,1021.0
2201,1.0,7.0,249.0,200.0,103.0,-25.0,-43.0,14.0,1032.0
2202,0.0,5.0,255.0,211.0,98.0,-25.0,-52.0,15.0,1028.0
2203,1.0,9.0,254.0,219.0,93.0,-24.0,-55.0,13.0,1039.0
2204,0.0,7.0,255.0,229.0,89.0,-23.0,-53.0,14.0,1041.0
2205,0.0,15.0,258.0,237.0,86.0,-21.0,-51.0,18.0,1043.0
2206,0.0,7.0,256.0,243.0,84.0,-19.0,-54.0,19.0,1036.0
2207,1.0,11.0,254.0,248.0,84.0,-18.0,-43.0,13.0,1044.0
2208,0.0,12.0,254.0,252.0,85.0,-16.0,-47.0,23.0,1043.0
2209,1.0,12.0,253.0,250.0,86.0,-14.0,-48.0,23.0,1039.0
2210,-1.0,12.0,255.0,246.0,86.0,-12.0,-50.0,24.0,1035.0
2211,1.0,14.0,252.0,241.0,84.0,-11.0,-49.0,27.0,1033.0
2212,0.0,14.0,249.0,235.0,77.0,-7.0,-50.0,26.0,1029.0
2213,1.0,11.0,249.0,230.0,68.0,-4.0,-48.0,26.0,1030.0
2214,1.0,12.0,247.0,225.0,57.0,-1.0,-44.0,28.0,1024.0
2215,1.0,9.0,249.0,221.0,46.0,1.0,-47.0,33.0,1016.0
2216,2.0,13.0,250.0,217.0,36.0,0.0,-44.0,44.0,1025.0
2217,1.0,19.0,248.0,215.0,27.0,1.0,-46.0,42.0,1022.0
2218,1.0,20.0,248.0,216.0,21.0,2.0,-48.0,50.0,1020.0
2219,2.0,20.0,249.0,220.0,15.0,0.0,-44.0,61.0,1029.0
2220,1.0,24.0,250.0,222.0,9.0,0.0,-39.0,66.0,1018.0
2221,1.0,24.0,246.0,226.0,3.0,-1.0,-43.0,69.0,1018.0
2222,2.0,22.0,246.0,225.0,-3.0,0.0,-45.0,78.0,1020.0
2223,0.0,30.0,249.0,225.0,-9.0,0.0,-41.0,82.0,1020.0
2224,3.0,31.0,252.0,219.0,-16.0,-1.0,-41.0,83.0,1022.0
2225,1.0,31.0,246.0,209.0,-22.0,-1.0,-35.0,89.0,1018.0
2226,2.0,27.0,250.0,196.0,-27.0,-2.0,-33.0,90.0,1023.0
2227,2.0,29.0,254.0,183.0,-34.0,-3.0,-33.0,90.0,1016.0
2228,3.0,27.0,250.0,168.0,-39.0,-5.0,-35.0,90.0,1018.0
2229,6.0,27.0,251.0,152.0,-43.0,-5.0,-28.0,83.0,1020.0
2230,5.0,26.0,255.0,138.0,-48.0,-6.0,-31.0,84.0,1025.0
2231,6.0,27.0,248.0,124.0,-53.0,-6.0,-23.0,75.0,1026.0
2232,7.0,24.0,255.0,113.0,-59.0,-7.0,-30.0,77.0,1032.0
2233,5.0,26.0,251.0,105.0,-63.0,-7.0,-21.0,75.0,1032.0
2234,5.0,23.0,251.0,98.0,-68.0,-7.0,-20.0,74.0,1037.0
2235,7.0,23.0,252.0,95.0,-72.0,-8.0,-27.0,70.0,1035.0
2236,9.0,21.0,256.0,91.0,-77.0,-8.0,-28.0,68.0,1033.0
2237,4.0,22.0,249.0,88.0,-82.0,-10.0,-26.0,68.0,1033.0
2238,9.0,26.0,253.0,85.0,-83.0,-11.0,-20.0,64.0,1035.0
2239,8.0,22.0,254.0,84.0,-85.0,-12.0,-17.0,66.0,1043.0
2240,12.0,19.0,250.0,85.0,-85.0,-14.0,-22.0,68.0,1032.0
2241,9.0,23.0,252.0,87.0,-82.0,-17.0,-17.0,72.0,1038.0
2242,8.0,25.0,250.0,88.0,-77.0,-18.0,-20.0,68.0,1031.0
2243,9.0,23.0,252.0,87.0,-69.0,-19.0,-19.0,67.0,1035.0
2244,8.0,25.0,251.0,86.0,-60.0,-21.0,-14.0,69.0,1029.0
2245,8.0,22.0,253.0,83.0,-50.0,-24.0,-9.0,70.0,1032.0
2246,13.0,20.0,250.0,80.0,-41.0,-25.0,-9.0,69.0,1035.0
2247,9.0,22.0,253.0,80.0,-30.0,-27.0,-12.0,63.0,1033.0
2248,11.0,24.0,254.0,78.0,-20.0,-29.0,-5.0,61.0,1031.0
2249,13.0,16.0,251.0,79.0,-14.0,-31.0,-9.0,62.0,1037.0
2250,11.0,20.0,252.0,81.0,-7.0,-33.0,-12.0,54.0,1036.0
2251,11.0,20.0,253.0,82.0,-5.0,-37.0,-14.0,58.0,1038.0
2252,9.0,20.0,250.0,83.0,-4.0,-38.0,-18.0,51.0,1027.0
2253,11.0,17.0,256.0,82.0,-3.0,-42.0,-12.0,59.0,1033.0
2254,12.0,18.0,251.0,80.0,-3.0,-46.0,-13.0,59.0,1040.0
2255,11.0,18.0,252.0,76.0,-1.0,-48.0,-13.0,59.0,1036.0
2256,9.0,16.0,256.0,74.0,0.0,-51.0,-12.0,60.0,1041.0
2257,12.0,17.0,256.0,70.0,2.0,-55.0,-15.0,63.0,1037.0
2258,12.0,24.0,252.0,65.0,5.0,-57.0,-15.0,70.0,1036.0
2259,10.0,21.0,253.0,62.0,6.0,-57.0,-7.0,72.0,1038.0
2260,9.0,29.0,259.0,62.0,5.0,-57.0,-4.0,68.0,1026.0
2261,9.0,29.0,249.0,60.0,5.0,-56.0,-2.0,78.0,1030.0
2262,12.0,26.0,250.0,59.0,3.0,-52.0,0.0,79.0,1020.0
2263,13.0,27.0,255.0,57.0,4.0,-50.0,5.0,84.0,1024.0
2264,14.0,26.0,248.0,55.0,6.0,-48.0,1.0,90.0,1025.0
2265,13.0,31.0,247.0,52.0,8.0,-44.0,4.0,89.0,1021.0
2266,14.0,32.0,249.0,47.0,9.0,-41.0,7.0,90.0,1021.0
2267,17.0,33.0,249.0,43.0,12.0,-37.0,8.0,97.0,1015.0
2268,14.0,31.0,251.0,37.0,16.0,-33.0,7.0,89.0,1012.0
2269,13.0,29.0,248.0,32.0,20.0,-31.0,7.0,88.0,1023.0
2270,19.0,30.0,250.0,29.0,27.0,-30.0,8.0,89.0,1015.0
2271,17.0,29.0,252.0,27.0,36.0,-25.0,8.0,86.0,1013.0
2272,16.0,28.0,248.0,26.0,46.0,-26.0,11.0,82.0,1023.0
2273,17.0,25.0,248.0,25.0,57.0,-26.0,8.0,80.0,1021.0
2274,18.0,28.0,251.0,22.0,67.0,-27.0,16.0,79.0,1025.0
2275,18.0,27.0,251.0,20.0,76.0,-26.0,8.0,74.0,1024.0
2276,20.0,26.0,249.0,16.0,86.0,-28.0,12.0,75.0,1036.0
2277,16.0,24.0,252.0,16.0,93.0,-28.0,10.0,75.0,1038.0
2278,18.0,24.0,249.0,18.0,97.0,-29.0,11.0,72.0,1029.0
2279,16.0,24.0,249.0,26.0,97.0,-30.0,12.0,67.0,1023.0
2280,17.0,20.0,252.0,35.0,97.0,-32.0,14.0,65.0,1025.0
2281,16.0,19.0,253.0,51.0,95.0,-34.0,11.0,61.0,1028.0
2282,15.0,21.0,248.0,67.0,92.0,-35.0,7.0,62.0,1021.0
2283,14.0,21.0,248.0,79.0,90.0,-38.0,7.0,58.0,1017.0
2284,15.0,20.0,247.0,91.0,89.0,-39.0,7.0,64.0,1019.0
2285,16.0,20.0,249.0,99.0,87.0,-43.0,8.0,59.0,1015.0
2286,15.0,25.0,249.0,106.0,89.0,-45.0,4.0,64.0,1019.0
2287,13.0,22.0,248.0,110.0,90.0,-47.0,2.0,76.0,1012.0
2288,15.0,23.0,245.0,109.0,92.0,-49.0,0.0,71.0,1013.0
2289,12.0,23.0,251.0,103.0,94.0,-47.0,-4.0,77.0,1016.0
2290,14.0,29.0,246.0,96.0,97.0,-50.0,-1.0,80.0,1019.0
2291,9.0,27.0,246.0,86.0,100.0,-51.0,-4.0,79.0,1018.0
2292,9.0,29.0,251.0,79.0,102.0,-52.0,-10.0,81.0,1023.0
2293,9.0,26.0,251.0,72.0,103.0,-50.0,-7.0,77.0,1020.0
2294,9.0,29.0,249.0,67.0,103.0,-50.0,-14.0,81.0,1026.0
2295,8.0,28.0,245.0,63.0,102.0,-49.0,-11.0,77.0,1024.0
2296,10.0,23.0,252.0,62.0,101.0,-47.0,-17.0,82.0,1020.0
2297,6.0,27.0,251.0,62.0,97.0,-46.0,-25.0,74.0,1025.0
2298,5.0,24.0,253.0,63.0,93.0,-44.0,-25.0,77.0,1026.0
2299,3.0,28.0,248.0,62.0,88.0,-43.0,-33.0,81.0,1028.0
2300,3.0,25.0,253.0,63.0,83.0,-40.0,-28.0,76.0,1022.0
2301,1.0,28.0,251.0,61.0,77.0,-36.0,-42.0,80.0,1024.0
2302,1.0,22.0,248.0,60.0,71.0,-32.0,-46.0,75.0,1025.0
2303,7.0,26.0,255.0,57.0,64.0,-30.0,-46.0,79.0,1032.0
2304,0.0,24.0,248.0,53.0,57.0,-27.0,-54.0,73.0,1026.0
2305,0.0,25.0,250.0,48.0,51.0,-24.0,-56.0,73.0,1028.0
2306,0.0,27.0,249.0,43.0,45.0,-24.0,-65.0,74.0,1024.0
2307,0.0,24.0,250.0,36.0,40.0,-21.0,-64.0,73.0,1025.0
2308,-1.0,24.0,252.0,30.0,36.0,-19.0,-68.0,75.0,1026.0
2309,-5.0,27.0,249.0,22.0,32.0,-19.0,-74.0,68.0,1026.0
2310,-3.0,21.0,252.0,15.0,26.0,-16.0,-74.0,72.0,1025.0
2311,-6.0,24.0,250.0,7.0,21.0,-14.0,-78.0,70.0,1023.0
2312,-4.0,24.0,252.0,0.0,16.0,-12.0,-80.0,76.0,1021.0
2313,-2.0,23.0,249.0,-9.0,12.0,-10.0,-75.0,72.0,1019.0
2314,-7.0,24.0,247.0,-16.0,7.0,-9.0,-75.0,72.0,1031.0
2315,-2.0,22.0,252.0,-23.0,7.0,-9.0,-79.0,71.0,1029.0
2316,-4.0,23.0,253.0,-28.0,6.0,-6.0,-73.0,70.0,1021.0
2317,-3.0,24.0,251.0,-31.0,5.0,-5.0,-79.0,64.0,1026.0
2318,-7.0,24.0,250.0,-32.0,5.0,0.0,-81.0,71.0,1023.0
2319,-9.0,24.0,253.0,-31.0,5.0,0.0,-77.0,69.0,1031.0
2320,-7.0,24.0,253.0,-31.0,5.0,3.0,-84.0,69.0,1024.0
2321,-6.0,21.0,254.0,-28.0,4.0,4.0,-81.0,71.0,1026.0
2322,-2.0,23.0,249.0,-22.0,3.0,6.0,-84.0,66.0,1032.0
2323,-5.0,23.0,244.0,-18.0,1.0,8.0,-78.0,69.0,1032.0
2324,-8.0,22.0,249.0,-12.0,-1.0,10.0,-76.0,69.0,1023.0
2325,0.0,21.0,251.0,-8.0,-5.0,13.0,-80.0,71.0,1021.0
2326,-4.0,26.0,252.0,-7.0,-5.0,13.0,-74.0,68.0,1031.0
2327,-3.0,24.0,252.0,-6.0,-8.0,14.0,-71.0,67.0,1029.0
2328,-4.0,20.0,252.0,-5.0,-9.0,16.0,-68.0,69.0,1024.0
2329,0.0,25.0,249.0,-6.0,-9.0,16.0,-66.0,68.0,1030.0
2330,0.0,25.0,253.0,-10.0,-9.0,16.0,-63.0,68.0,1028.0
2331,-2.0,25.0,249.0,-13.0,-8.0,14.0,-60.0,66.0,1028.0
2332,1.0,22.0,251.0,-17.0,-8.0,13.0,-51.0,62.0,1024.0
2333,3.0,25.0,252.0,-21.0,-7.0,12.0,-53.0,62.0,1025.0
2334,3.0,19.0,253.0,-23.0,-7.0,13.0,-42.0,59.0,1025.0
2335,2.0,23.0,253.0,-25.0,-7.0,11.0,-35.0,59.0,1025.0
2336,3.0,24.0,251.0,-23.0,-5.0,10.0,-27.0,48.0,1023.0
2337,6.0,19.0,245.0,-19.0,-5.0,8.0,-29.0,48.0,1025.0
2338,8.0,18.0,253.0,-13.0,-4.0,6.0,-21.0,51.0,1022.0
2339,6.0,19.0,254.0,-3.0,-4.0,3.0,-20.0,49.0,1020.0
2340,7.0,21.0,252.0,7.0,-4.0,2.0,-18.0,51.0,1023.0
2341,11.0,17.0,248.0,17.0,-2.0,1.0,-11.0,51.0,1025.0
2342,9.0,20.0,247.0,28.0,1.0,-2.0,-12.0,50.0,1024.0
2343,11.0,16.0,252.0,38.0,0.0,-2.0,-7.0,51.0,1024.0
2344,16.0,16.0,250.0,44.0,3.0,-3.0,-8.0,56.0,1013.0
2345,13.0,23.0,249.0,49.0,5.0,-3.0,0.0,64.0,1021.0
2346,11.0,25.0,251.0,53.0,6.0,-5.0,0.0,65.0,1022.0
2347,17.0,18.0,242.0,52.0,6.0,-5.0,7.0,68.0,1016.0
2348,11.0,24.0,247.0,50.0,7.0,-8.0,0.0,70.0,1018.0
2349,16.0,24.0,252.0,46.0,8.0,-8.0,8.0,70.0,1025.0
2350,13.0,26.0,250.0,40.0,9.0,-10.0,5.0,65.0,1023.0
2351,15.0,28.0,253.0,33.0,10.0,-9.0,5.0,71.0,1022.0
2352,16.0,23.0,249.0,26.0,9.0,-11.0,4.0,71.0,1025.0
2353,14.0,22.0,252.0,22.0,9.0,-11.0,14.0,70.0,1021.0
2354,16.0,23.0,249.0,18.0,10.0,-12.0,11.0,71.0,1027.0
2355,17.0,19.0,254.0,14.0,11.0,-13.0,1.0,68.0,1026.0
2356,15.0,25.0,253.0,12.0,12.0,-16.0,7.0,60.0,1035.0
2357,15.0,20.0,254.0,12.0,13.0,-17.0,6.0,64.0,1030.0
2358,16.0,21.0,252.0,13.0,15.0,-16.0,9.0,63.0,1027.0
2359,13.0,24.0,251.0,16.0,19.0,-19.0,2.0,59.0,1024.0
2360,15.0,19.0,251.0,17.0,19.0,-21.0,7.0,63.0,1026.0
2361,15.0,22.0,251.0,18.0,21.0,-23.0,4.0,59.0,1029.0
2362,15.0,23.0,252.0,19.0,24.0,-23.0,8.0,61.0,1032.0
2363,13.0,23.0,252.0,19.0,25.0,-23.0,0.0,55.0,1026.0
2364,11.0,18.0,248.0,20.0,27.0,-24.0,-2.0,61.0,1036.0
2365,15.0,21.0,249.0,20.0,30.0,-23.0,1.0,61.0,1019.0
2366,16.0,21.0,252.0,22.0,32.0,-23.0,-3.0,62.0,1024.0
2367,10.0,22.0,248.0,23.0,33.0,-24.0,-5.0,56.0,1028.0
2368,4.0,25.0,249.0,26.0,34.0,-24.0,-11.0,59.0,1023.0
2369,9.0,21.0,248.0,28.0,35.0,-24.0,-11.0,57.0,1019.0
2370,10.0,19.0,247.0,31.0,35.0,-25.0,-13.0,60.0,1025.0
2371,10.0,20.0,250.0,33.0,33.0,-23.0,-16.0,51.0,1019.0
2372,7.0,18.0,247.0,37.0,32.0,-22.0,-15.0,53.0,1021.0
2373,8.0,16.0,254.0,39.0,32.0,-22.0,-16.0,52.0,1023.0
2374,10.0,15.0,252.0,41.0,32.0,-23.0,-18.0,54.0,1024.0
2375,5.0,19.0,248.0,43.0,32.0,-20.0,-26.0,58.0,1025.0
2376,5.0,17.0,251.0,46.0,31.0,-20.0,-27.0,54.0,1022.0
2377,4.0,19.0,246.0,46.0,32.0,-20.0,-24.0,48.0,1027.0
2378,4.0,21.0,249.0,45.0,32.0,-20.0,-29.0,56.0,1027.0
2379,14.0,16.0,247.0,43.0,32.0,-19.0,-34.0,56.0,1025.0
2380,2.0,20.0,251.0,41.0,33.0,-19.0,-34.0,54.0,1026.0
2381,6.0,20.0,252.0,36.0,32.0,-20.0,-31.0,55.0,1022.0
2382,3.0,20.0,250.0,30.0,31.0,-19.0,-43.0,54.0,1032.0
2383,0.0,25.0,251.0,23.0,30.0,-20.0,-36.0,62.0,1024.0
2384,3.0,21.0,249.0,18.0,30.0,-20.0,-38.0,60.0,1024.0
2385,3.0,21.0,249.0,15.0,28.0,-18.0,-38.0,61.0,1030.0
2386,5.0,21.0,248.0,9.0,26.0,-16.0,-37.0,64.0,1026.0
2387,5.0,16.0,252.0,5.0,23.0,-15.0,-43.0,62.0,1029.0
2388,1.0,24.0,253.0,2.0,22.0,-14.0,-41.0,66.0,1029.0
2389,2.0,24.0,248.0,-3.0,20.0,-14.0,-39.0,69.0,1032.0
2390,4.0,18.0,254.0,-8.0,18.0,-14.0,-40.0,69.0,1030.0
2391,1.0,26.0,254.0,-15.0,18.0,-15.0,-41.0,66.0,1028.0
2392,2.0,25.0,253.0,-22.0,18.0,-14.0,-44.0,66.0,1038.0
2393,3.0,25.0,253.0,-29.0,18.0,-13.0,-40.0,68.0,1030.0
2394,3.0,25.0,253.0,-39.0,18.0,-12.0,-40.0,63.0,1031.0
2395,3.0,21.0,251.0,-44.0,19.0,-14.0,-45.0,59.0,1032.0
2396,1.0,22.0,250.0,-50.0,20.0,-12.0,-42.0,57.0,1024.0
2397,2.0,22.0,252.0,-52.0,20.0,-11.0,-41.0,50.0,1032.0
2398,1.0,16.0,254.0,-51.0,22.0,-12.0,-43.0,45.0,1031.0
2399,4.0,19.0,256.0,-48.0,24.0,-12.0,-45.0,45.0,1034.0
