,0,1,2,3,4,5,6,7,8
0,17.0,-246.0,40.0,-58.0,26.0,-9.0,-4.0,-952.0,321.0
1,19.0,-248.0,40.0,-59.0,27.0,-8.0,3.0,-951.0,321.0
2,23.0,-250.0,43.0,-59.0,27.0,-8.0,1.0,-949.0,314.0
3,18.0,-247.0,43.0,-58.0,28.0,-8.0,1.0,-949.0,321.0
4,21.0,-249.0,40.0,-59.0,29.0,-8.0,3.0,-953.0,318.0
5,22.0,-250.0,38.0,-57.0,27.0,-10.0,1.0,-951.0,319.0
6,22.0,-247.0,41.0,-58.0,28.0,-10.0,2.0,-955.0,318.0
7,19.0,-248.0,41.0,-55.0,28.0,-11.0,-2.0,-955.0,318.0
8,21.0,-250.0,40.0,-53.0,29.0,-11.0,-4.0,-955.0,321.0
9,19.0,-248.0,42.0,-53.0,29.0,-10.0,-5.0,-952.0,319.0
10,20.0,-250.0,43.0,-52.0,29.0,-11.0,0.0,-953.0,317.0
11,20.0,-242.0,43.0,-52.0,30.0,-11.0,4.0,-952.0,318.0
12,21.0,-249.0,42.0,-50.0,30.0,-12.0,5.0,-950.0,315.0
13,22.0,-249.0,39.0,-46.0,30.0,-11.0,-1.0,-950.0,318.0
14,18.0,-246.0,38.0,-49.0,31.0,-12.0,-1.0,-951.0,317.0
15,20.0,-250.0,38.0,-50.0,30.0,-12.0,-2.0,-949.0,316.0
16,20.0,-248.0,44.0,-53.0,31.0,-13.0,4.0,-948.0,319.0
17,21.0,-246.0,42.0,-53.0,30.0,-12.0,1.0,-944.0,321.0
18,24.0,-249.0,43.0,-56.0,28.0,-11.0,-3.0,-947.0,322.0
19,19.0,-248.0,39.0,-57.0,26.0,-10.0,-3.0,-953.0,313.0
20,20.0,-245.0,40.0,-57.0,25.0,-9.0,-1.0,-946.0,322.0
21,21.0,-248.0,38.0,-59.0,24.0,-8.0,1.0,-946.0,318.0
22,20.0,-246.0,45.0,-57.0,25.0,-9.0,-3.0,-955.0,321.0
23,23.0,-249.0,40.0,-60.0,26.0,-7.0,2.0,-948.0,322.0
24,20.0,-247.0,40.0,-58.0,26.0,-6.0,-1.0,-945.0,321.0
25,17.0,-247.0,41.0,-55.0,29.0,-5.0,3.0,-948.0,320.0
26,22.0,-249.0,39.0,-55.0,30.0,-5.0,1.0,-952.0,321.0
27,20.0,-251.0,40.0,-55.0,30.0,-5.0,-1.0,-951.0,318.0
28,20.0,-250.0,42.0,-55.0,33.0,-4.0,0.0,-946.0,318.0
29,19.0,-251.0,42.0,-57.0,33.0,-5.0,-1.0,-951.0,319.0
30,16.0,-248.0,40.0,-59.0,34.0,-5.0,-1.0,-951.0,319.0
31,20.0,-249.0,42.0,-58.0,35.0,-7.0,5.0,-952.0,319.0
32,19.0,-251.0,39.0,-58.0,35.0,-8.0,-2.0,-953.0,318.0
33,21.0,-248.0,46.0,-56.0,35.0,-8.0,-2.0,-948.0,317.0
34,21.0,-246.0,42.0,-55.0,35.0,-9.0,0.0,-950.0,317.0
35,19.0,-247.0,39.0,-56.0,35.0,-10.0,-1.0,-951.0,321.0
36,29.0,-244.0,42.0,-55.0,35.0,-11.0,2.0,-952.0,319.0
37,20.0,-249.0,40.0,-55.0,34.0,-11.0,-2.0,-951.0,316.0
38,18.0,-247.0,38.0,-56.0,35.0,-10.0,-2.0,-951.0,316.0
39,18.0,-248.0,40.0,-57.0,33.0,-9.0,0.0,-951.0,317.0
40,19.0,-246.0,43.0,-57.0,30.0,-8.0,-10.0,-947.0,315.0
41,20.0,-246.0,41.0,-60.0,27.0,-8.0,-8.0,-948.0,317.0
42,17.0,-249.0,41.0,-64.0,24.0,-6.0,-2.0,-946.0,319.0
43,19.0,-247.0,45.0,-64.0,21.0,-6.0,-2.0,-946.0,318.0
44,19.0,-245.0,42.0,-67.0,21.0,-7.0,0.0,-946.0,318.0
45,16.0,-247.0,39.0,-69.0,23.0,-5.0,-3.0,-946.0,311.0
46,20.0,-249.0,39.0,-67.0,24.0,-6.0,-1.0,-947.0,317.0
47,26.0,-240.0,31.0,-67.0,25.0,-6.0,-4.0,-949.0,313.0
48,19.0,-246.0,40.0,-67.0,26.0,-6.0,0.0,-945.0,316.0
49,21.0,-250.0,41.0,-69.0,26.0,-6.0,-2.0,-949.0,311.0
50,19.0,-251.0,41.0,-70.0,27.0,-6.0,-2.0,-951.0,314.0
51,20.0,-249.0,40.0,-72.0,27.0,-6.0,-2.0,-958.0,317.0
52,24.0,-252.0,41.0,-72.0,27.0,-5.0,0.0,-960.0,321.0
53,17.0,-249.0,40.0,-71.0,27.0,-5.0,1.0,-959.0,319.0
54,24.0,-252.0,37.0,-69.0,27.0,-5.0,-3.0,-960.0,321.0
55,20.0,-251.0,43.0,-66.0,25.0,-4.0,-2.0,-958.0,321.0
56,21.0,-251.0,41.0,-62.0,25.0,-6.0,-1.0,-957.0,320.0
57,19.0,-251.0,39.0,-59.0,25.0,-6.0,-1.0,-964.0,319.0
58,18.0,-248.0,41.0,-55.0,25.0,-6.0,-2.0,-958.0,317.0
59,20.0,-249.0,42.0,-52.0,25.0,-5.0,-2.0,-959.0,317.0
60,17.0,-247.0,40.0,-49.0,25.0,-7.0,-1.0,-953.0,314.0
61,22.0,-252.0,38.0,-46.0,26.0,-5.0,-7.0,-949.0,316.0
62,20.0,-248.0,37.0,-45.0,28.0,-6.0,-3.0,-950.0,319.0
63,19.0,-248.0,38.0,-45.0,29.0,-8.0,-1.0,-954.0,318.0
64,17.0,-248.0,42.0,-45.0,29.0,-8.0,2.0,-951.0,316.0
65,21.0,-249.0,41.0,-46.0,28.0,-7.0,0.0,-947.0,312.0
66,19.0,-246.0,43.0,-49.0,28.0,-6.0,-1.0,-954.0,315.0
67,19.0,-246.0,40.0,-50.0,26.0,-6.0,-7.0,-950.0,317.0
68,16.0,-246.0,38.0,-51.0,26.0,-7.0,-3.0,-945.0,313.0
69,22.0,-250.0,41.0,-53.0,24.0,-4.0,-5.0,-947.0,317.0
70,16.0,-248.0,37.0,-55.0,24.0,-3.0,-7.0,-947.0,311.0
71,22.0,-246.0,37.0,-55.0,24.0,-3.0,-4.0,-956.0,312.0
72,20.0,-248.0,40.0,-57.0,24.0,-2.0,-1.0,-948.0,312.0
73,20.0,-251.0,41.0,-58.0,22.0,-3.0,0.0,-953.0,310.0
74,19.0,-247.0,41.0,-60.0,22.0,-3.0,1.0,-958.0,308.0
75,17.0,-249.0,38.0,-60.0,21.0,-1.0,-6.0,-956.0,312.0
76,17.0,-249.0,41.0,-62.0,21.0,-2.0,-5.0,-953.0,315.0
77,18.0,-248.0,42.0,-61.0,21.0,-2.0,-3.0,-953.0,314.0
78,21.0,-250.0,37.0,-59.0,21.0,-3.0,-4.0,-957.0,312.0
79,19.0,-252.0,40.0,-57.0,21.0,-4.0,-1.0,-952.0,310.0
80,20.0,-250.0,38.0,-56.0,21.0,-4.0,-1.0,-950.0,308.0
81,19.0,-253.0,42.0,-54.0,21.0,-4.0,2.0,-960.0,312.0
82,20.0,-251.0,40.0,-54.0,22.0,-5.0,-6.0,-957.0,313.0
83,20.0,-250.0,38.0,-51.0,23.0,-6.0,-3.0,-957.0,309.0
84,19.0,-249.0,39.0,-49.0,23.0,-6.0,-1.0,-958.0,313.0
85,17.0,-248.0,40.0,-49.0,24.0,-5.0,-3.0,-951.0,314.0
86,20.0,-246.0,35.0,-48.0,23.0,-5.0,1.0,-958.0,314.0
87,22.0,-248.0,37.0,-48.0,23.0,-4.0,6.0,-953.0,310.0
88,21.0,-248.0,40.0,-47.0,24.0,-4.0,0.0,-949.0,313.0
89,18.0,-246.0,41.0,-49.0,25.0,-5.0,-2.0,-952.0,315.0
90,21.0,-247.0,37.0,-50.0,25.0,-4.0,-8.0,-955.0,311.0
91,20.0,-246.0,38.0,-50.0,24.0,-4.0,0.0,-948.0,307.0
92,18.0,-248.0,41.0,-49.0,23.0,-5.0,-6.0,-946.0,310.0
93,18.0,-249.0,39.0,-49.0,24.0,-6.0,-3.0,-944.0,309.0
94,21.0,-249.0,42.0,-52.0,23.0,-6.0,-3.0,-951.0,311.0
95,19.0,-250.0,43.0,-51.0,24.0,-5.0,0.0,-952.0,309.0
96,22.0,-250.0,44.0,-50.0,23.0,-5.0,-3.0,-950.0,311.0
97,21.0,-250.0,39.0,-50.0,24.0,-5.0,-10.0,-948.0,313.0
98,17.0,-248.0,37.0,-51.0,22.0,-6.0,-1.0,-949.0,314.0
99,18.0,-247.0,35.0,-52.0,22.0,-7.0,-3.0,-949.0,306.0
100,22.0,-250.0,34.0,-53.0,23.0,-8.0,-4.0,-949.0,308.0
101,18.0,-246.0,42.0,-55.0,25.0,-8.0,-3.0,-946.0,311.0
102,19.0,-247.0,37.0,-57.0,24.0,-8.0,-3.0,-946.0,303.0
103,19.0,-248.0,35.0,-62.0,25.0,-8.0,-4.0,-949.0,310.0
104,21.0,-250.0,36.0,-65.0,25.0,-8.0,-1.0,-948.0,307.0
105,19.0,-247.0,40.0,-66.0,23.0,-7.0,-1.0,-951.0,310.0
106,18.0,-251.0,37.0,-69.0,23.0,-7.0,-8.0,-951.0,309.0
107,17.0,-249.0,39.0,-68.0,22.0,-5.0,0.0,-957.0,311.0
108,16.0,-247.0,41.0,-67.0,21.0,-6.0,-7.0,-955.0,316.0
109,16.0,-249.0,37.0,-66.0,23.0,-5.0,-3.0,-952.0,312.0
110,16.0,-250.0,40.0,-62.0,23.0,-6.0,-4.0,-957.0,311.0
111,21.0,-252.0,41.0,-59.0,23.0,-6.0,-6.0,-955.0,311.0
112,16.0,-249.0,40.0,-59.0,25.0,-7.0,-9.0,-955.0,313.0
113,19.0,-250.0,37.0,-56.0,26.0,-8.0,-4.0,-958.0,309.0
114,22.0,-252.0,43.0,-54.0,27.0,-8.0,1.0,-958.0,311.0
115,16.0,-245.0,39.0,-53.0,27.0,-7.0,-4.0,-957.0,311.0
116,18.0,-251.0,40.0,-52.0,27.0,-8.0,-2.0,-956.0,313.0
117,21.0,-248.0,41.0,-51.0,28.0,-8.0,-3.0,-957.0,313.0
118,21.0,-251.0,40.0,-51.0,27.0,-10.0,2.0,-952.0,315.0
119,21.0,-252.0,38.0,-51.0,29.0,-10.0,1.0,-958.0,312.0
120,19.0,-249.0,39.0,-49.0,27.0,-10.0,-2.0,-949.0,318.0
121,20.0,-253.0,37.0,-50.0,25.0,-10.0,0.0,-951.0,309.0
122,20.0,-250.0,38.0,-51.0,25.0,-8.0,-1.0,-954.0,312.0
123,20.0,-251.0,40.0,-51.0,24.0,-9.0,-7.0,-948.0,312.0
124,18.0,-248.0,41.0,-50.0,23.0,-8.0,-4.0,-952.0,314.0
125,22.0,-250.0,38.0,-51.0,23.0,-8.0,-2.0,-953.0,311.0
126,20.0,-248.0,40.0,-52.0,22.0,-8.0,-6.0,-954.0,307.0
127,18.0,-247.0,38.0,-53.0,23.0,-6.0,-8.0,-952.0,313.0
128,20.0,-248.0,38.0,-55.0,22.0,-7.0,-2.0,-953.0,312.0
129,21.0,-250.0,42.0,-55.0,22.0,-6.0,-4.0,-950.0,311.0
130,20.0,-246.0,41.0,-54.0,22.0,-6.0,-1.0,-952.0,316.0
131,18.0,-249.0,40.0,-54.0,22.0,-8.0,-3.0,-961.0,311.0
132,20.0,-250.0,39.0,-53.0,22.0,-7.0,-2.0,-952.0,312.0
133,19.0,-251.0,40.0,-54.0,23.0,-8.0,-6.0,-956.0,311.0
134,18.0,-250.0,38.0,-52.0,24.0,-8.0,-5.0,-954.0,312.0
135,18.0,-249.0,38.0,-52.0,25.0,-8.0,-3.0,-951.0,309.0
136,19.0,-251.0,38.0,-50.0,24.0,-8.0,-8.0,-958.0,307.0
137,22.0,-249.0,41.0,-50.0,25.0,-9.0,-7.0,-956.0,310.0
138,20.0,-247.0,39.0,-50.0,24.0,-10.0,-2.0,-950.0,312.0
139,16.0,-249.0,40.0,-49.0,24.0,-10.0,-2.0,-954.0,309.0
140,21.0,-250.0,39.0,-49.0,25.0,-10.0,-3.0,-954.0,309.0
141,17.0,-249.0,40.0,-50.0,25.0,-10.0,-7.0,-958.0,314.0
142,19.0,-249.0,37.0,-49.0,25.0,-10.0,-3.0,-957.0,312.0
143,21.0,-249.0,41.0,-49.0,25.0,-8.0,-7.0,-952.0,310.0
144,19.0,-249.0,37.0,-48.0,24.0,-8.0,-4.0,-947.0,308.0
145,18.0,-251.0,40.0,-47.0,23.0,-9.0,-7.0,-950.0,307.0
146,19.0,-248.0,35.0,-48.0,21.0,-8.0,-3.0,-957.0,305.0
147,18.0,-249.0,40.0,-48.0,21.0,-8.0,-2.0,-952.0,313.0
148,18.0,-248.0,37.0,-46.0,20.0,-8.0,-8.0,-958.0,311.0
149,19.0,-249.0,44.0,-45.0,20.0,-7.0,-5.0,-949.0,311.0
150,16.0,-248.0,38.0,-45.0,20.0,-8.0,-8.0,-949.0,314.0
151,16.0,-249.0,37.0,-44.0,21.0,-6.0,0.0,-956.0,306.0
152,19.0,-251.0,35.0,-44.0,20.0,-8.0,-4.0,-952.0,309.0
153,17.0,-249.0,37.0,-45.0,20.0,-6.0,-4.0,-948.0,311.0
154,19.0,-251.0,37.0,-45.0,20.0,-7.0,-5.0,-955.0,314.0
155,20.0,-250.0,39.0,-46.0,20.0,-5.0,-3.0,-958.0,311.0
156,18.0,-248.0,37.0,-48.0,20.0,-6.0,-2.0,-951.0,311.0
157,19.0,-249.0,37.0,-48.0,18.0,-6.0,-2.0,-951.0,312.0
158,19.0,-251.0,43.0,-47.0,19.0,-6.0,-2.0,-957.0,316.0
159,20.0,-250.0,40.0,-47.0,19.0,-6.0,-1.0,-955.0,312.0
160,19.0,-249.0,39.0,-45.0,17.0,-5.0,-3.0,-955.0,314.0
161,15.0,-248.0,40.0,-44.0,17.0,-5.0,-4.0,-960.0,306.0
162,17.0,-249.0,39.0,-44.0,16.0,-6.0,-8.0,-952.0,312.0
163,17.0,-251.0,37.0,-42.0,15.0,-6.0,-4.0,-954.0,308.0
164,18.0,-248.0,40.0,-41.0,15.0,-5.0,-10.0,-954.0,311.0
165,19.0,-248.0,35.0,-42.0,15.0,-5.0,-3.0,-954.0,312.0
166,18.0,-247.0,40.0,-41.0,15.0,-4.0,-7.0,-949.0,309.0
167,28.0,-250.0,32.0,-41.0,15.0,-3.0,-6.0,-951.0,310.0
168,19.0,-250.0,40.0,-43.0,15.0,-3.0,-6.0,-961.0,308.0
169,18.0,-251.0,38.0,-45.0,16.0,-4.0,-3.0,-954.0,305.0
170,18.0,-249.0,38.0,-44.0,15.0,-5.0,-6.0,-953.0,312.0
171,18.0,-249.0,39.0,-44.0,16.0,-6.0,-3.0,-953.0,306.0
172,19.0,-248.0,36.0,-43.0,15.0,-6.0,-5.0,-952.0,311.0
173,19.0,-248.0,36.0,-44.0,17.0,-8.0,0.0,-955.0,309.0
174,19.0,-249.0,38.0,-45.0,17.0,-7.0,-4.0,-950.0,312.0
175,17.0,-249.0,36.0,-42.0,18.0,-7.0,-9.0,-956.0,310.0
176,20.0,-251.0,36.0,-44.0,18.0,-8.0,-3.0,-950.0,310.0
177,16.0,-248.0,37.0,-46.0,18.0,-8.0,-3.0,-955.0,313.0
178,23.0,-258.0,50.0,-45.0,18.0,-6.0,-3.0,-950.0,308.0
179,19.0,-247.0,38.0,-43.0,15.0,-7.0,-7.0,-950.0,305.0
180,19.0,-251.0,35.0,-45.0,14.0,-5.0,0.0,-950.0,307.0
181,21.0,-250.0,40.0,-46.0,14.0,-6.0,0.0,-955.0,310.0
182,22.0,-249.0,35.0,-46.0,11.0,-5.0,-2.0,-951.0,305.0
183,18.0,-248.0,36.0,-47.0,10.0,-5.0,-2.0,-955.0,308.0
184,21.0,-252.0,39.0,-46.0,9.0,-7.0,-2.0,-954.0,308.0
185,20.0,-248.0,38.0,-44.0,10.0,-6.0,-4.0,-953.0,306.0
186,20.0,-250.0,38.0,-40.0,9.0,-6.0,-2.0,-949.0,309.0
187,16.0,-246.0,41.0,-40.0,9.0,-6.0,4.0,-955.0,302.0
188,21.0,-250.0,35.0,-39.0,9.0,-6.0,1.0,-949.0,304.0
189,20.0,-252.0,32.0,-42.0,10.0,-6.0,5.0,-953.0,307.0
190,21.0,-251.0,39.0,-45.0,9.0,-6.0,-1.0,-952.0,312.0
191,18.0,-246.0,44.0,-46.0,9.0,-6.0,-3.0,-951.0,309.0
192,19.0,-250.0,37.0,-46.0,10.0,-4.0,1.0,-953.0,317.0
193,19.0,-249.0,41.0,-44.0,11.0,-4.0,-3.0,-954.0,312.0
194,21.0,-251.0,46.0,-43.0,11.0,-4.0,-2.0,-955.0,318.0
195,17.0,-250.0,40.0,-41.0,11.0,-6.0,-4.0,-956.0,313.0
196,19.0,-248.0,39.0,-40.0,12.0,-5.0,-3.0,-957.0,312.0
197,18.0,-251.0,40.0,-38.0,12.0,-6.0,-3.0,-957.0,315.0
198,18.0,-249.0,38.0,-37.0,14.0,-8.0,-2.0,-953.0,313.0
199,21.0,-249.0,40.0,-36.0,15.0,-7.0,-2.0,-953.0,312.0
200,16.0,-249.0,41.0,-36.0,17.0,-8.0,0.0,-958.0,316.0
201,21.0,-249.0,41.0,-36.0,17.0,-9.0,0.0,-952.0,312.0
202,20.0,-251.0,41.0,-35.0,19.0,-9.0,-3.0,-952.0,314.0
203,20.0,-248.0,37.0,-38.0,20.0,-9.0,1.0,-951.0,314.0
204,17.0,-251.0,34.0,-40.0,21.0,-9.0,-5.0,-951.0,315.0
205,19.0,-248.0,41.0,-40.0,21.0,-8.0,-2.0,-954.0,316.0
206,18.0,-251.0,38.0,-40.0,22.0,-9.0,-2.0,-954.0,309.0
207,20.0,-250.0,34.0,-41.0,21.0,-9.0,3.0,-953.0,312.0
208,23.0,-251.0,38.0,-41.0,19.0,-8.0,-1.0,-957.0,309.0
209,19.0,-252.0,40.0,-41.0,19.0,-7.0,-4.0,-955.0,312.0
210,21.0,-250.0,39.0,-43.0,19.0,-8.0,-3.0,-953.0,311.0
211,20.0,-251.0,39.0,-42.0,19.0,-7.0,-3.0,-954.0,309.0
212,23.0,-251.0,35.0,-41.0,19.0,-5.0,-1.0,-950.0,308.0
213,22.0,-249.0,37.0,-41.0,18.0,-6.0,-2.0,-956.0,307.0
214,19.0,-251.0,37.0,-42.0,17.0,-5.0,5.0,-956.0,312.0
215,18.0,-249.0,36.0,-41.0,18.0,-6.0,0.0,-954.0,308.0
216,20.0,-249.0,38.0,-43.0,18.0,-6.0,0.0,-948.0,311.0
217,20.0,-251.0,40.0,-44.0,19.0,-7.0,-4.0,-953.0,308.0
218,19.0,-249.0,38.0,-45.0,19.0,-10.0,1.0,-955.0,311.0
219,19.0,-250.0,36.0,-47.0,20.0,-11.0,2.0,-953.0,309.0
220,20.0,-248.0,38.0,-46.0,20.0,-10.0,0.0,-957.0,307.0
221,21.0,-249.0,35.0,-46.0,19.0,-12.0,-1.0,-953.0,313.0
222,19.0,-249.0,40.0,-46.0,19.0,-10.0,0.0,-953.0,309.0
223,21.0,-250.0,38.0,-46.0,19.0,-9.0,-4.0,-954.0,315.0
224,18.0,-249.0,37.0,-45.0,17.0,-10.0,-1.0,-955.0,311.0
225,16.0,-247.0,39.0,-44.0,16.0,-9.0,-5.0,-954.0,311.0
226,19.0,-249.0,40.0,-42.0,16.0,-9.0,-2.0,-953.0,313.0
227,20.0,-249.0,40.0,-42.0,17.0,-8.0,-3.0,-953.0,313.0
228,18.0,-248.0,42.0,-40.0,17.0,-8.0,-6.0,-952.0,315.0
229,19.0,-250.0,41.0,-38.0,17.0,-8.0,-2.0,-949.0,312.0
230,17.0,-248.0,40.0,-37.0,17.0,-7.0,-7.0,-950.0,308.0
231,19.0,-250.0,37.0,-37.0,17.0,-8.0,-7.0,-950.0,314.0
232,16.0,-247.0,40.0,-38.0,18.0,-6.0,-1.0,-952.0,312.0
233,21.0,-248.0,40.0,-39.0,18.0,-7.0,-4.0,-949.0,315.0
234,19.0,-249.0,39.0,-40.0,19.0,-5.0,0.0,-948.0,316.0
235,19.0,-246.0,39.0,-42.0,18.0,-6.0,3.0,-947.0,310.0
236,20.0,-247.0,38.0,-43.0,17.0,-7.0,0.0,-949.0,307.0
237,18.0,-248.0,41.0,-42.0,17.0,-7.0,-3.0,-954.0,308.0
238,21.0,-246.0,38.0,-44.0,17.0,-8.0,1.0,-945.0,308.0
239,18.0,-247.0,40.0,-44.0,17.0,-9.0,3.0,-946.0,312.0
240,21.0,-248.0,41.0,-45.0,18.0,-9.0,-4.0,-948.0,315.0
241,20.0,-250.0,39.0,-47.0,19.0,-10.0,1.0,-953.0,310.0
242,21.0,-247.0,40.0,-47.0,19.0,-10.0,-1.0,-949.0,312.0
243,19.0,-248.0,42.0,-50.0,20.0,-11.0,-2.0,-951.0,310.0
244,21.0,-249.0,35.0,-51.0,19.0,-10.0,0.0,-951.0,313.0
245,19.0,-250.0,38.0,-50.0,18.0,-9.0,-4.0,-956.0,309.0
246,20.0,-251.0,43.0,-54.0,17.0,-8.0,-3.0,-959.0,315.0
247,16.0,-248.0,40.0,-55.0,16.0,-6.0,-5.0,-955.0,316.0
248,20.0,-252.0,43.0,-54.0,15.0,-6.0,-4.0,-957.0,321.0
249,19.0,-254.0,38.0,-53.0,13.0,-6.0,-7.0,-957.0,315.0
250,19.0,-251.0,42.0,-52.0,12.0,-5.0,-7.0,-954.0,316.0
251,18.0,-251.0,38.0,-47.0,11.0,-4.0,-4.0,-959.0,313.0
252,18.0,-252.0,41.0,-44.0,13.0,-4.0,-3.0,-962.0,310.0
253,21.0,-250.0,41.0,-42.0,12.0,-5.0,-3.0,-955.0,315.0
254,19.0,-249.0,41.0,-39.0,13.0,-6.0,-3.0,-953.0,315.0
255,17.0,-251.0,36.0,-38.0,14.0,-6.0,-1.0,-958.0,311.0
256,18.0,-250.0,38.0,-35.0,14.0,-7.0,-3.0,-955.0,314.0
257,17.0,-249.0,40.0,-35.0,14.0,-8.0,-1.0,-949.0,313.0
258,19.0,-252.0,38.0,-34.0,14.0,-8.0,0.0,-946.0,311.0
259,20.0,-248.0,40.0,-35.0,13.0,-9.0,-3.0,-949.0,315.0
260,22.0,-247.0,35.0,-35.0,13.0,-10.0,-1.0,-952.0,313.0
261,21.0,-248.0,39.0,-37.0,13.0,-11.0,-4.0,-955.0,319.0
262,19.0,-250.0,38.0,-37.0,14.0,-9.0,0.0,-946.0,313.0
263,22.0,-250.0,39.0,-39.0,13.0,-9.0,1.0,-952.0,314.0
264,20.0,-246.0,39.0,-39.0,15.0,-9.0,3.0,-956.0,309.0
265,20.0,-248.0,38.0,-38.0,15.0,-8.0,2.0,-947.0,312.0
266,19.0,-246.0,38.0,-40.0,15.0,-8.0,0.0,-953.0,316.0
267,21.0,-248.0,39.0,-42.0,14.0,-8.0,4.0,-949.0,316.0
268,23.0,-249.0,34.0,-41.0,15.0,-6.0,-4.0,-951.0,316.0
269,23.0,-253.0,40.0,-43.0,14.0,-6.0,4.0,-950.0,314.0
270,22.0,-249.0,40.0,-44.0,15.0,-6.0,-1.0,-952.0,315.0
271,19.0,-248.0,39.0,-45.0,14.0,-5.0,0.0,-956.0,318.0
272,20.0,-252.0,38.0,-46.0,11.0,-5.0,-2.0,-953.0,315.0
273,17.0,-247.0,40.0,-48.0,11.0,-5.0,-2.0,-954.0,316.0
274,19.0,-247.0,42.0,-48.0,10.0,-6.0,0.0,-954.0,315.0
275,21.0,-251.0,44.0,-47.0,11.0,-5.0,0.0,-953.0,316.0
276,20.0,-249.0,41.0,-47.0,11.0,-5.0,-2.0,-954.0,316.0
277,21.0,-250.0,40.0,-45.0,13.0,-6.0,-3.0,-953.0,311.0
278,20.0,-247.0,38.0,-45.0,14.0,-6.0,-2.0,-951.0,313.0
279,18.0,-249.0,44.0,-44.0,15.0,-7.0,-3.0,-954.0,311.0
280,20.0,-249.0,40.0,-45.0,16.0,-8.0,2.0,-953.0,311.0
281,19.0,-251.0,38.0,-43.0,18.0,-8.0,0.0,-950.0,305.0
282,21.0,-251.0,38.0,-45.0,19.0,-7.0,-2.0,-953.0,313.0
283,18.0,-246.0,40.0,-45.0,20.0,-9.0,-2.0,-954.0,314.0
284,20.0,-249.0,41.0,-45.0,21.0,-8.0,0.0,-955.0,312.0
285,18.0,-247.0,39.0,-45.0,21.0,-6.0,0.0,-955.0,314.0
286,22.0,-251.0,38.0,-46.0,22.0,-8.0,0.0,-950.0,309.0
287,20.0,-249.0,39.0,-45.0,22.0,-8.0,3.0,-957.0,311.0
288,20.0,-248.0,41.0,-44.0,22.0,-8.0,1.0,-950.0,313.0
289,18.0,-247.0,36.0,-42.0,20.0,-7.0,0.0,-952.0,311.0
290,20.0,-249.0,39.0,-42.0,21.0,-7.0,-2.0,-948.0,318.0
291,20.0,-248.0,38.0,-42.0,20.0,-9.0,-1.0,-952.0,316.0
292,21.0,-246.0,39.0,-41.0,19.0,-9.0,-3.0,-946.0,316.0
293,18.0,-247.0,38.0,-42.0,20.0,-9.0,-2.0,-952.0,314.0
294,23.0,-250.0,38.0,-43.0,20.0,-9.0,-2.0,-949.0,312.0
295,19.0,-251.0,39.0,-44.0,21.0,-9.0,-1.0,-947.0,316.0
296,22.0,-251.0,39.0,-47.0,21.0,-9.0,0.0,-951.0,316.0
297,20.0,-246.0,36.0,-49.0,22.0,-10.0,0.0,-951.0,314.0
298,22.0,-260.0,53.0,-49.0,21.0,-10.0,-2.0,-950.0,312.0
299,22.0,-250.0,36.0,-52.0,23.0,-11.0,-2.0,-950.0,315.0
300,18.0,-245.0,40.0,-53.0,22.0,-10.0,1.0,-950.0,312.0
301,22.0,-248.0,39.0,-54.0,24.0,-10.0,-1.0,-949.0,314.0
302,22.0,-248.0,38.0,-53.0,25.0,-10.0,0.0,-954.0,308.0
303,21.0,-250.0,42.0,-54.0,26.0,-10.0,4.0,-949.0,312.0
304,19.0,-251.0,42.0,-54.0,24.0,-10.0,2.0,-952.0,315.0
305,21.0,-252.0,40.0,-53.0,24.0,-12.0,-2.0,-958.0,315.0
306,17.0,-250.0,39.0,-51.0,24.0,-10.0,-2.0,-956.0,311.0
307,21.0,-251.0,39.0,-53.0,25.0,-11.0,0.0,-956.0,313.0
308,22.0,-249.0,44.0,-52.0,25.0,-11.0,-3.0,-957.0,313.0
309,16.0,-248.0,37.0,-51.0,25.0,-9.0,-5.0,-958.0,310.0
310,21.0,-250.0,38.0,-48.0,25.0,-9.0,-6.0,-953.0,316.0
311,17.0,-249.0,35.0,-49.0,25.0,-9.0,-1.0,-951.0,311.0
312,20.0,-252.0,38.0,-48.0,27.0,-9.0,0.0,-954.0,311.0
313,20.0,-250.0,38.0,-48.0,29.0,-10.0,0.0,-949.0,313.0
314,19.0,-248.0,42.0,-49.0,29.0,-8.0,-1.0,-950.0,311.0
315,20.0,-249.0,37.0,-50.0,32.0,-9.0,3.0,-954.0,314.0
316,20.0,-249.0,40.0,-49.0,31.0,-12.0,-1.0,-948.0,311.0
317,21.0,-247.0,45.0,-53.0,33.0,-14.0,1.0,-948.0,313.0
318,23.0,-247.0,37.0,-55.0,34.0,-14.0,0.0,-951.0,318.0
319,21.0,-247.0,40.0,-60.0,36.0,-15.0,1.0,-945.0,314.0
320,19.0,-247.0,40.0,-62.0,38.0,-17.0,3.0,-957.0,313.0
321,20.0,-250.0,39.0,-66.0,37.0,-18.0,7.0,-954.0,312.0
322,23.0,-247.0,41.0,-68.0,37.0,-20.0,4.0,-950.0,311.0
323,21.0,-248.0,38.0,-71.0,36.0,-21.0,7.0,-948.0,314.0
324,22.0,-250.0,38.0,-72.0,35.0,-23.0,7.0,-952.0,310.0
325,23.0,-249.0,39.0,-75.0,37.0,-24.0,12.0,-950.0,309.0
326,24.0,-251.0,37.0,-80.0,39.0,-27.0,10.0,-952.0,308.0
327,21.0,-252.0,40.0,-81.0,40.0,-30.0,6.0,-954.0,309.0
328,23.0,-250.0,37.0,-80.0,40.0,-30.0,8.0,-949.0,303.0
329,23.0,-251.0,36.0,-81.0,39.0,-31.0,6.0,-954.0,301.0
330,21.0,-249.0,40.0,-79.0,36.0,-32.0,7.0,-958.0,302.0
331,21.0,-250.0,36.0,-80.0,35.0,-30.0,1.0,-961.0,305.0
332,21.0,-250.0,40.0,-82.0,36.0,-29.0,6.0,-960.0,301.0
333,24.0,-251.0,38.0,-82.0,37.0,-29.0,5.0,-954.0,304.0
334,21.0,-252.0,31.0,-85.0,37.0,-28.0,5.0,-960.0,307.0
335,20.0,-250.0,39.0,-85.0,39.0,-27.0,6.0,-957.0,305.0
336,21.0,-252.0,36.0,-85.0,42.0,-27.0,1.0,-960.0,305.0
337,20.0,-251.0,37.0,-85.0,44.0,-27.0,6.0,-961.0,308.0
338,21.0,-253.0,40.0,-87.0,49.0,-27.0,7.0,-962.0,308.0
339,19.0,-252.0,37.0,-90.0,52.0,-26.0,4.0,-958.0,310.0
340,20.0,-252.0,34.0,-94.0,55.0,-26.0,8.0,-965.0,308.0
341,23.0,-254.0,38.0,-101.0,59.0,-25.0,7.0,-969.0,312.0
342,20.0,-254.0,37.0,-108.0,59.0,-23.0,10.0,-969.0,312.0
343,24.0,-257.0,36.0,-116.0,59.0,-20.0,8.0,-978.0,309.0
344,25.0,-255.0,40.0,-125.0,58.0,-19.0,9.0,-987.0,312.0
345,21.0,-257.0,35.0,-131.0,58.0,-13.0,6.0,-988.0,318.0
346,19.0,-259.0,39.0,-134.0,55.0,-11.0,5.0,-988.0,309.0
347,23.0,-259.0,34.0,-134.0,52.0,-7.0,9.0,-992.0,307.0
348,23.0,-258.0,39.0,-136.0,49.0,-4.0,7.0,-992.0,307.0
349,21.0,-257.0,39.0,-133.0,46.0,-3.0,10.0,-984.0,309.0
350,20.0,-256.0,33.0,-130.0,45.0,0.0,4.0,-984.0,301.0
351,17.0,-255.0,36.0,-124.0,41.0,2.0,-1.0,-980.0,301.0
352,21.0,-255.0,30.0,-119.0,39.0,7.0,3.0,-971.0,298.0
353,21.0,-254.0,32.0,-115.0,38.0,9.0,-1.0,-969.0,289.0
354,21.0,-252.0,33.0,-114.0,36.0,12.0,-4.0,-961.0,291.0
355,18.0,-250.0,35.0,-116.0,34.0,14.0,-5.0,-960.0,283.0
356,18.0,-250.0,34.0,-122.0,31.0,19.0,-11.0,-956.0,279.0
357,17.0,-251.0,30.0,-126.0,28.0,20.0,-12.0,-952.0,273.0
358,17.0,-250.0,28.0,-133.0,25.0,24.0,-10.0,-953.0,278.0
359,15.0,-249.0,32.0,-141.0,21.0,27.0,-15.0,-951.0,275.0
360,15.0,-251.0,30.0,-145.0,16.0,28.0,-24.0,-949.0,271.0
361,13.0,-250.0,29.0,-144.0,13.0,30.0,-22.0,-954.0,277.0
362,15.0,-248.0,30.0,-143.0,9.0,31.0,-22.0,-951.0,279.0
363,13.0,-249.0,32.0,-137.0,8.0,34.0,-24.0,-950.0,281.0
364,13.0,-245.0,28.0,-130.0,7.0,35.0,-18.0,-947.0,284.0
365,16.0,-247.0,34.0,-121.0,8.0,37.0,-16.0,-951.0,286.0
366,15.0,-245.0,32.0,-114.0,10.0,37.0,-15.0,-946.0,291.0
367,16.0,-246.0,33.0,-108.0,11.0,40.0,-10.0,-944.0,297.0
368,19.0,-249.0,35.0,-102.0,13.0,42.0,-11.0,-944.0,294.0
369,18.0,-246.0,35.0,-102.0,15.0,44.0,-13.0,-946.0,294.0
370,18.0,-245.0,36.0,-104.0,18.0,46.0,-7.0,-944.0,294.0
371,17.0,-244.0,36.0,-106.0,19.0,46.0,-6.0,-948.0,295.0
372,18.0,-247.0,36.0,-112.0,17.0,48.0,-4.0,-944.0,295.0
373,18.0,-246.0,35.0,-118.0,14.0,49.0,-8.0,-947.0,292.0
374,17.0,-245.0,31.0,-123.0,9.0,51.0,-12.0,-941.0,286.0
375,14.0,-244.0,34.0,-127.0,4.0,51.0,-11.0,-944.0,289.0
376,15.0,-248.0,34.0,-129.0,-2.0,55.0,-21.0,-937.0,286.0
377,12.0,-245.0,30.0,-133.0,-5.0,56.0,-16.0,-939.0,284.0
378,15.0,-245.0,34.0,-132.0,-9.0,59.0,-22.0,-937.0,279.0
379,14.0,-244.0,29.0,-131.0,-10.0,60.0,-24.0,-941.0,271.0
380,12.0,-243.0,28.0,-131.0,-11.0,62.0,-25.0,-936.0,269.0
381,11.0,-246.0,25.0,-131.0,-8.0,64.0,-33.0,-938.0,263.0
382,13.0,-247.0,27.0,-136.0,-4.0,65.0,-35.0,-934.0,268.0
383,12.0,-243.0,26.0,-142.0,1.0,67.0,-36.0,-934.0,262.0
384,12.0,-244.0,23.0,-147.0,4.0,68.0,-39.0,-936.0,253.0
385,10.0,-243.0,21.0,-157.0,6.0,69.0,-43.0,-934.0,251.0
386,8.0,-245.0,25.0,-169.0,2.0,72.0,-43.0,-934.0,243.0
387,11.0,-247.0,21.0,-183.0,-2.0,74.0,-44.0,-932.0,234.0
388,8.0,-240.0,14.0,-196.0,-9.0,77.0,-48.0,-934.0,225.0
389,8.0,-245.0,14.0,-209.0,-14.0,81.0,-49.0,-926.0,218.0
390,8.0,-244.0,15.0,-225.0,-21.0,85.0,-44.0,-929.0,207.0
391,7.0,-241.0,11.0,-241.0,-27.0,91.0,-47.0,-928.0,202.0
392,8.0,-242.0,7.0,-252.0,-29.0,95.0,-42.0,-926.0,192.0
393,9.0,-243.0,9.0,-267.0,-28.0,98.0,-43.0,-925.0,189.0
394,9.0,-240.0,4.0,-278.0,-25.0,101.0,-45.0,-928.0,180.0
395,8.0,-242.0,7.0,-292.0,-19.0,102.0,-47.0,-922.0,177.0
396,9.0,-242.0,2.0,-306.0,-11.0,104.0,-43.0,-923.0,171.0
397,9.0,-242.0,2.0,-320.0,-3.0,103.0,-52.0,-922.0,167.0
398,6.0,-240.0,2.0,-334.0,4.0,104.0,-49.0,-928.0,163.0
399,4.0,-239.0,1.0,-348.0,10.0,104.0,-58.0,-926.0,163.0
400,5.0,-242.0,0.0,-364.0,10.0,108.0,-58.0,-925.0,157.0
401,4.0,-245.0,0.0,-378.0,8.0,113.0,-60.0,-921.0,153.0
402,3.0,-242.0,0.0,-389.0,4.0,118.0,-60.0,-921.0,144.0
403,3.0,-243.0,-2.0,-400.0,-4.0,124.0,-65.0,-920.0,142.0
404,1.0,-243.0,-3.0,-407.0,-11.0,132.0,-60.0,-921.0,140.0
405,1.0,-241.0,-5.0,-412.0,-21.0,140.0,-71.0,-920.0,135.0
406,0.0,-240.0,-6.0,-413.0,-32.0,148.0,-66.0,-917.0,131.0
407,1.0,-239.0,-6.0,-413.0,-44.0,157.0,-70.0,-907.0,139.0
408,0.0,-238.0,-7.0,-409.0,-51.0,166.0,-68.0,-904.0,135.0
409,2.0,-236.0,-2.0,-402.0,-57.0,176.0,-62.0,-887.0,141.0
410,6.0,-234.0,-3.0,-392.0,-58.0,186.0,-64.0,-875.0,150.0
411,6.0,-232.0,-1.0,-382.0,-56.0,193.0,-61.0,-871.0,159.0
412,7.0,-231.0,0.0,-370.0,-48.0,198.0,-57.0,-868.0,155.0
413,9.0,-226.0,1.0,-360.0,-34.0,202.0,-44.0,-865.0,158.0
414,11.0,-227.0,0.0,-352.0,-16.0,205.0,-46.0,-866.0,162.0
415,14.0,-229.0,2.0,-347.0,5.0,207.0,-38.0,-868.0,165.0
416,12.0,-227.0,0.0,-347.0,28.0,204.0,-40.0,-874.0,167.0
417,13.0,-230.0,1.0,-350.0,54.0,201.0,-42.0,-885.0,167.0
418,10.0,-235.0,-2.0,-354.0,77.0,199.0,-50.0,-891.0,166.0
419,9.0,-238.0,1.0,-359.0,106.0,191.0,-52.0,-916.0,167.0
420,8.0,-242.0,4.0,-365.0,137.0,182.0,-50.0,-928.0,176.0
421,3.0,-247.0,3.0,-372.0,175.0,170.0,-52.0,-946.0,176.0
422,4.0,-253.0,9.0,-379.0,216.0,155.0,-62.0,-956.0,187.0
423,7.0,-257.0,3.0,-382.0,256.0,137.0,-69.0,-973.0,194.0
424,3.0,-256.0,15.0,-385.0,289.0,119.0,-66.0,-989.0,206.0
425,1.0,-260.0,11.0,-386.0,312.0,104.0,-72.0,-997.0,213.0
426,0.0,-263.0,19.0,-386.0,323.0,89.0,-77.0,-1002.0,221.0
427,0.0,-267.0,18.0,-383.0,319.0,77.0,-84.0,-1007.0,222.0
428,7.0,-255.0,14.0,-379.0,304.0,64.0,-85.0,-1012.0,223.0
429,-2.0,-261.0,12.0,-376.0,279.0,54.0,-94.0,-1010.0,223.0
430,-1.0,-261.0,11.0,-377.0,251.0,44.0,-89.0,-1003.0,211.0
431,-2.0,-259.0,16.0,-382.0,219.0,31.0,-93.0,-994.0,207.0
432,-2.0,-256.0,9.0,-386.0,188.0,15.0,-90.0,-983.0,197.0
433,2.0,-254.0,2.0,-393.0,160.0,-2.0,-89.0,-968.0,181.0
434,0.0,-246.0,1.0,-403.0,130.0,-23.0,-80.0,-949.0,171.0
435,0.0,-241.0,0.0,-411.0,103.0,-45.0,-83.0,-940.0,154.0
436,1.0,-237.0,-5.0,-422.0,83.0,-68.0,-66.0,-911.0,139.0
437,6.0,-232.0,-7.0,-436.0,69.0,-94.0,-60.0,-880.0,121.0
438,9.0,-222.0,-12.0,-453.0,67.0,-121.0,-48.0,-862.0,107.0
439,15.0,-215.0,-35.0,-472.0,73.0,-148.0,-33.0,-835.0,84.0
440,18.0,-213.0,-26.0,-492.0,87.0,-174.0,-28.0,-815.0,57.0
441,20.0,-206.0,-33.0,-517.0,111.0,-198.0,-5.0,-807.0,41.0
442,25.0,-203.0,-35.0,-540.0,144.0,-223.0,24.0,-790.0,34.0
443,35.0,-203.0,-31.0,-567.0,186.0,-249.0,41.0,-768.0,35.0
444,38.0,-199.0,-30.0,-594.0,227.0,-271.0,65.0,-758.0,41.0
445,48.0,-197.0,-27.0,-616.0,284.0,-294.0,87.0,-752.0,46.0
446,48.0,-198.0,-23.0,-637.0,346.0,-314.0,99.0,-756.0,68.0
447,56.0,-202.0,-19.0,-650.0,415.0,-331.0,116.0,-754.0,86.0
448,55.0,-201.0,-12.0,-658.0,484.0,-344.0,120.0,-768.0,100.0
449,54.0,-204.0,-11.0,-663.0,543.0,-353.0,121.0,-781.0,119.0
450,50.0,-208.0,-7.0,-668.0,590.0,-356.0,118.0,-799.0,129.0
451,53.0,-214.0,1.0,-676.0,616.0,-350.0,117.0,-816.0,146.0
452,48.0,-224.0,0.0,-682.0,618.0,-339.0,114.0,-840.0,156.0
453,44.0,-231.0,1.0,-687.0,602.0,-321.0,97.0,-866.0,164.0
454,40.0,-237.0,0.0,-697.0,568.0,-298.0,81.0,-908.0,166.0
455,33.0,-247.0,1.0,-707.0,521.0,-269.0,54.0,-937.0,177.0
456,26.0,-256.0,5.0,-717.0,463.0,-237.0,16.0,-968.0,174.0
457,14.0,-261.0,7.0,-721.0,401.0,-203.0,-14.0,-1003.0,177.0
458,9.0,-273.0,8.0,-718.0,329.0,-171.0,-36.0,-1033.0,179.0
459,1.0,-280.0,4.0,-703.0,254.0,-139.0,-70.0,-1063.0,179.0
460,-4.0,-282.0,4.0,-674.0,178.0,-109.0,-98.0,-1084.0,173.0
461,-12.0,-286.0,6.0,-634.0,102.0,-81.0,-113.0,-1099.0,170.0
462,-12.0,-288.0,3.0,-582.0,36.0,-56.0,-126.0,-1103.0,164.0
463,-15.0,-288.0,6.0,-522.0,-21.0,-36.0,-143.0,-1097.0,169.0
464,-17.0,-286.0,4.0,-452.0,-62.0,-20.0,-146.0,-1097.0,172.0
465,-17.0,-282.0,6.0,-374.0,-90.0,-11.0,-150.0,-1076.0,181.0
466,-17.0,-274.0,4.0,-285.0,-105.0,-7.0,-151.0,-1052.0,170.0
467,-18.0,-265.0,1.0,-199.0,-110.0,-9.0,-147.0,-1014.0,169.0
468,-14.0,-256.0,-1.0,-121.0,-109.0,-14.0,-138.0,-986.0,150.0
469,-12.0,-251.0,-5.0,-59.0,-101.0,-19.0,-133.0,-949.0,137.0
470,-8.0,-237.0,-12.0,-18.0,-95.0,-23.0,-120.0,-922.0,120.0
471,-5.0,-230.0,-14.0,3.0,-91.0,-26.0,-114.0,-882.0,108.0
472,-5.0,-223.0,-20.0,3.0,-93.0,-25.0,-105.0,-854.0,85.0
473,-1.0,-218.0,-27.0,-18.0,-100.0,-22.0,-96.0,-836.0,72.0
474,2.0,-213.0,-29.0,-52.0,-113.0,-15.0,-73.0,-819.0,52.0
475,4.0,-210.0,-29.0,-95.0,-129.0,-6.0,-62.0,-805.0,56.0
476,4.0,-205.0,-27.0,-138.0,-149.0,6.0,-51.0,-787.0,57.0
477,14.0,-203.0,-24.0,-174.0,-170.0,18.0,-41.0,-779.0,61.0
478,10.0,-199.0,-25.0,-200.0,-190.0,34.0,-31.0,-761.0,63.0
479,13.0,-198.0,-24.0,-214.0,-207.0,49.0,-32.0,-751.0,74.0
480,13.0,-194.0,-23.0,-225.0,-220.0,67.0,-25.0,-734.0,73.0
481,20.0,-191.0,-21.0,-225.0,-234.0,82.0,-15.0,-718.0,74.0
482,20.0,-184.0,-20.0,-223.0,-245.0,99.0,-4.0,-698.0,76.0
483,23.0,-179.0,-23.0,-220.0,-252.0,113.0,7.0,-680.0,80.0
484,24.0,-175.0,-26.0,-221.0,-256.0,127.0,20.0,-660.0,67.0
485,28.0,-171.0,-29.0,-230.0,-250.0,134.0,25.0,-648.0,52.0
486,31.0,-169.0,-35.0,-253.0,-235.0,141.0,32.0,-630.0,34.0
487,30.0,-166.0,-40.0,-290.0,-213.0,143.0,39.0,-617.0,16.0
488,35.0,-164.0,-44.0,-344.0,-189.0,141.0,45.0,-617.0,-13.0
489,33.0,-166.0,-53.0,-416.0,-164.0,136.0,45.0,-630.0,-40.0
490,34.0,-169.0,-59.0,-501.0,-147.0,133.0,49.0,-634.0,-66.0
491,35.0,-174.0,-60.0,-597.0,-136.0,128.0,60.0,-652.0,-87.0
492,41.0,-179.0,-67.0,-695.0,-128.0,120.0,71.0,-673.0,-107.0
493,42.0,-185.0,-66.0,-793.0,-120.0,110.0,85.0,-700.0,-112.0
494,44.0,-193.0,-69.0,-883.0,-112.0,98.0,93.0,-735.0,-115.0
495,48.0,-201.0,-64.0,-956.0,-103.0,79.0,86.0,-766.0,-103.0
496,45.0,-207.0,-66.0,-1013.0,-98.0,60.0,86.0,-795.0,-90.0
497,40.0,-220.0,-59.0,-1049.0,-97.0,34.0,83.0,-824.0,-74.0
498,42.0,-226.0,-53.0,-1063.0,-99.0,8.0,72.0,-850.0,-39.0
499,32.0,-234.0,-42.0,-1054.0,-104.0,-20.0,57.0,-875.0,-12.0
500,30.0,-239.0,-35.0,-1024.0,-109.0,-45.0,42.0,-906.0,23.0
501,27.0,-247.0,-29.0,-974.0,-115.0,-69.0,16.0,-926.0,54.0
502,20.0,-252.0,-21.0,-908.0,-120.0,-87.0,-4.0,-945.0,80.0
503,11.0,-254.0,-18.0,-831.0,-124.0,-102.0,-36.0,-956.0,100.0
504,2.0,-255.0,-10.0,-747.0,-128.0,-108.0,-61.0,-966.0,117.0
505,-7.0,-255.0,-4.0,-657.0,-132.0,-105.0,-97.0,-962.0,128.0
506,-10.0,-256.0,-4.0,-566.0,-135.0,-93.0,-120.0,-971.0,132.0
507,-21.0,-257.0,-8.0,-482.0,-144.0,-70.0,-148.0,-970.0,128.0
508,-26.0,-258.0,-6.0,-405.0,-154.0,-41.0,-179.0,-972.0,123.0
509,-33.0,-256.0,-13.0,-339.0,-166.0,-4.0,-198.0,-987.0,112.0
510,-41.0,-256.0,-18.0,-289.0,-181.0,36.0,-220.0,-983.0,101.0
511,-41.0,-259.0,-18.0,-253.0,-198.0,83.0,-231.0,-990.0,85.0
512,-42.0,-259.0,-22.0,-233.0,-214.0,128.0,-237.0,-998.0,76.0
513,-45.0,-258.0,-22.0,-224.0,-227.0,172.0,-240.0,-994.0,69.0
514,-39.0,-258.0,-28.0,-218.0,-237.0,213.0,-229.0,-998.0,55.0
515,-35.0,-257.0,-30.0,-213.0,-241.0,252.0,-216.0,-992.0,49.0
516,-31.0,-256.0,-30.0,-210.0,-236.0,283.0,-196.0,-988.0,48.0
517,-23.0,-255.0,-31.0,-204.0,-227.0,308.0,-165.0,-980.0,44.0
518,-11.0,-257.0,-31.0,-195.0,-213.0,326.0,-137.0,-971.0,46.0
519,-3.0,-256.0,-29.0,-180.0,-200.0,336.0,-101.0,-969.0,47.0
520,3.0,-257.0,-29.0,-165.0,-187.0,337.0,-72.0,-968.0,56.0
521,7.0,-254.0,-18.0,-150.0,-175.0,329.0,-41.0,-970.0,67.0
522,21.0,-259.0,-24.0,-133.0,-170.0,316.0,-14.0,-982.0,71.0
523,22.0,-261.0,-22.0,-111.0,-177.0,294.0,4.0,-996.0,72.0
524,25.0,-264.0,-23.0,-85.0,-190.0,268.0,23.0,-1011.0,86.0
525,27.0,-269.0,-18.0,-52.0,-210.0,242.0,36.0,-1035.0,91.0
526,33.0,-275.0,-20.0,-13.0,-234.0,217.0,40.0,-1045.0,96.0
527,34.0,-282.0,-11.0,32.0,-253.0,193.0,46.0,-1065.0,101.0
528,30.0,-284.0,-8.0,86.0,-276.0,173.0,49.0,-1084.0,117.0
529,30.0,-291.0,-9.0,148.0,-299.0,155.0,34.0,-1102.0,124.0
530,29.0,-293.0,-6.0,223.0,-317.0,143.0,31.0,-1117.0,125.0
531,25.0,-297.0,-8.0,300.0,-330.0,132.0,25.0,-1129.0,121.0
532,21.0,-299.0,-10.0,370.0,-336.0,125.0,11.0,-1142.0,121.0
533,17.0,-299.0,-7.0,432.0,-337.0,123.0,2.0,-1137.0,117.0
534,16.0,-301.0,-12.0,485.0,-332.0,126.0,-22.0,-1138.0,122.0
535,13.0,-295.0,-9.0,532.0,-320.0,131.0,-40.0,-1136.0,119.0
536,10.0,-299.0,-11.0,566.0,-304.0,138.0,-39.0,-1126.0,110.0
537,9.0,-291.0,-14.0,585.0,-284.0,144.0,-45.0,-1115.0,105.0
538,11.0,-287.0,-10.0,594.0,-264.0,146.0,-47.0,-1104.0,100.0
539,7.0,-284.0,-18.0,595.0,-244.0,147.0,-51.0,-1093.0,100.0
540,5.0,-282.0,-18.0,595.0,-225.0,142.0,-52.0,-1084.0,106.0
541,9.0,-282.0,-13.0,599.0,-207.0,137.0,-46.0,-1081.0,117.0
542,13.0,-282.0,-7.0,613.0,-193.0,124.0,-37.0,-1083.0,125.0
543,15.0,-282.0,-8.0,631.0,-183.0,107.0,-25.0,-1086.0,131.0
544,18.0,-288.0,-5.0,651.0,-176.0,88.0,-15.0,-1094.0,134.0
545,16.0,-285.0,-2.0,673.0,-171.0,65.0,-5.0,-1099.0,139.0
546,25.0,-291.0,-6.0,699.0,-171.0,42.0,10.0,-1108.0,139.0
547,27.0,-293.0,-5.0,722.0,-173.0,18.0,23.0,-1111.0,142.0
548,31.0,-293.0,-3.0,754.0,-175.0,-6.0,36.0,-1123.0,150.0
549,28.0,-299.0,-5.0,788.0,-179.0,-31.0,32.0,-1120.0,142.0
550,27.0,-294.0,-6.0,824.0,-184.0,-53.0,22.0,-1119.0,130.0
551,26.0,-294.0,-11.0,852.0,-192.0,-67.0,14.0,-1117.0,123.0
552,23.0,-290.0,-11.0,871.0,-204.0,-76.0,12.0,-1116.0,119.0
553,22.0,-287.0,-12.0,883.0,-219.0,-87.0,3.0,-1108.0,115.0
554,18.0,-285.0,-11.0,888.0,-234.0,-95.0,-14.0,-1103.0,119.0
555,14.0,-286.0,-6.0,897.0,-250.0,-91.0,-32.0,-1103.0,125.0
556,11.0,-292.0,-6.0,905.0,-263.0,-74.0,-42.0,-1110.0,127.0
557,8.0,-289.0,0.0,906.0,-275.0,-51.0,-50.0,-1110.0,138.0
558,12.0,-280.0,-15.0,914.0,-286.0,-24.0,-51.0,-1101.0,155.0
559,4.0,-288.0,-2.0,918.0,-294.0,8.0,-53.0,-1106.0,147.0
560,4.0,-288.0,0.0,922.0,-298.0,33.0,-58.0,-1105.0,163.0
561,5.0,-289.0,4.0,933.0,-298.0,50.0,-54.0,-1101.0,168.0
562,7.0,-285.0,7.0,953.0,-298.0,59.0,-53.0,-1093.0,180.0
563,10.0,-281.0,12.0,984.0,-292.0,56.0,-46.0,-1078.0,197.0
564,7.0,-281.0,9.0,1027.0,-288.0,40.0,-47.0,-1062.0,206.0
565,11.0,-273.0,12.0,1080.0,-282.0,19.0,-36.0,-1041.0,207.0
566,12.0,-263.0,9.0,1132.0,-274.0,-14.0,-29.0,-1015.0,199.0
567,19.0,-260.0,4.0,1181.0,-257.0,-49.0,-19.0,-993.0,186.0
568,21.0,-255.0,6.0,1221.0,-228.0,-80.0,-11.0,-960.0,181.0
569,26.0,-252.0,7.0,1254.0,-191.0,-100.0,13.0,-954.0,181.0
570,30.0,-247.0,5.0,1280.0,-150.0,-121.0,23.0,-936.0,176.0
571,33.0,-242.0,5.0,1295.0,-110.0,-134.0,39.0,-925.0,180.0
572,38.0,-240.0,11.0,1302.0,-76.0,-139.0,59.0,-919.0,197.0
573,35.0,-236.0,12.0,1290.0,-48.0,-151.0,41.0,-889.0,215.0
574,41.0,-235.0,18.0,1265.0,-29.0,-155.0,72.0,-913.0,230.0
575,36.0,-239.0,23.0,1227.0,-15.0,-166.0,22.0,-885.0,256.0
576,32.0,-240.0,29.0,1181.0,-6.0,-167.0,43.0,-924.0,271.0
577,30.0,-244.0,30.0,1125.0,-5.0,-166.0,42.0,-942.0,278.0
578,26.0,-245.0,38.0,1068.0,-5.0,-168.0,17.0,-948.0,305.0
579,24.0,-253.0,42.0,1015.0,-13.0,-158.0,11.0,-956.0,319.0
580,13.0,-247.0,44.0,966.0,-27.0,-153.0,-26.0,-955.0,336.0
581,20.0,-257.0,43.0,920.0,-42.0,-145.0,-2.0,-983.0,321.0
582,16.0,-261.0,45.0,875.0,-56.0,-137.0,-3.0,-1002.0,326.0
583,11.0,-263.0,43.0,840.0,-73.0,-129.0,-13.0,-1011.0,326.0
584,8.0,-265.0,44.0,811.0,-87.0,-118.0,-49.0,-1011.0,327.0
585,9.0,-267.0,38.0,783.0,-98.0,-102.0,-39.0,-1030.0,309.0
586,-7.0,-260.0,38.0,750.0,-104.0,-85.0,-84.0,-1013.0,310.0
587,3.0,-264.0,40.0,716.0,-106.0,-64.0,-58.0,-1021.0,308.0
588,12.0,-268.0,36.0,686.0,-111.0,-46.0,-39.0,-1026.0,304.0
589,11.0,-267.0,41.0,655.0,-115.0,-39.0,-40.0,-1026.0,312.0
590,5.0,-262.0,43.0,635.0,-128.0,-23.0,-56.0,-1019.0,334.0
591,15.0,-270.0,44.0,627.0,-141.0,-13.0,-19.0,-1046.0,324.0
592,18.0,-273.0,45.0,630.0,-157.0,-8.0,-16.0,-1056.0,330.0
593,11.0,-270.0,48.0,638.0,-172.0,-11.0,-38.0,-1033.0,355.0
594,15.0,-278.0,42.0,654.0,-186.0,-1.0,-8.0,-1061.0,331.0
595,14.0,-275.0,47.0,661.0,-198.0,-2.0,-33.0,-1057.0,342.0
596,11.0,-270.0,51.0,660.0,-202.0,1.0,-23.0,-1056.0,343.0
597,22.0,-272.0,54.0,660.0,-200.0,2.0,-6.0,-1042.0,369.0
598,23.0,-274.0,54.0,662.0,-194.0,-1.0,13.0,-1044.0,382.0
599,27.0,-269.0,63.0,665.0,-185.0,-12.0,29.0,-1029.0,406.0
600,21.0,-264.0,64.0,675.0,-177.0,-23.0,-3.0,-1012.0,423.0
601,24.0,-268.0,66.0,685.0,-170.0,-30.0,11.0,-1028.0,421.0
602,16.0,-266.0,65.0,689.0,-153.0,-45.0,-2.0,-1018.0,431.0
603,16.0,-265.0,74.0,689.0,-130.0,-56.0,-13.0,-1021.0,447.0
604,9.0,-265.0,74.0,685.0,-112.0,-63.0,-28.0,-1013.0,443.0
605,3.0,-262.0,74.0,677.0,-94.0,-62.0,-64.0,-1008.0,457.0
606,16.0,-268.0,78.0,657.0,-81.0,-39.0,-21.0,-1036.0,466.0
607,9.0,-262.0,79.0,632.0,-76.0,-33.0,-53.0,-1016.0,469.0
608,9.0,-265.0,80.0,608.0,-74.0,-25.0,-44.0,-1023.0,469.0
609,8.0,-264.0,82.0,575.0,-75.0,-21.0,-54.0,-1012.0,471.0
610,5.0,-282.0,68.0,542.0,-77.0,-11.0,-51.0,-1027.0,471.0
611,2.0,-268.0,71.0,500.0,-78.0,-8.0,-50.0,-1030.0,448.0
612,4.0,-266.0,72.0,455.0,-74.0,-12.0,-59.0,-1028.0,448.0
613,5.0,-261.0,74.0,413.0,-66.0,-19.0,-53.0,-1019.0,449.0
614,4.0,-266.0,69.0,379.0,-61.0,-21.0,-59.0,-1028.0,441.0
615,6.0,-266.0,73.0,340.0,-52.0,-9.0,-44.0,-1028.0,449.0
616,10.0,-265.0,79.0,315.0,-39.0,2.0,-43.0,-1022.0,470.0
617,10.0,-270.0,81.0,319.0,-27.0,4.0,-40.0,-1026.0,482.0
618,8.0,-268.0,79.0,342.0,-16.0,5.0,-40.0,-1041.0,486.0
619,2.0,-272.0,79.0,373.0,-10.0,9.0,-66.0,-1051.0,480.0
620,2.0,-269.0,83.0,401.0,-12.0,25.0,-55.0,-1046.0,492.0
621,1.0,-269.0,81.0,438.0,-27.0,33.0,-73.0,-1039.0,481.0
622,0.0,-271.0,82.0,470.0,-49.0,46.0,-78.0,-1035.0,492.0
623,0.0,-269.0,83.0,496.0,-71.0,61.0,-68.0,-1025.0,497.0
624,0.0,-266.0,89.0,519.0,-95.0,69.0,-68.0,-1019.0,503.0
625,1.0,-261.0,87.0,537.0,-117.0,72.0,-68.0,-1018.0,503.0
626,5.0,-263.0,88.0,551.0,-138.0,75.0,-54.0,-1017.0,519.0
627,1.0,-264.0,89.0,554.0,-153.0,72.0,-71.0,-1023.0,509.0
628,7.0,-263.0,88.0,549.0,-162.0,73.0,-55.0,-1017.0,513.0
629,10.0,-263.0,91.0,541.0,-163.0,67.0,-45.0,-1004.0,520.0
630,12.0,-261.0,89.0,537.0,-157.0,53.0,-35.0,-1008.0,531.0
631,11.0,-261.0,95.0,541.0,-144.0,29.0,-32.0,-1005.0,523.0
632,12.0,-264.0,94.0,543.0,-131.0,10.0,-30.0,-1005.0,527.0
633,19.0,-265.0,94.0,544.0,-114.0,-5.0,-17.0,-1016.0,527.0
634,18.0,-264.0,92.0,550.0,-95.0,-27.0,-7.0,-1011.0,520.0
635,19.0,-265.0,88.0,557.0,-78.0,-49.0,-3.0,-1012.0,525.0
636,18.0,-263.0,86.0,566.0,-60.0,-68.0,-13.0,-1017.0,508.0
637,13.0,-263.0,87.0,568.0,-38.0,-82.0,-15.0,-1012.0,509.0
638,11.0,-260.0,87.0,568.0,-16.0,-93.0,-26.0,-1004.0,501.0
639,10.0,-257.0,90.0,567.0,3.0,-99.0,-37.0,-999.0,520.0
640,11.0,-262.0,91.0,569.0,17.0,-104.0,-41.0,-1001.0,531.0
641,7.0,-261.0,98.0,578.0,25.0,-109.0,-58.0,-1008.0,539.0
642,1.0,-264.0,99.0,594.0,27.0,-111.0,-70.0,-1008.0,559.0
643,1.0,-261.0,99.0,610.0,27.0,-113.0,-83.0,-1009.0,560.0
644,-3.0,-258.0,101.0,627.0,28.0,-111.0,-95.0,-1012.0,573.0
645,-2.0,-261.0,104.0,635.0,33.0,-108.0,-99.0,-1002.0,573.0
646,-1.0,-257.0,101.0,631.0,36.0,-106.0,-97.0,-994.0,564.0
647,-1.0,-256.0,102.0,617.0,37.0,-104.0,-93.0,-990.0,567.0
648,0.0,-255.0,104.0,588.0,35.0,-102.0,-93.0,-991.0,565.0
649,0.0,-255.0,104.0,549.0,31.0,-99.0,-84.0,-999.0,568.0
650,-1.0,-258.0,103.0,507.0,29.0,-98.0,-76.0,-1011.0,577.0
651,1.0,-261.0,109.0,467.0,31.0,-95.0,-67.0,-1020.0,579.0
652,6.0,-264.0,109.0,432.0,36.0,-94.0,-62.0,-1033.0,573.0
653,6.0,-264.0,106.0,398.0,48.0,-92.0,-42.0,-1035.0,576.0
654,8.0,-267.0,102.0,364.0,64.0,-94.0,-37.0,-1032.0,565.0
655,15.0,-267.0,101.0,329.0,83.0,-96.0,-37.0,-1042.0,556.0
656,13.0,-270.0,99.0,296.0,102.0,-98.0,-28.0,-1044.0,554.0
657,15.0,-268.0,104.0,265.0,119.0,-102.0,-22.0,-1055.0,558.0
658,15.0,-271.0,97.0,237.0,135.0,-107.0,-4.0,-1058.0,552.0
659,21.0,-272.0,96.0,215.0,151.0,-116.0,1.0,-1056.0,550.0
660,24.0,-272.0,100.0,196.0,165.0,-124.0,10.0,-1057.0,552.0
661,28.0,-273.0,99.0,182.0,178.0,-136.0,9.0,-1059.0,545.0
662,24.0,-270.0,97.0,172.0,187.0,-149.0,18.0,-1041.0,553.0
663,23.0,-268.0,97.0,166.0,194.0,-160.0,13.0,-1040.0,548.0
664,21.0,-266.0,100.0,162.0,199.0,-169.0,3.0,-1030.0,544.0
665,19.0,-267.0,95.0,159.0,200.0,-177.0,-8.0,-1027.0,545.0
666,14.0,-260.0,97.0,153.0,202.0,-178.0,-23.0,-1011.0,545.0
667,6.0,-257.0,101.0,147.0,200.0,-178.0,-33.0,-1000.0,546.0
668,4.0,-255.0,93.0,140.0,196.0,-172.0,-54.0,-984.0,543.0
669,2.0,-252.0,98.0,128.0,188.0,-164.0,-63.0,-968.0,545.0
670,0.0,-244.0,104.0,115.0,176.0,-153.0,-76.0,-944.0,542.0
671,0.0,-239.0,95.0,99.0,164.0,-139.0,-94.0,-925.0,545.0
672,-5.0,-236.0,97.0,81.0,153.0,-123.0,-97.0,-912.0,550.0
673,-9.0,-227.0,97.0,61.0,142.0,-106.0,-100.0,-891.0,551.0
674,-5.0,-229.0,97.0,38.0,130.0,-89.0,-104.0,-875.0,552.0
675,-6.0,-224.0,96.0,14.0,117.0,-68.0,-103.0,-854.0,554.0
676,-9.0,-222.0,97.0,-11.0,106.0,-47.0,-100.0,-847.0,553.0
677,0.0,-219.0,97.0,-44.0,96.0,-26.0,-92.0,-840.0,546.0
678,1.0,-216.0,95.0,-80.0,88.0,-4.0,-84.0,-839.0,540.0
679,3.0,-220.0,88.0,-122.0,82.0,17.0,-69.0,-833.0,527.0
680,7.0,-217.0,89.0,-166.0,77.0,36.0,-57.0,-832.0,522.0
681,10.0,-215.0,88.0,-214.0,74.0,53.0,-42.0,-841.0,516.0
682,12.0,-215.0,84.0,-255.0,71.0,64.0,-29.0,-833.0,504.0
683,21.0,-219.0,88.0,-293.0,69.0,72.0,-5.0,-838.0,511.0
684,21.0,-221.0,82.0,-320.0,70.0,73.0,2.0,-846.0,495.0
685,25.0,-223.0,86.0,-336.0,69.0,69.0,10.0,-860.0,494.0
686,25.0,-230.0,80.0,-342.0,70.0,61.0,20.0,-869.0,486.0
687,27.0,-225.0,84.0,-341.0,73.0,51.0,26.0,-874.0,477.0
688,30.0,-230.0,77.0,-336.0,78.0,37.0,26.0,-871.0,471.0
689,30.0,-225.0,73.0,-323.0,86.0,19.0,36.0,-863.0,461.0
690,27.0,-229.0,75.0,-306.0,95.0,-3.0,34.0,-867.0,463.0
691,30.0,-224.0,76.0,-284.0,107.0,-24.0,37.0,-853.0,460.0
692,29.0,-222.0,72.0,-254.0,119.0,-47.0,34.0,-840.0,460.0
693,25.0,-216.0,79.0,-216.0,130.0,-68.0,22.0,-830.0,468.0
694,26.0,-214.0,79.0,-174.0,139.0,-86.0,12.0,-819.0,483.0
695,20.0,-216.0,84.0,-129.0,142.0,-103.0,7.0,-801.0,491.0
696,16.0,-210.0,85.0,-80.0,142.0,-116.0,-16.0,-794.0,501.0
697,14.0,-208.0,89.0,-32.0,136.0,-124.0,-28.0,-781.0,510.0
698,11.0,-202.0,91.0,14.0,125.0,-126.0,-39.0,-771.0,515.0
699,6.0,-199.0,91.0,56.0,111.0,-123.0,-46.0,-758.0,523.0
700,1.0,-194.0,93.0,95.0,96.0,-114.0,-68.0,-752.0,529.0
701,1.0,-194.0,99.0,128.0,84.0,-96.0,-71.0,-751.0,541.0
702,-1.0,-194.0,97.0,154.0,75.0,-74.0,-77.0,-747.0,549.0
703,0.0,-194.0,97.0,173.0,66.0,-49.0,-78.0,-746.0,551.0
704,0.0,-197.0,99.0,181.0,58.0,-25.0,-83.0,-743.0,554.0
705,2.0,-195.0,99.0,182.0,48.0,1.0,-78.0,-749.0,559.0
706,0.0,-194.0,100.0,178.0,36.0,24.0,-66.0,-754.0,557.0
707,4.0,-199.0,101.0,164.0,24.0,45.0,-62.0,-764.0,555.0
708,6.0,-199.0,100.0,149.0,11.0,62.0,-52.0,-777.0,552.0
709,10.0,-201.0,95.0,129.0,-2.0,72.0,-45.0,-781.0,550.0
710,10.0,-203.0,93.0,111.0,-12.0,80.0,-30.0,-794.0,549.0
711,14.0,-209.0,95.0,93.0,-22.0,84.0,-25.0,-795.0,536.0
712,18.0,-209.0,90.0,81.0,-25.0,83.0,-8.0,-805.0,533.0
713,24.0,-207.0,89.0,69.0,-25.0,79.0,7.0,-806.0,524.0
714,22.0,-211.0,91.0,66.0,-22.0,74.0,18.0,-813.0,523.0
715,31.0,-210.0,87.0,62.0,-16.0,66.0,28.0,-818.0,519.0
716,27.0,-212.0,91.0,61.0,-8.0,53.0,36.0,-816.0,511.0
717,31.0,-216.0,83.0,71.0,1.0,35.0,31.0,-824.0,506.0
718,26.0,-217.0,85.0,81.0,7.0,17.0,40.0,-832.0,513.0
719,29.0,-219.0,89.0,95.0,14.0,-1.0,30.0,-835.0,507.0
720,29.0,-219.0,86.0,112.0,23.0,-17.0,25.0,-834.0,514.0
721,24.0,-217.0,91.0,131.0,30.0,-29.0,22.0,-839.0,516.0
722,25.0,-223.0,85.0,151.0,38.0,-38.0,12.0,-843.0,528.0
723,19.0,-222.0,95.0,169.0,45.0,-43.0,3.0,-848.0,531.0
724,17.0,-224.0,98.0,184.0,50.0,-44.0,-2.0,-852.0,544.0
725,16.0,-228.0,101.0,194.0,53.0,-38.0,-20.0,-864.0,551.0
726,13.0,-226.0,103.0,200.0,55.0,-29.0,-22.0,-868.0,565.0
727,12.0,-228.0,105.0,204.0,54.0,-18.0,-28.0,-871.0,580.0
728,11.0,-228.0,103.0,209.0,49.0,-7.0,-29.0,-877.0,589.0
729,11.0,-230.0,106.0,214.0,43.0,5.0,-38.0,-889.0,594.0
730,9.0,-234.0,110.0,221.0,33.0,16.0,-36.0,-898.0,600.0
731,9.0,-234.0,107.0,230.0,20.0,25.0,-36.0,-901.0,597.0
732,11.0,-234.0,107.0,237.0,6.0,34.0,-36.0,-906.0,596.0
733,13.0,-237.0,110.0,243.0,-6.0,41.0,-27.0,-909.0,596.0
734,11.0,-233.0,110.0,242.0,-18.0,41.0,-29.0,-910.0,600.0
735,12.0,-233.0,107.0,236.0,-29.0,39.0,-29.0,-900.0,601.0
736,13.0,-234.0,114.0,227.0,-40.0,36.0,-27.0,-895.0,605.0
737,13.0,-229.0,109.0,217.0,-50.0,30.0,-22.0,-887.0,600.0
738,15.0,-229.0,110.0,201.0,-55.0,25.0,-20.0,-884.0,601.0
739,13.0,-228.0,107.0,184.0,-58.0,20.0,-8.0,-881.0,594.0
740,17.0,-228.0,110.0,164.0,-56.0,17.0,-8.0,-874.0,588.0
741,16.0,-223.0,106.0,144.0,-50.0,11.0,-5.0,-866.0,583.0
742,18.0,-224.0,108.0,126.0,-45.0,10.0,-6.0,-858.0,583.0
743,18.0,-223.0,108.0,110.0,-36.0,6.0,-14.0,-854.0,583.0
744,18.0,-224.0,108.0,99.0,-30.0,4.0,-11.0,-851.0,587.0
745,17.0,-219.0,105.0,92.0,-22.0,-2.0,-16.0,-846.0,580.0
746,14.0,-220.0,104.0,87.0,-16.0,-6.0,-18.0,-850.0,586.0
747,12.0,-221.0,108.0,85.0,-10.0,-9.0,-28.0,-841.0,585.0
748,13.0,-221.0,107.0,83.0,-6.0,-11.0,-30.0,-848.0,588.0
749,11.0,-222.0,106.0,81.0,-1.0,-17.0,-35.0,-839.0,587.0
750,5.0,-214.0,107.0,76.0,10.0,-24.0,-55.0,-832.0,583.0
751,6.0,-215.0,105.0,71.0,15.0,-18.0,-45.0,-829.0,578.0
752,9.0,-215.0,101.0,59.0,18.0,-16.0,-48.0,-829.0,575.0
753,7.0,-212.0,103.0,46.0,21.0,-12.0,-39.0,-828.0,575.0
754,3.0,-208.0,102.0,26.0,27.0,-12.0,-72.0,-811.0,578.0
755,0.0,-208.0,104.0,9.0,27.0,-1.0,-59.0,-809.0,579.0
756,6.0,-208.0,104.0,-13.0,24.0,10.0,-57.0,-806.0,581.0
757,6.0,-209.0,107.0,-33.0,17.0,18.0,-54.0,-802.0,582.0
758,7.0,-209.0,105.0,-51.0,9.0,22.0,-44.0,-799.0,584.0
759,2.0,-202.0,108.0,-67.0,5.0,24.0,-64.0,-789.0,591.0
760,7.0,-205.0,110.0,-76.0,-5.0,36.0,-54.0,-787.0,597.0
761,8.0,-203.0,108.0,-82.0,-17.0,43.0,-45.0,-787.0,598.0
762,7.0,-203.0,105.0,-83.0,-27.0,46.0,-45.0,-790.0,591.0
763,11.0,-203.0,101.0,-83.0,-35.0,46.0,-38.0,-790.0,594.0
764,14.0,-211.0,106.0,-79.0,-40.0,43.0,-23.0,-797.0,583.0
765,9.0,-207.0,104.0,-73.0,-38.0,34.0,-47.0,-792.0,585.0
766,15.0,-209.0,105.0,-66.0,-38.0,35.0,-29.0,-792.0,574.0
767,14.0,-207.0,104.0,-57.0,-40.0,33.0,-21.0,-791.0,573.0
768,16.0,-209.0,101.0,-45.0,-38.0,27.0,-11.0,-795.0,563.0
769,14.0,-205.0,100.0,-33.0,-37.0,19.0,-23.0,-795.0,565.0
770,15.0,-207.0,104.0,-24.0,-33.0,13.0,-19.0,-797.0,555.0
771,13.0,-209.0,100.0,-11.0,-31.0,7.0,-19.0,-798.0,554.0
772,15.0,-206.0,95.0,0.0,-28.0,3.0,-22.0,-793.0,553.0
773,16.0,-206.0,98.0,13.0,-24.0,2.0,-21.0,-788.0,555.0
774,14.0,-206.0,101.0,26.0,-19.0,-1.0,-25.0,-787.0,564.0
775,18.0,-207.0,101.0,37.0,-16.0,1.0,-14.0,-791.0,558.0
776,12.0,-203.0,103.0,47.0,-10.0,-2.0,-28.0,-780.0,568.0
777,12.0,-204.0,99.0,60.0,-8.0,6.0,-31.0,-783.0,566.0
778,14.0,-203.0,106.0,67.0,-7.0,15.0,-30.0,-788.0,566.0
779,15.0,-207.0,106.0,74.0,-4.0,17.0,-28.0,-785.0,581.0
780,11.0,-204.0,107.0,81.0,0.0,18.0,-29.0,-789.0,576.0
781,10.0,-204.0,103.0,85.0,1.0,21.0,-33.0,-792.0,585.0
782,13.0,-206.0,106.0,86.0,3.0,24.0,-30.0,-794.0,589.0
783,14.0,-208.0,108.0,87.0,5.0,25.0,-26.0,-793.0,597.0
784,15.0,-205.0,108.0,86.0,5.0,27.0,-21.0,-794.0,597.0
785,18.0,-209.0,112.0,86.0,8.0,27.0,-16.0,-799.0,602.0
786,16.0,-209.0,111.0,87.0,11.0,26.0,-21.0,-806.0,599.0
787,16.0,-209.0,106.0,87.0,14.0,25.0,-19.0,-804.0,595.0
788,16.0,-207.0,105.0,88.0,18.0,25.0,-22.0,-807.0,603.0
789,14.0,-211.0,111.0,87.0,22.0,22.0,-18.0,-814.0,601.0
790,14.0,-211.0,111.0,84.0,26.0,21.0,-17.0,-813.0,595.0
791,15.0,-211.0,113.0,79.0,30.0,19.0,-14.0,-808.0,595.0
792,17.0,-213.0,108.0,74.0,36.0,18.0,-19.0,-811.0,593.0
793,14.0,-209.0,107.0,67.0,40.0,19.0,-21.0,-811.0,594.0
794,14.0,-213.0,106.0,61.0,41.0,21.0,-27.0,-810.0,591.0
795,13.0,-212.0,108.0,58.0,42.0,24.0,-31.0,-810.0,590.0
796,10.0,-213.0,107.0,57.0,39.0,29.0,-39.0,-816.0,583.0
797,4.0,-212.0,102.0,55.0,32.0,38.0,-46.0,-822.0,588.0
798,5.0,-215.0,108.0,55.0,23.0,48.0,-51.0,-821.0,585.0
799,3.0,-216.0,107.0,54.0,13.0,60.0,-57.0,-828.0,583.0
800,4.0,-215.0,105.0,55.0,3.0,72.0,-66.0,-830.0,588.0
801,2.0,-216.0,107.0,59.0,-9.0,84.0,-67.0,-833.0,593.0
802,3.0,-217.0,107.0,62.0,-21.0,91.0,-68.0,-830.0,588.0
803,5.0,-221.0,106.0,67.0,-34.0,100.0,-68.0,-832.0,587.0
804,1.0,-216.0,113.0,68.0,-46.0,104.0,-67.0,-829.0,599.0
805,2.0,-214.0,111.0,69.0,-57.0,109.0,-62.0,-827.0,599.0
806,4.0,-218.0,107.0,68.0,-67.0,112.0,-64.0,-827.0,605.0
807,2.0,-204.0,100.0,70.0,-74.0,113.0,-60.0,-822.0,612.0
808,7.0,-217.0,114.0,72.0,-78.0,111.0,-55.0,-826.0,619.0
809,6.0,-210.0,118.0,75.0,-79.0,111.0,-51.0,-824.0,624.0
810,4.0,-212.0,115.0,79.0,-79.0,109.0,-53.0,-823.0,632.0
811,8.0,-216.0,115.0,84.0,-80.0,107.0,-48.0,-819.0,635.0
812,7.0,-215.0,116.0,85.0,-80.0,106.0,-49.0,-821.0,632.0
813,7.0,-214.0,119.0,83.0,-80.0,104.0,-49.0,-815.0,635.0
814,9.0,-211.0,113.0,74.0,-80.0,105.0,-46.0,-814.0,619.0
815,10.0,-213.0,114.0,62.0,-82.0,103.0,-47.0,-807.0,623.0
816,9.0,-209.0,115.0,47.0,-79.0,104.0,-43.0,-810.0,615.0
817,10.0,-206.0,110.0,34.0,-75.0,107.0,-35.0,-806.0,616.0
818,11.0,-207.0,116.0,19.0,-71.0,109.0,-38.0,-802.0,612.0
819,15.0,-208.0,112.0,7.0,-66.0,112.0,-24.0,-797.0,615.0
820,14.0,-206.0,112.0,-2.0,-65.0,111.0,-30.0,-802.0,612.0
821,14.0,-206.0,108.0,-10.0,-63.0,111.0,-27.0,-793.0,615.0
822,8.0,-208.0,111.0,-18.0,-63.0,109.0,-17.0,-797.0,613.0
823,15.0,-205.0,113.0,-23.0,-65.0,109.0,-24.0,-798.0,615.0
824,17.0,-207.0,113.0,-23.0,-67.0,105.0,-12.0,-797.0,615.0
825,16.0,-205.0,114.0,-20.0,-67.0,100.0,-14.0,-793.0,619.0
826,12.0,-204.0,117.0,-12.0,-68.0,93.0,-18.0,-790.0,611.0
827,17.0,-203.0,113.0,-7.0,-67.0,89.0,-13.0,-784.0,613.0
828,16.0,-203.0,112.0,-1.0,-67.0,82.0,-14.0,-781.0,609.0
829,16.0,-199.0,115.0,6.0,-67.0,74.0,-22.0,-773.0,603.0
830,16.0,-201.0,108.0,8.0,-65.0,69.0,-21.0,-770.0,602.0
831,15.0,-200.0,110.0,9.0,-61.0,63.0,-19.0,-768.0,598.0
832,16.0,-196.0,105.0,8.0,-57.0,57.0,-17.0,-761.0,600.0
833,15.0,-196.0,109.0,8.0,-52.0,53.0,-17.0,-758.0,595.0
834,16.0,-195.0,111.0,7.0,-46.0,50.0,-15.0,-750.0,598.0
835,14.0,-195.0,104.0,7.0,-39.0,45.0,-16.0,-754.0,596.0
836,20.0,-196.0,109.0,7.0,-33.0,43.0,-16.0,-752.0,598.0
837,16.0,-197.0,111.0,7.0,-26.0,41.0,-9.0,-749.0,605.0
838,17.0,-198.0,111.0,10.0,-18.0,38.0,-7.0,-757.0,603.0
839,18.0,-197.0,110.0,14.0,-12.0,34.0,-4.0,-751.0,610.0
840,18.0,-198.0,113.0,18.0,-6.0,31.0,-4.0,-756.0,607.0
841,14.0,-195.0,113.0,24.0,0.0,26.0,-16.0,-758.0,611.0
842,16.0,-198.0,115.0,29.0,4.0,21.0,-12.0,-760.0,614.0
843,15.0,-197.0,111.0,32.0,7.0,17.0,-15.0,-756.0,608.0
844,14.0,-198.0,112.0,31.0,8.0,11.0,-11.0,-761.0,608.0
845,17.0,-198.0,110.0,28.0,10.0,5.0,-12.0,-765.0,603.0
846,18.0,-201.0,109.0,26.0,12.0,-1.0,-8.0,-762.0,604.0
847,15.0,-197.0,114.0,22.0,14.0,-4.0,-13.0,-766.0,605.0
848,15.0,-200.0,112.0,18.0,15.0,-11.0,-20.0,-771.0,601.0
849,16.0,-199.0,112.0,17.0,20.0,-14.0,-16.0,-772.0,604.0
850,14.0,-202.0,113.0,14.0,24.0,-18.0,-19.0,-779.0,608.0
851,17.0,-203.0,112.0,13.0,27.0,-19.0,-21.0,-781.0,611.0
852,14.0,-204.0,113.0,13.0,32.0,-22.0,-15.0,-787.0,614.0
853,14.0,-204.0,114.0,16.0,35.0,-22.0,-17.0,-791.0,611.0
854,15.0,-205.0,114.0,22.0,41.0,-25.0,-20.0,-793.0,615.0
855,14.0,-206.0,115.0,24.0,45.0,-26.0,-14.0,-797.0,626.0
856,16.0,-207.0,114.0,27.0,49.0,-28.0,-14.0,-792.0,617.0
857,18.0,-209.0,114.0,29.0,50.0,-30.0,-7.0,-798.0,623.0
858,17.0,-209.0,114.0,31.0,53.0,-32.0,-13.0,-808.0,619.0
859,21.0,-208.0,117.0,32.0,55.0,-33.0,-7.0,-809.0,624.0
860,17.0,-210.0,116.0,35.0,55.0,-35.0,-8.0,-805.0,627.0
861,18.0,-211.0,119.0,40.0,55.0,-37.0,-16.0,-803.0,631.0
862,14.0,-207.0,114.0,46.0,55.0,-37.0,-13.0,-807.0,631.0
863,17.0,-210.0,119.0,49.0,51.0,-39.0,-6.0,-805.0,633.0
864,14.0,-206.0,116.0,58.0,48.0,-39.0,-17.0,-795.0,633.0
865,15.0,-202.0,117.0,65.0,43.0,-38.0,-17.0,-797.0,636.0
866,15.0,-207.0,117.0,73.0,36.0,-36.0,-17.0,-800.0,643.0
867,13.0,-207.0,121.0,82.0,31.0,-32.0,-29.0,-793.0,647.0
868,10.0,-207.0,121.0,88.0,25.0,-29.0,-30.0,-792.0,649.0
869,12.0,-206.0,120.0,92.0,18.0,-25.0,-33.0,-788.0,653.0
870,12.0,-204.0,121.0,91.0,14.0,-23.0,-39.0,-785.0,648.0
871,10.0,-202.0,117.0,86.0,11.0,-21.0,-33.0,-791.0,644.0
872,12.0,-203.0,120.0,75.0,8.0,-19.0,-39.0,-779.0,642.0
873,9.0,-202.0,122.0,60.0,8.0,-19.0,-43.0,-781.0,641.0
874,8.0,-199.0,119.0,45.0,8.0,-21.0,-38.0,-782.0,641.0
875,9.0,-202.0,119.0,30.0,9.0,-24.0,-40.0,-785.0,644.0
876,10.0,-205.0,123.0,14.0,12.0,-26.0,-39.0,-786.0,649.0
877,10.0,-205.0,120.0,0.0,12.0,-31.0,-38.0,-791.0,649.0
878,9.0,-206.0,119.0,-9.0,12.0,-38.0,-37.0,-795.0,649.0
879,10.0,-206.0,125.0,-14.0,12.0,-44.0,-35.0,-791.0,652.0
880,11.0,-207.0,120.0,-17.0,13.0,-50.0,-30.0,-796.0,651.0
881,9.0,-206.0,122.0,-17.0,15.0,-56.0,-36.0,-793.0,647.0
882,11.0,-206.0,120.0,-14.0,18.0,-62.0,-29.0,-797.0,646.0
883,12.0,-208.0,121.0,-7.0,21.0,-68.0,-33.0,-792.0,645.0
884,14.0,-206.0,122.0,-3.0,24.0,-73.0,-27.0,-788.0,638.0
885,12.0,-205.0,116.0,-1.0,27.0,-76.0,-26.0,-784.0,633.0
886,16.0,-202.0,119.0,0.0,29.0,-78.0,-22.0,-777.0,634.0
887,16.0,-199.0,115.0,0.0,31.0,-80.0,-17.0,-777.0,631.0
888,15.0,-200.0,119.0,3.0,32.0,-80.0,-14.0,-768.0,635.0
889,14.0,-199.0,121.0,4.0,32.0,-81.0,-17.0,-767.0,638.0
890,12.0,-195.0,120.0,3.0,31.0,-80.0,-14.0,-766.0,639.0
891,16.0,-196.0,118.0,6.0,31.0,-79.0,-13.0,-755.0,638.0
892,15.0,-198.0,120.0,8.0,31.0,-78.0,-19.0,-756.0,643.0
893,16.0,-195.0,118.0,10.0,27.0,-76.0,-18.0,-754.0,644.0
894,14.0,-195.0,119.0,12.0,25.0,-73.0,-24.0,-754.0,642.0
895,12.0,-194.0,119.0,14.0,22.0,-71.0,-26.0,-755.0,641.0
896,14.0,-196.0,118.0,14.0,21.0,-68.0,-30.0,-750.0,643.0
897,12.0,-194.0,119.0,12.0,21.0,-66.0,-29.0,-748.0,643.0
898,11.0,-194.0,124.0,9.0,20.0,-63.0,-27.0,-749.0,640.0
899,12.0,-195.0,119.0,5.0,21.0,-61.0,-32.0,-749.0,639.0
900,10.0,-194.0,117.0,-1.0,22.0,-58.0,-35.0,-746.0,635.0
901,10.0,-194.0,119.0,-12.0,26.0,-55.0,-36.0,-753.0,642.0
902,9.0,-195.0,116.0,-20.0,28.0,-50.0,-33.0,-755.0,638.0
903,11.0,-194.0,120.0,-26.0,30.0,-48.0,-34.0,-756.0,634.0
904,11.0,-198.0,117.0,-30.0,30.0,-45.0,-30.0,-757.0,640.0
905,16.0,-201.0,120.0,-30.0,29.0,-44.0,-28.0,-758.0,648.0
906,14.0,-197.0,124.0,-29.0,29.0,-43.0,-28.0,-765.0,649.0
907,15.0,-199.0,123.0,-22.0,29.0,-43.0,-26.0,-769.0,648.0
908,12.0,-198.0,121.0,-14.0,29.0,-43.0,-24.0,-766.0,649.0
909,14.0,-198.0,120.0,-6.0,32.0,-45.0,-18.0,-773.0,645.0
910,16.0,-199.0,120.0,3.0,34.0,-46.0,-17.0,-771.0,650.0
911,16.0,-202.0,122.0,8.0,39.0,-50.0,-19.0,-768.0,642.0
912,16.0,-204.0,122.0,14.0,43.0,-50.0,-20.0,-772.0,639.0
913,15.0,-200.0,118.0,15.0,48.0,-52.0,-21.0,-775.0,642.0
914,13.0,-198.0,117.0,15.0,50.0,-51.0,-29.0,-772.0,629.0
915,14.0,-199.0,116.0,10.0,51.0,-50.0,-25.0,-770.0,640.0
916,15.0,-201.0,121.0,8.0,51.0,-47.0,-29.0,-769.0,635.0
917,12.0,-197.0,122.0,3.0,50.0,-46.0,-28.0,-769.0,635.0
918,10.0,-199.0,122.0,-3.0,48.0,-43.0,-32.0,-761.0,632.0
919,10.0,-195.0,116.0,-9.0,47.0,-36.0,-31.0,-764.0,635.0
920,12.0,-197.0,115.0,-15.0,44.0,-30.0,-34.0,-763.0,633.0
921,10.0,-197.0,119.0,-23.0,42.0,-25.0,-34.0,-762.0,646.0
922,8.0,-193.0,118.0,-31.0,39.0,-20.0,-35.0,-761.0,649.0
923,12.0,-197.0,123.0,-39.0,36.0,-15.0,-35.0,-757.0,652.0
924,12.0,-196.0,122.0,-51.0,32.0,-9.0,-34.0,-757.0,651.0
925,11.0,-198.0,122.0,-60.0,27.0,-6.0,-29.0,-765.0,659.0
926,12.0,-199.0,124.0,-70.0,23.0,1.0,-31.0,-765.0,662.0
927,10.0,-197.0,124.0,-78.0,18.0,4.0,-30.0,-761.0,662.0
928,12.0,-200.0,127.0,-85.0,15.0,4.0,-23.0,-765.0,665.0
929,15.0,-199.0,125.0,-89.0,13.0,9.0,-28.0,-768.0,667.0
930,15.0,-200.0,127.0,-92.0,9.0,11.0,-29.0,-771.0,670.0
931,12.0,-201.0,125.0,-96.0,9.0,10.0,-26.0,-774.0,663.0
932,16.0,-203.0,122.0,-100.0,10.0,9.0,-26.0,-774.0,665.0
933,9.0,-201.0,122.0,-101.0,12.0,7.0,-25.0,-778.0,652.0
934,12.0,-201.0,119.0,-106.0,13.0,5.0,-27.0,-774.0,651.0
935,10.0,-202.0,118.0,-107.0,15.0,2.0,-27.0,-785.0,642.0
936,11.0,-202.0,121.0,-109.0,18.0,-1.0,-29.0,-778.0,641.0
937,10.0,-203.0,124.0,-109.0,22.0,-3.0,-31.0,-784.0,636.0
938,11.0,-200.0,114.0,-109.0,26.0,-7.0,-32.0,-781.0,633.0
939,11.0,-202.0,121.0,-111.0,31.0,-7.0,-36.0,-774.0,632.0
940,11.0,-201.0,115.0,-113.0,35.0,-8.0,-35.0,-785.0,631.0
941,10.0,-204.0,116.0,-112.0,40.0,-8.0,-33.0,-780.0,629.0
942,9.0,-201.0,118.0,-107.0,44.0,-8.0,-33.0,-776.0,637.0
943,14.0,-205.0,117.0,-104.0,46.0,-8.0,-31.0,-782.0,644.0
944,10.0,-203.0,125.0,-101.0,47.0,-8.0,-29.0,-784.0,646.0
945,14.0,-205.0,123.0,-95.0,48.0,-9.0,-29.0,-781.0,647.0
946,9.0,-201.0,123.0,-89.0,47.0,-8.0,-33.0,-779.0,647.0
947,15.0,-204.0,122.0,-84.0,44.0,-8.0,-29.0,-778.0,648.0
948,10.0,-203.0,109.0,-79.0,42.0,-9.0,-32.0,-782.0,645.0
949,14.0,-206.0,120.0,-73.0,40.0,-9.0,-28.0,-777.0,636.0
950,13.0,-205.0,120.0,-70.0,38.0,-10.0,-31.0,-783.0,639.0
951,13.0,-203.0,121.0,-68.0,37.0,-10.0,-24.0,-778.0,638.0
952,15.0,-201.0,119.0,-68.0,38.0,-12.0,-26.0,-776.0,635.0
953,11.0,-200.0,121.0,-67.0,39.0,-12.0,-32.0,-778.0,636.0
954,13.0,-202.0,118.0,-67.0,39.0,-13.0,-31.0,-776.0,634.0
955,11.0,-201.0,116.0,-65.0,40.0,-14.0,-30.0,-774.0,630.0
956,10.0,-201.0,120.0,-67.0,39.0,-14.0,-32.0,-774.0,636.0
957,11.0,-201.0,118.0,-65.0,39.0,-15.0,-34.0,-772.0,635.0
958,12.0,-200.0,116.0,-63.0,37.0,-16.0,-37.0,-772.0,637.0
959,12.0,-202.0,117.0,-61.0,36.0,-17.0,-32.0,-771.0,635.0
960,8.0,-197.0,122.0,-59.0,32.0,-18.0,-39.0,-774.0,632.0
961,12.0,-200.0,117.0,-60.0,29.0,-19.0,-34.0,-775.0,640.0
962,12.0,-202.0,118.0,-60.0,26.0,-20.0,-37.0,-777.0,639.0
963,8.0,-199.0,115.0,-59.0,23.0,-20.0,-37.0,-772.0,638.0
964,8.0,-200.0,121.0,-58.0,21.0,-20.0,-39.0,-772.0,633.0
965,9.0,-201.0,117.0,-58.0,19.0,-21.0,-39.0,-771.0,635.0
966,12.0,-199.0,120.0,-57.0,16.0,-22.0,-37.0,-770.0,640.0
967,13.0,-199.0,117.0,-56.0,16.0,-21.0,-34.0,-771.0,631.0
968,11.0,-201.0,121.0,-55.0,17.0,-21.0,-32.0,-771.0,633.0
969,11.0,-199.0,117.0,-58.0,18.0,-21.0,-29.0,-770.0,631.0
970,13.0,-202.0,117.0,-61.0,19.0,-21.0,-30.0,-773.0,633.0
971,12.0,-199.0,119.0,-63.0,23.0,-22.0,-25.0,-772.0,635.0
972,15.0,-201.0,116.0,-64.0,28.0,-24.0,-21.0,-776.0,630.0
973,14.0,-205.0,119.0,-66.0,30.0,-24.0,-19.0,-780.0,631.0
974,15.0,-201.0,119.0,-66.0,32.0,-24.0,-14.0,-782.0,638.0
975,18.0,-204.0,115.0,-64.0,34.0,-25.0,-9.0,-787.0,634.0
976,21.0,-205.0,119.0,-62.0,35.0,-28.0,-11.0,-785.0,635.0
977,17.0,-203.0,116.0,-63.0,36.0,-28.0,-12.0,-781.0,636.0
978,17.0,-204.0,118.0,-60.0,35.0,-30.0,-13.0,-790.0,630.0
979,16.0,-204.0,115.0,-60.0,33.0,-30.0,-10.0,-787.0,631.0
980,16.0,-203.0,117.0,-60.0,30.0,-30.0,-20.0,-786.0,631.0
981,16.0,-205.0,116.0,-59.0,28.0,-29.0,-15.0,-785.0,633.0
982,17.0,-205.0,118.0,-57.0,28.0,-28.0,-13.0,-786.0,630.0
983,13.0,-201.0,120.0,-56.0,26.0,-27.0,-24.0,-790.0,628.0
984,11.0,-204.0,121.0,-56.0,25.0,-27.0,-24.0,-782.0,628.0
985,14.0,-204.0,119.0,-53.0,24.0,-26.0,-23.0,-788.0,632.0
986,15.0,-203.0,117.0,-52.0,21.0,-23.0,-28.0,-781.0,634.0
987,14.0,-205.0,117.0,-51.0,21.0,-21.0,-28.0,-786.0,634.0
988,12.0,-203.0,117.0,-51.0,21.0,-19.0,-28.0,-783.0,636.0
989,13.0,-201.0,119.0,-51.0,20.0,-18.0,-26.0,-780.0,638.0
990,12.0,-202.0,121.0,-51.0,21.0,-16.0,-28.0,-774.0,631.0
991,15.0,-204.0,117.0,-54.0,19.0,-17.0,-28.0,-781.0,627.0
992,11.0,-204.0,120.0,-56.0,20.0,-16.0,-28.0,-779.0,631.0
993,12.0,-204.0,120.0,-57.0,19.0,-16.0,-24.0,-776.0,638.0
994,12.0,-202.0,116.0,-57.0,18.0,-17.0,-28.0,-781.0,623.0
995,14.0,-204.0,118.0,-58.0,18.0,-17.0,-26.0,-783.0,634.0
996,14.0,-204.0,120.0,-57.0,17.0,-17.0,-21.0,-787.0,639.0
997,13.0,-203.0,118.0,-57.0,17.0,-18.0,-22.0,-787.0,638.0
998,15.0,-204.0,118.0,-53.0,14.0,-18.0,-19.0,-789.0,636.0
999,16.0,-204.0,119.0,-50.0,14.0,-20.0,-18.0,-785.0,635.0
1000,16.0,-205.0,122.0,-47.0,13.0,-22.0,-16.0,-786.0,643.0
1001,15.0,-205.0,119.0,-45.0,13.0,-24.0,-11.0,-790.0,635.0
1002,16.0,-206.0,119.0,-41.0,14.0,-25.0,-23.0,-788.0,639.0
1003,15.0,-204.0,119.0,-38.0,16.0,-25.0,-17.0,-790.0,636.0
1004,12.0,-203.0,115.0,-36.0,17.0,-26.0,-12.0,-791.0,633.0
1005,15.0,-204.0,118.0,-37.0,18.0,-25.0,-17.0,-788.0,639.0
1006,15.0,-202.0,115.0,-35.0,19.0,-26.0,-19.0,-790.0,631.0
1007,16.0,-207.0,119.0,-32.0,21.0,-27.0,-21.0,-787.0,636.0
1008,15.0,-205.0,117.0,-31.0,21.0,-27.0,-22.0,-789.0,629.0
1009,17.0,-206.0,113.0,-30.0,23.0,-26.0,-27.0,-781.0,628.0
1010,13.0,-202.0,122.0,-30.0,24.0,-27.0,-31.0,-785.0,627.0
1011,13.0,-203.0,115.0,-30.0,22.0,-24.0,-19.0,-784.0,625.0
1012,13.0,-201.0,117.0,-31.0,21.0,-22.0,-23.0,-782.0,622.0
1013,15.0,-204.0,116.0,-37.0,18.0,-22.0,-30.0,-778.0,619.0
1014,14.0,-201.0,116.0,-44.0,15.0,-20.0,-19.0,-776.0,629.0
1015,14.0,-200.0,117.0,-49.0,13.0,-17.0,-22.0,-775.0,630.0
1016,13.0,-201.0,117.0,-52.0,12.0,-16.0,-23.0,-775.0,628.0
1017,13.0,-201.0,114.0,-54.0,9.0,-15.0,-18.0,-774.0,635.0
1018,13.0,-201.0,118.0,-52.0,10.0,-13.0,-23.0,-778.0,637.0
1019,16.0,-201.0,120.0,-51.0,9.0,-11.0,-23.0,-781.0,641.0
1020,13.0,-203.0,122.0,-47.0,6.0,-11.0,-18.0,-778.0,644.0
1021,15.0,-204.0,118.0,-43.0,6.0,-10.0,-21.0,-775.0,644.0
1022,14.0,-202.0,120.0,-39.0,6.0,-9.0,-25.0,-784.0,643.0
1023,14.0,-203.0,122.0,-37.0,5.0,-9.0,-26.0,-781.0,644.0
1024,14.0,-207.0,120.0,-38.0,7.0,-10.0,-28.0,-782.0,636.0
1025,16.0,-203.0,118.0,-38.0,7.0,-9.0,-23.0,-782.0,638.0
1026,13.0,-202.0,121.0,-38.0,8.0,-10.0,-13.0,-782.0,644.0
1027,14.0,-202.0,121.0,-38.0,10.0,-13.0,-25.0,-783.0,641.0
1028,16.0,-202.0,119.0,-37.0,12.0,-14.0,-28.0,-786.0,634.0
1029,17.0,-205.0,116.0,-36.0,15.0,-14.0,-23.0,-783.0,632.0
1030,16.0,-202.0,122.0,-34.0,18.0,-15.0,-19.0,-782.0,635.0
1031,15.0,-205.0,120.0,-34.0,19.0,-16.0,-22.0,-782.0,631.0
1032,14.0,-200.0,118.0,-32.0,21.0,-17.0,-15.0,-780.0,635.0
1033,16.0,-203.0,119.0,-32.0,21.0,-18.0,-19.0,-776.0,637.0
1034,15.0,-200.0,112.0,-31.0,22.0,-20.0,-16.0,-772.0,631.0
1035,16.0,-200.0,121.0,-32.0,25.0,-20.0,-17.0,-771.0,628.0
1036,17.0,-199.0,119.0,-33.0,27.0,-21.0,-14.0,-771.0,630.0
1037,18.0,-200.0,115.0,-35.0,28.0,-20.0,-16.0,-774.0,630.0
1038,16.0,-202.0,120.0,-35.0,29.0,-21.0,-8.0,-772.0,633.0
1039,15.0,-198.0,118.0,-38.0,31.0,-20.0,-8.0,-772.0,632.0
1040,16.0,-198.0,121.0,-40.0,30.0,-17.0,-15.0,-771.0,635.0
1041,14.0,-200.0,119.0,-43.0,32.0,-17.0,-15.0,-773.0,635.0
1042,16.0,-201.0,121.0,-43.0,30.0,-14.0,-16.0,-773.0,636.0
1043,14.0,-200.0,118.0,-44.0,29.0,-11.0,-21.0,-769.0,636.0
1044,16.0,-203.0,119.0,-44.0,27.0,-9.0,-26.0,-775.0,642.0
1045,16.0,-201.0,119.0,-43.0,25.0,-7.0,-23.0,-774.0,642.0
1046,12.0,-200.0,120.0,-42.0,23.0,-4.0,-22.0,-774.0,642.0
1047,13.0,-204.0,121.0,-42.0,21.0,-3.0,-23.0,-775.0,640.0
1048,13.0,-204.0,122.0,-41.0,18.0,-1.0,-19.0,-775.0,645.0
1049,13.0,-198.0,121.0,-42.0,17.0,0.0,-20.0,-774.0,642.0
1050,13.0,-200.0,117.0,-43.0,16.0,1.0,-20.0,-785.0,639.0
1051,15.0,-200.0,117.0,-44.0,15.0,1.0,-21.0,-768.0,647.0
1052,15.0,-201.0,121.0,-46.0,15.0,1.0,-21.0,-775.0,632.0
1053,16.0,-203.0,119.0,-49.0,16.0,1.0,-18.0,-779.0,643.0
1054,15.0,-200.0,116.0,-48.0,17.0,3.0,-21.0,-777.0,638.0
1055,18.0,-201.0,116.0,-48.0,20.0,2.0,-14.0,-777.0,644.0
1056,15.0,-203.0,118.0,-47.0,20.0,3.0,-11.0,-784.0,641.0
1057,16.0,-204.0,122.0,-47.0,22.0,2.0,-11.0,-784.0,641.0
1058,16.0,-202.0,118.0,-47.0,22.0,0.0,-9.0,-780.0,642.0
1059,17.0,-203.0,119.0,-45.0,23.0,-1.0,-4.0,-776.0,635.0
1060,15.0,-202.0,119.0,-43.0,24.0,-1.0,-5.0,-779.0,638.0
1061,18.0,-202.0,119.0,-42.0,24.0,-3.0,-6.0,-781.0,634.0
1062,19.0,-204.0,118.0,-41.0,24.0,-5.0,-11.0,-775.0,636.0
1063,14.0,-201.0,118.0,-41.0,26.0,-6.0,-15.0,-773.0,633.0
1064,17.0,-206.0,117.0,-43.0,26.0,-8.0,-6.0,-784.0,638.0
1065,17.0,-202.0,117.0,-42.0,27.0,-9.0,-11.0,-779.0,635.0
1066,16.0,-202.0,116.0,-41.0,29.0,-10.0,-15.0,-787.0,635.0
1067,15.0,-204.0,116.0,-42.0,28.0,-12.0,-16.0,-782.0,631.0
1068,23.0,-200.0,121.0,-43.0,30.0,-14.0,-21.0,-780.0,634.0
1069,14.0,-203.0,117.0,-44.0,30.0,-13.0,-22.0,-775.0,634.0
1070,13.0,-202.0,118.0,-43.0,30.0,-14.0,-27.0,-781.0,633.0
1071,16.0,-201.0,117.0,-40.0,30.0,-14.0,-30.0,-782.0,638.0
1072,13.0,-204.0,121.0,-41.0,28.0,-14.0,-27.0,-778.0,625.0
1073,13.0,-203.0,117.0,-39.0,28.0,-11.0,-28.0,-779.0,631.0
1074,13.0,-199.0,116.0,-39.0,28.0,-10.0,-29.0,-774.0,635.0
1075,13.0,-202.0,119.0,-43.0,28.0,-10.0,-28.0,-776.0,636.0
1076,14.0,-203.0,120.0,-43.0,28.0,-9.0,-28.0,-780.0,633.0
1077,15.0,-203.0,118.0,-47.0,28.0,-8.0,-22.0,-775.0,631.0
1078,17.0,-200.0,121.0,-52.0,27.0,-7.0,-22.0,-780.0,632.0
1079,14.0,-191.0,110.0,-51.0,27.0,-8.0,-17.0,-773.0,631.0
1080,16.0,-200.0,120.0,-54.0,28.0,-8.0,-19.0,-774.0,635.0
1081,16.0,-204.0,117.0,-54.0,28.0,-8.0,-20.0,-776.0,634.0
1082,16.0,-202.0,120.0,-55.0,28.0,-8.0,-14.0,-781.0,635.0
1083,17.0,-203.0,117.0,-52.0,26.0,-9.0,-15.0,-777.0,636.0
1084,15.0,-202.0,121.0,-54.0,25.0,-9.0,-10.0,-781.0,638.0
1085,15.0,-198.0,121.0,-55.0,25.0,-10.0,-15.0,-779.0,643.0
1086,15.0,-204.0,118.0,-55.0,24.0,-12.0,-12.0,-786.0,634.0
1087,16.0,-202.0,118.0,-55.0,24.0,-14.0,-10.0,-785.0,627.0
1088,18.0,-207.0,118.0,-55.0,27.0,-14.0,-15.0,-782.0,635.0
1089,16.0,-205.0,117.0,-55.0,26.0,-17.0,-16.0,-781.0,640.0
1090,14.0,-203.0,118.0,-52.0,28.0,-18.0,-12.0,-786.0,638.0
1091,15.0,-204.0,117.0,-50.0,31.0,-17.0,-20.0,-781.0,638.0
1092,14.0,-200.0,118.0,-47.0,31.0,-18.0,-22.0,-785.0,638.0
1093,11.0,-202.0,116.0,-44.0,32.0,-18.0,-18.0,-781.0,638.0
1094,13.0,-205.0,111.0,-41.0,33.0,-17.0,-25.0,-779.0,638.0
1095,12.0,-203.0,118.0,-39.0,35.0,-17.0,-21.0,-783.0,635.0
1096,14.0,-203.0,118.0,-36.0,35.0,-14.0,-26.0,-777.0,631.0
1097,15.0,-203.0,118.0,-35.0,35.0,-14.0,-26.0,-778.0,638.0
1098,11.0,-200.0,119.0,-33.0,34.0,-14.0,-29.0,-778.0,629.0
1099,9.0,-203.0,118.0,-35.0,33.0,-11.0,-26.0,-774.0,632.0
1100,11.0,-200.0,118.0,-34.0,33.0,-10.0,-25.0,-782.0,637.0
1101,12.0,-199.0,123.0,-35.0,31.0,-9.0,-30.0,-777.0,632.0
1102,14.0,-203.0,116.0,-35.0,30.0,-8.0,-24.0,-776.0,635.0
1103,10.0,-201.0,119.0,-36.0,28.0,-7.0,-27.0,-773.0,636.0
1104,14.0,-201.0,119.0,-35.0,25.0,-6.0,-24.0,-776.0,639.0
1105,14.0,-199.0,117.0,-36.0,24.0,-6.0,-24.0,-784.0,638.0
1106,15.0,-201.0,115.0,-36.0,22.0,-6.0,-21.0,-782.0,638.0
1107,14.0,-202.0,121.0,-34.0,20.0,-7.0,-27.0,-781.0,635.0
1108,13.0,-202.0,120.0,-35.0,20.0,-8.0,-28.0,-782.0,631.0
1109,14.0,-201.0,117.0,-34.0,20.0,-8.0,-26.0,-779.0,636.0
1110,14.0,-201.0,114.0,-32.0,19.0,-9.0,-23.0,-778.0,630.0
1111,12.0,-202.0,113.0,-30.0,21.0,-10.0,-26.0,-777.0,632.0
1112,13.0,-204.0,120.0,-29.0,22.0,-10.0,-23.0,-778.0,632.0
1113,12.0,-202.0,118.0,-29.0,22.0,-10.0,-21.0,-783.0,631.0
1114,12.0,-202.0,117.0,-30.0,24.0,-8.0,-27.0,-781.0,635.0
1115,13.0,-202.0,113.0,-31.0,23.0,-10.0,-29.0,-775.0,633.0
1116,13.0,-201.0,122.0,-34.0,24.0,-9.0,-31.0,-773.0,637.0
1117,15.0,-203.0,118.0,-31.0,24.0,-8.0,-29.0,-772.0,638.0
1118,14.0,-204.0,117.0,-33.0,24.0,-9.0,-23.0,-778.0,632.0
1119,12.0,-200.0,119.0,-33.0,24.0,-7.0,-28.0,-776.0,632.0
1120,15.0,-202.0,120.0,-32.0,24.0,-7.0,-28.0,-773.0,643.0
1121,11.0,-202.0,118.0,-33.0,23.0,-7.0,-32.0,-777.0,634.0
1122,12.0,-201.0,119.0,-33.0,22.0,-6.0,-23.0,-777.0,641.0
1123,13.0,-202.0,122.0,-34.0,23.0,-6.0,-26.0,-776.0,639.0
1124,12.0,-201.0,116.0,-33.0,24.0,-6.0,-26.0,-777.0,639.0
1125,13.0,-202.0,120.0,-34.0,24.0,-7.0,-28.0,-775.0,635.0
1126,12.0,-199.0,120.0,-37.0,24.0,-8.0,-33.0,-772.0,636.0
1127,11.0,-200.0,117.0,-40.0,25.0,-8.0,-28.0,-773.0,633.0
1128,13.0,-202.0,116.0,-43.0,26.0,-8.0,-28.0,-776.0,627.0
1129,13.0,-201.0,121.0,-48.0,26.0,-9.0,-29.0,-784.0,632.0
1130,15.0,-203.0,120.0,-51.0,27.0,-8.0,-24.0,-778.0,635.0
1131,12.0,-205.0,119.0,-55.0,29.0,-10.0,-25.0,-781.0,631.0
1132,13.0,-201.0,117.0,-58.0,27.0,-13.0,-21.0,-779.0,627.0
1133,14.0,-202.0,119.0,-59.0,31.0,-14.0,-21.0,-775.0,633.0
1134,15.0,-204.0,118.0,-61.0,32.0,-16.0,-19.0,-780.0,632.0
1135,16.0,-202.0,119.0,-62.0,32.0,-18.0,-22.0,-780.0,632.0
1136,13.0,-202.0,119.0,-63.0,32.0,-17.0,-27.0,-780.0,639.0
1137,12.0,-204.0,119.0,-60.0,30.0,-18.0,-26.0,-784.0,640.0
1138,12.0,-201.0,121.0,-56.0,28.0,-18.0,-21.0,-786.0,642.0
1139,10.0,-202.0,120.0,-54.0,28.0,-18.0,-22.0,-787.0,638.0
1140,15.0,-204.0,118.0,-51.0,25.0,-16.0,-20.0,-784.0,638.0
1141,12.0,-201.0,116.0,-47.0,21.0,-15.0,-23.0,-780.0,635.0
1142,13.0,-202.0,117.0,-48.0,19.0,-12.0,-22.0,-778.0,634.0
1143,13.0,-201.0,118.0,-50.0,15.0,-7.0,-28.0,-781.0,631.0
1144,12.0,-200.0,116.0,-54.0,11.0,-4.0,-24.0,-769.0,623.0
1145,16.0,-201.0,116.0,-58.0,6.0,-2.0,-24.0,-775.0,624.0
1146,13.0,-202.0,118.0,-64.0,3.0,3.0,-27.0,-770.0,625.0
1147,12.0,-199.0,121.0,-71.0,1.0,7.0,-23.0,-768.0,631.0
1148,13.0,-198.0,117.0,-78.0,-2.0,12.0,-19.0,-767.0,630.0
1149,16.0,-199.0,119.0,-83.0,-5.0,16.0,-25.0,-768.0,632.0
1150,8.0,-197.0,117.0,-87.0,-6.0,18.0,-28.0,-769.0,627.0
1151,15.0,-198.0,116.0,-91.0,-7.0,22.0,-24.0,-769.0,629.0
1152,15.0,-202.0,115.0,-92.0,-6.0,24.0,-27.0,-771.0,626.0
1153,14.0,-201.0,119.0,-95.0,-6.0,27.0,-18.0,-776.0,625.0
1154,13.0,-201.0,115.0,-96.0,-6.0,30.0,-26.0,-774.0,628.0
1155,14.0,-201.0,116.0,-98.0,-5.0,33.0,-27.0,-773.0,629.0
1156,13.0,-201.0,113.0,-98.0,-8.0,35.0,-27.0,-777.0,633.0
1157,13.0,-202.0,117.0,-97.0,-11.0,35.0,-19.0,-783.0,638.0
1158,14.0,-202.0,121.0,-98.0,-12.0,38.0,-26.0,-786.0,640.0
1159,15.0,-203.0,117.0,-95.0,-14.0,37.0,-22.0,-788.0,641.0
1160,13.0,-202.0,123.0,-92.0,-17.0,39.0,-17.0,-790.0,645.0
1161,13.0,-204.0,122.0,-89.0,-20.0,40.0,-24.0,-779.0,646.0
1162,10.0,-203.0,123.0,-86.0,-21.0,41.0,-31.0,-789.0,648.0
1163,10.0,-204.0,120.0,-77.0,-20.0,44.0,-33.0,-783.0,647.0
1164,9.0,-202.0,119.0,-73.0,-21.0,46.0,-40.0,-783.0,640.0
1165,8.0,-200.0,116.0,-68.0,-18.0,50.0,-44.0,-775.0,642.0
1166,9.0,-202.0,115.0,-71.0,-16.0,51.0,-41.0,-780.0,628.0
1167,8.0,-203.0,113.0,-77.0,-13.0,55.0,-43.0,-781.0,617.0
1168,8.0,-201.0,114.0,-87.0,-10.0,59.0,-47.0,-780.0,616.0
1169,8.0,-201.0,114.0,-101.0,-8.0,63.0,-37.0,-789.0,614.0
1170,10.0,-205.0,110.0,-115.0,-6.0,65.0,-39.0,-792.0,613.0
1171,9.0,-205.0,115.0,-130.0,-5.0,66.0,-34.0,-796.0,615.0
1172,9.0,-206.0,111.0,-137.0,-6.0,66.0,-32.0,-802.0,620.0
1173,13.0,-207.0,114.0,-140.0,-7.0,65.0,-30.0,-807.0,621.0
1174,13.0,-207.0,118.0,-134.0,-10.0,63.0,-20.0,-802.0,630.0
1175,14.0,-209.0,116.0,-124.0,-10.0,59.0,-16.0,-803.0,629.0
1176,13.0,-209.0,119.0,-114.0,-11.0,55.0,-17.0,-802.0,633.0
1177,14.0,-207.0,117.0,-109.0,-10.0,49.0,-13.0,-803.0,626.0
1178,16.0,-207.0,120.0,-108.0,-8.0,41.0,-8.0,-795.0,626.0
1179,19.0,-205.0,116.0,-110.0,-7.0,35.0,-13.0,-791.0,630.0
1180,16.0,-206.0,120.0,-113.0,-6.0,28.0,-9.0,-797.0,631.0
1181,17.0,-205.0,116.0,-123.0,-6.0,19.0,-6.0,-796.0,634.0
1182,17.0,-205.0,121.0,-126.0,-7.0,12.0,-20.0,-792.0,638.0
1183,17.0,-207.0,117.0,-127.0,-6.0,6.0,-18.0,-795.0,642.0
1184,16.0,-205.0,121.0,-127.0,-1.0,0.0,-24.0,-793.0,640.0
1185,13.0,-205.0,118.0,-121.0,6.0,-8.0,-25.0,-792.0,640.0
1186,17.0,-205.0,119.0,-114.0,14.0,-13.0,-17.0,-787.0,645.0
1187,15.0,-205.0,119.0,-104.0,23.0,-19.0,-24.0,-783.0,639.0
1188,12.0,-202.0,120.0,-94.0,34.0,-24.0,-27.0,-779.0,636.0
1189,15.0,-204.0,117.0,-86.0,44.0,-27.0,-28.0,-773.0,628.0
1190,14.0,-198.0,113.0,-78.0,50.0,-30.0,-29.0,-768.0,630.0
1191,16.0,-196.0,117.0,-71.0,60.0,-31.0,-22.0,-761.0,623.0
1192,15.0,-197.0,112.0,-67.0,69.0,-31.0,-29.0,-756.0,626.0
1193,12.0,-197.0,116.0,-66.0,73.0,-31.0,-27.0,-756.0,624.0
1194,14.0,-196.0,113.0,-68.0,77.0,-30.0,-26.0,-754.0,622.0
1195,13.0,-196.0,115.0,-69.0,78.0,-28.0,-24.0,-750.0,620.0
1196,15.0,-197.0,115.0,-70.0,78.0,-26.0,-18.0,-754.0,623.0
1197,14.0,-195.0,117.0,-74.0,75.0,-25.0,-19.0,-758.0,629.0
1198,15.0,-196.0,115.0,-76.0,73.0,-23.0,-20.0,-760.0,633.0
1199,16.0,-190.0,102.0,-76.0,69.0,-23.0,-19.0,-760.0,639.0
1200,14.0,-197.0,118.0,-72.0,66.0,-22.0,-16.0,-760.0,638.0
1201,19.0,-202.0,122.0,-66.0,63.0,-23.0,-19.0,-764.0,632.0
1202,16.0,-198.0,121.0,-60.0,61.0,-24.0,-15.0,-763.0,636.0
1203,16.0,-201.0,116.0,-50.0,62.0,-27.0,-16.0,-771.0,638.0
1204,15.0,-201.0,118.0,-42.0,63.0,-31.0,-20.0,-772.0,633.0
1205,15.0,-202.0,114.0,-31.0,66.0,-37.0,-17.0,-767.0,635.0
1206,17.0,-200.0,118.0,-20.0,68.0,-42.0,-20.0,-774.0,629.0
1207,9.0,-198.0,115.0,-9.0,70.0,-48.0,-21.0,-774.0,620.0
1208,16.0,-203.0,115.0,0.0,72.0,-55.0,-24.0,-777.0,624.0
1209,12.0,-202.0,116.0,6.0,75.0,-60.0,-23.0,-781.0,623.0
1210,24.0,-199.0,112.0,9.0,78.0,-66.0,-22.0,-774.0,622.0
1211,15.0,-203.0,112.0,14.0,82.0,-73.0,-25.0,-776.0,624.0
1212,13.0,-203.0,111.0,19.0,84.0,-78.0,-27.0,-780.0,616.0
1213,14.0,-204.0,116.0,22.0,89.0,-83.0,-23.0,-780.0,623.0
1214,14.0,-202.0,113.0,26.0,92.0,-87.0,-18.0,-775.0,618.0
1215,19.0,-202.0,117.0,28.0,96.0,-92.0,-22.0,-783.0,633.0
1216,17.0,-203.0,115.0,31.0,98.0,-94.0,-21.0,-782.0,631.0
1217,14.0,-203.0,115.0,34.0,100.0,-97.0,-23.0,-781.0,630.0
1218,19.0,-207.0,120.0,36.0,102.0,-97.0,-21.0,-781.0,634.0
1219,15.0,-202.0,116.0,36.0,102.0,-97.0,-16.0,-786.0,641.0
1220,14.0,-203.0,118.0,34.0,102.0,-98.0,-13.0,-784.0,639.0
1221,16.0,-207.0,116.0,31.0,99.0,-97.0,-18.0,-782.0,638.0
1222,16.0,-203.0,120.0,28.0,95.0,-96.0,-21.0,-784.0,635.0
1223,13.0,-203.0,116.0,26.0,90.0,-94.0,-16.0,-792.0,636.0
1224,15.0,-208.0,115.0,22.0,83.0,-91.0,-20.0,-792.0,638.0
1225,14.0,-207.0,119.0,20.0,76.0,-88.0,-21.0,-800.0,635.0
1226,14.0,-207.0,118.0,19.0,69.0,-83.0,-25.0,-796.0,634.0
1227,12.0,-209.0,120.0,18.0,63.0,-80.0,-23.0,-802.0,631.0
1228,12.0,-209.0,115.0,16.0,60.0,-77.0,-26.0,-802.0,632.0
1229,13.0,-207.0,118.0,18.0,57.0,-76.0,-32.0,-800.0,629.0
1230,16.0,-209.0,119.0,16.0,53.0,-72.0,-30.0,-798.0,627.0
1231,12.0,-208.0,116.0,14.0,51.0,-70.0,-30.0,-799.0,625.0
1232,11.0,-208.0,115.0,11.0,51.0,-67.0,-30.0,-794.0,620.0
1233,12.0,-209.0,115.0,4.0,50.0,-64.0,-30.0,-802.0,619.0
1234,10.0,-208.0,119.0,0.0,50.0,-60.0,-33.0,-795.0,626.0
1235,12.0,-206.0,121.0,-7.0,50.0,-59.0,-29.0,-794.0,629.0
1236,13.0,-207.0,114.0,-12.0,49.0,-57.0,-33.0,-790.0,621.0
1237,9.0,-205.0,112.0,-17.0,49.0,-55.0,-31.0,-793.0,622.0
1238,9.0,-205.0,117.0,-22.0,48.0,-52.0,-29.0,-796.0,624.0
1239,13.0,-206.0,121.0,-29.0,48.0,-52.0,-26.0,-790.0,622.0
1240,14.0,-205.0,117.0,-35.0,47.0,-50.0,-27.0,-788.0,620.0
1241,10.0,-201.0,116.0,-41.0,44.0,-47.0,-29.0,-786.0,622.0
1242,13.0,-202.0,118.0,-49.0,41.0,-48.0,-34.0,-785.0,618.0
1243,10.0,-204.0,118.0,-54.0,39.0,-46.0,-33.0,-785.0,623.0
1244,13.0,-202.0,110.0,-62.0,35.0,-45.0,-35.0,-780.0,616.0
1245,11.0,-203.0,118.0,-68.0,33.0,-45.0,-34.0,-789.0,620.0
1246,11.0,-205.0,114.0,-74.0,31.0,-44.0,-30.0,-782.0,616.0
1247,13.0,-204.0,115.0,-78.0,28.0,-43.0,-31.0,-781.0,621.0
1248,12.0,-205.0,113.0,-83.0,27.0,-39.0,-32.0,-783.0,614.0
1249,12.0,-204.0,116.0,-87.0,25.0,-35.0,-32.0,-784.0,615.0
1250,13.0,-204.0,116.0,-90.0,23.0,-32.0,-35.0,-783.0,613.0
1251,13.0,-204.0,112.0,-94.0,22.0,-29.0,-27.0,-787.0,615.0
1252,11.0,-201.0,110.0,-97.0,21.0,-24.0,-25.0,-784.0,614.0
1253,16.0,-203.0,112.0,-99.0,19.0,-20.0,-20.0,-779.0,615.0
1254,15.0,-203.0,116.0,-99.0,18.0,-19.0,-26.0,-774.0,614.0
1255,15.0,-201.0,111.0,-98.0,17.0,-17.0,-24.0,-774.0,610.0
1256,14.0,-203.0,112.0,-97.0,15.0,-17.0,-24.0,-785.0,615.0
1257,14.0,-203.0,109.0,-92.0,13.0,-16.0,-22.0,-778.0,615.0
1258,14.0,-204.0,115.0,-85.0,8.0,-16.0,-20.0,-785.0,617.0
1259,14.0,-203.0,109.0,-80.0,7.0,-15.0,-27.0,-789.0,615.0
1260,13.0,-205.0,114.0,-72.0,5.0,-17.0,-24.0,-789.0,611.0
1261,12.0,-201.0,113.0,-63.0,6.0,-17.0,-31.0,-786.0,615.0
1262,14.0,-203.0,112.0,-57.0,6.0,-17.0,-31.0,-784.0,611.0
1263,12.0,-204.0,113.0,-50.0,6.0,-16.0,-31.0,-787.0,613.0
1264,11.0,-201.0,112.0,-46.0,6.0,-15.0,-33.0,-778.0,611.0
1265,11.0,-202.0,113.0,-45.0,7.0,-13.0,-39.0,-775.0,610.0
1266,11.0,-203.0,116.0,-44.0,8.0,-11.0,-37.0,-772.0,615.0
1267,9.0,-199.0,112.0,-46.0,9.0,-8.0,-40.0,-774.0,618.0
1268,9.0,-197.0,111.0,-45.0,8.0,-3.0,-34.0,-773.0,616.0
1269,8.0,-200.0,116.0,-50.0,8.0,2.0,-45.0,-772.0,618.0
1270,8.0,-199.0,110.0,-50.0,6.0,6.0,-42.0,-769.0,623.0
1271,10.0,-202.0,117.0,-52.0,7.0,11.0,-38.0,-771.0,620.0
1272,10.0,-201.0,116.0,-51.0,7.0,14.0,-35.0,-772.0,635.0
1273,10.0,-199.0,121.0,-52.0,5.0,18.0,-38.0,-770.0,633.0
1274,15.0,-207.0,120.0,-53.0,5.0,21.0,-30.0,-782.0,635.0
1275,10.0,-203.0,116.0,-52.0,3.0,22.0,-34.0,-783.0,636.0
1276,12.0,-203.0,123.0,-50.0,2.0,23.0,-34.0,-787.0,644.0
1277,9.0,-205.0,118.0,-46.0,1.0,26.0,-32.0,-797.0,648.0
1278,14.0,-205.0,121.0,-44.0,3.0,28.0,-26.0,-795.0,638.0
1279,13.0,-204.0,117.0,-40.0,6.0,26.0,-22.0,-790.0,642.0
1280,20.0,-205.0,115.0,-38.0,10.0,27.0,-14.0,-785.0,644.0
1281,17.0,-203.0,118.0,-36.0,18.0,26.0,-2.0,-786.0,645.0
1282,21.0,-203.0,124.0,-29.0,28.0,25.0,6.0,-790.0,655.0
1283,21.0,-205.0,127.0,-17.0,41.0,20.0,12.0,-801.0,662.0
1284,22.0,-207.0,124.0,-7.0,52.0,16.0,6.0,-804.0,648.0
1285,22.0,-207.0,116.0,-5.0,58.0,17.0,9.0,-806.0,644.0
1286,17.0,-212.0,116.0,-13.0,62.0,18.0,-2.0,-820.0,629.0
1287,13.0,-217.0,112.0,-29.0,66.0,24.0,-19.0,-839.0,618.0
1288,9.0,-225.0,107.0,-46.0,70.0,34.0,-38.0,-863.0,602.0
1289,6.0,-230.0,110.0,-67.0,75.0,46.0,-41.0,-898.0,606.0
1290,7.0,-239.0,117.0,-88.0,83.0,59.0,-43.0,-924.0,604.0
1291,5.0,-246.0,114.0,-107.0,92.0,73.0,-43.0,-945.0,607.0
1292,2.0,-250.0,111.0,-128.0,98.0,92.0,-53.0,-967.0,598.0
1293,3.0,-253.0,112.0,-155.0,97.0,110.0,-62.0,-982.0,595.0
1294,2.0,-254.0,109.0,-196.0,89.0,131.0,-63.0,-990.0,595.0
1295,0.0,-255.0,109.0,-250.0,72.0,152.0,-77.0,-986.0,595.0
1296,-3.0,-254.0,109.0,-312.0,51.0,178.0,-84.0,-981.0,594.0
1297,-2.0,-250.0,108.0,-375.0,28.0,212.0,-92.0,-974.0,599.0
1298,-6.0,-250.0,111.0,-439.0,5.0,249.0,-100.0,-973.0,607.0
1299,-4.0,-255.0,115.0,-497.0,-13.0,289.0,-111.0,-976.0,626.0
1300,-12.0,-253.0,127.0,-544.0,-27.0,329.0,-118.0,-987.0,650.0
1301,-11.0,-257.0,127.0,-583.0,-42.0,371.0,-130.0,-1003.0,665.0
1302,-18.0,-260.0,128.0,-622.0,-62.0,413.0,-148.0,-1017.0,663.0
1303,-23.0,-262.0,128.0,-673.0,-85.0,448.0,-156.0,-1035.0,660.0
1304,-27.0,-267.0,123.0,-739.0,-111.0,481.0,-175.0,-1038.0,648.0
1305,-27.0,-266.0,117.0,-819.0,-137.0,507.0,-179.0,-1053.0,632.0
1306,-32.0,-267.0,115.0,-907.0,-159.0,524.0,-192.0,-1061.0,616.0
1307,-34.0,-274.0,112.0,-999.0,-181.0,533.0,-204.0,-1077.0,604.0
1308,-32.0,-280.0,112.0,-1086.0,-206.0,535.0,-201.0,-1092.0,601.0
1309,-30.0,-284.0,105.0,-1160.0,-228.0,520.0,-196.0,-1110.0,597.0
1310,-28.0,-289.0,105.0,-1218.0,-244.0,488.0,-176.0,-1118.0,595.0
1311,-21.0,-290.0,118.0,-1260.0,-252.0,444.0,-156.0,-1127.0,597.0
1312,-13.0,-294.0,111.0,-1282.0,-252.0,392.0,-139.0,-1125.0,603.0
1313,-4.0,-293.0,115.0,-1287.0,-244.0,334.0,-102.0,-1123.0,616.0
1314,1.0,-293.0,118.0,-1274.0,-227.0,274.0,-88.0,-1114.0,624.0
1315,9.0,-289.0,121.0,-1242.0,-198.0,210.0,-46.0,-1110.0,634.0
1316,13.0,-285.0,123.0,-1192.0,-160.0,151.0,-30.0,-1092.0,647.0
1317,19.0,-283.0,125.0,-1133.0,-116.0,100.0,-13.0,-1080.0,656.0
1318,19.0,-277.0,128.0,-1072.0,-71.0,58.0,-3.0,-1071.0,667.0
1319,20.0,-278.0,132.0,-1013.0,-29.0,27.0,-2.0,-1059.0,675.0
1320,20.0,-272.0,130.0,-962.0,10.0,8.0,-16.0,-1054.0,681.0
1321,14.0,-267.0,127.0,-919.0,43.0,-3.0,-24.0,-1028.0,672.0
1322,12.0,-265.0,126.0,-888.0,67.0,-6.0,-32.0,-1023.0,658.0
1323,9.0,-257.0,121.0,-867.0,86.0,-4.0,-39.0,-997.0,646.0
1324,4.0,-252.0,121.0,-854.0,103.0,2.0,-51.0,-980.0,641.0
1325,7.0,-252.0,120.0,-843.0,121.0,12.0,-54.0,-954.0,629.0
1326,2.0,-245.0,117.0,-827.0,140.0,21.0,-67.0,-944.0,627.0
1327,1.0,-242.0,119.0,-805.0,158.0,32.0,-70.0,-932.0,624.0
1328,1.0,-242.0,111.0,-777.0,172.0,43.0,-69.0,-920.0,610.0
1329,-7.0,-245.0,117.0,-751.0,182.0,55.0,-75.0,-908.0,603.0
1330,-2.0,-235.0,104.0,-726.0,190.0,63.0,-81.0,-904.0,574.0
1331,0.0,-233.0,98.0,-714.0,192.0,71.0,-86.0,-886.0,559.0
1332,0.0,-231.0,93.0,-713.0,187.0,79.0,-80.0,-883.0,537.0
1333,-6.0,-228.0,87.0,-720.0,178.0,86.0,-87.0,-881.0,514.0
1334,-2.0,-230.0,85.0,-735.0,166.0,94.0,-95.0,-885.0,492.0
1335,-2.0,-230.0,81.0,-760.0,149.0,100.0,-93.0,-889.0,480.0
1336,-7.0,-229.0,75.0,-787.0,137.0,104.0,-92.0,-887.0,469.0
1337,-2.0,-236.0,67.0,-816.0,130.0,107.0,-93.0,-905.0,447.0
1338,1.0,-235.0,65.0,-841.0,122.0,107.0,-86.0,-911.0,440.0
1339,1.0,-238.0,69.0,-866.0,119.0,102.0,-71.0,-915.0,431.0
1340,0.0,-245.0,74.0,-881.0,123.0,96.0,-68.0,-919.0,438.0
1341,3.0,-247.0,66.0,-879.0,126.0,82.0,-69.0,-929.0,438.0
1342,1.0,-247.0,68.0,-863.0,136.0,67.0,-75.0,-946.0,443.0
1343,4.0,-250.0,71.0,-834.0,147.0,49.0,-60.0,-950.0,445.0
1344,2.0,-250.0,71.0,-795.0,170.0,32.0,-64.0,-950.0,445.0
1345,2.0,-247.0,69.0,-748.0,187.0,13.0,-64.0,-944.0,441.0
1346,6.0,-247.0,72.0,-708.0,199.0,-5.0,-56.0,-942.0,436.0
1347,4.0,-242.0,69.0,-673.0,215.0,-20.0,-63.0,-928.0,441.0
1348,4.0,-239.0,73.0,-642.0,232.0,-29.0,-62.0,-918.0,444.0
1349,1.0,-231.0,70.0,-622.0,243.0,-34.0,-70.0,-901.0,445.0
1350,-1.0,-229.0,70.0,-607.0,239.0,-35.0,-78.0,-882.0,450.0
1351,6.0,-221.0,68.0,-606.0,229.0,-33.0,-58.0,-854.0,440.0
1352,1.0,-220.0,68.0,-620.0,240.0,-12.0,-69.0,-850.0,442.0
1353,0.0,-220.0,68.0,-635.0,255.0,3.0,-75.0,-841.0,443.0
1354,1.0,-219.0,72.0,-655.0,257.0,15.0,-84.0,-839.0,442.0
1355,-1.0,-220.0,69.0,-679.0,248.0,30.0,-83.0,-838.0,440.0
1356,2.0,-222.0,67.0,-707.0,241.0,46.0,-74.0,-846.0,424.0
1357,7.0,-227.0,66.0,-736.0,240.0,71.0,-53.0,-870.0,419.0
1358,5.0,-227.0,64.0,-765.0,246.0,89.0,-49.0,-877.0,412.0
1359,7.0,-232.0,67.0,-788.0,249.0,98.0,-48.0,-902.0,417.0
1360,8.0,-237.0,60.0,-805.0,241.0,102.0,-44.0,-907.0,409.0
1361,11.0,-241.0,60.0,-815.0,230.0,103.0,-46.0,-921.0,411.0
1362,11.0,-246.0,61.0,-820.0,220.0,104.0,-36.0,-941.0,404.0
1363,9.0,-255.0,69.0,-816.0,218.0,109.0,-45.0,-956.0,410.0
1364,8.0,-255.0,59.0,-803.0,204.0,103.0,-55.0,-977.0,397.0
1365,3.0,-257.0,58.0,-790.0,184.0,100.0,-66.0,-983.0,391.0
1366,4.0,-259.0,53.0,-777.0,162.0,93.0,-57.0,-995.0,365.0
1367,1.0,-261.0,50.0,-766.0,152.0,96.0,-61.0,-1006.0,357.0
1368,1.0,-263.0,48.0,-754.0,146.0,92.0,-72.0,-1015.0,344.0
1369,-5.0,-263.0,48.0,-742.0,137.0,79.0,-84.0,-1014.0,335.0
1370,0.0,-266.0,43.0,-736.0,130.0,65.0,-86.0,-1019.0,330.0
1371,-2.0,-264.0,44.0,-726.0,131.0,48.0,-91.0,-1011.0,329.0
1372,-2.0,-260.0,43.0,-707.0,140.0,31.0,-84.0,-1004.0,317.0
1373,0.0,-262.0,42.0,-681.0,160.0,24.0,-94.0,-995.0,330.0
1374,-2.0,-258.0,41.0,-647.0,186.0,13.0,-102.0,-987.0,334.0
1375,-6.0,-256.0,46.0,-609.0,207.0,-2.0,-111.0,-968.0,339.0
1376,-7.0,-252.0,50.0,-566.0,224.0,-15.0,-112.0,-959.0,342.0
1377,-9.0,-248.0,46.0,-528.0,237.0,-24.0,-117.0,-948.0,341.0
1378,-14.0,-247.0,46.0,-491.0,246.0,-30.0,-114.0,-943.0,339.0
1379,-9.0,-245.0,48.0,-462.0,251.0,-30.0,-124.0,-935.0,334.0
1380,-12.0,-244.0,41.0,-441.0,247.0,-28.0,-123.0,-938.0,320.0
1381,-11.0,-245.0,40.0,-438.0,245.0,-14.0,-129.0,-939.0,306.0
1382,-7.0,-242.0,35.0,-450.0,247.0,7.0,-114.0,-936.0,304.0
1383,-7.0,-243.0,38.0,-466.0,249.0,21.0,-114.0,-931.0,308.0
1384,-4.0,-238.0,34.0,-486.0,242.0,23.0,-106.0,-936.0,293.0
1385,0.0,-243.0,34.0,-513.0,239.0,35.0,-89.0,-939.0,289.0
1386,0.0,-247.0,30.0,-539.0,236.0,54.0,-88.0,-945.0,284.0
1387,2.0,-250.0,33.0,-565.0,227.0,62.0,-75.0,-954.0,281.0
1388,0.0,-252.0,32.0,-591.0,206.0,65.0,-67.0,-961.0,270.0
1389,1.0,-254.0,22.0,-617.0,178.0,63.0,-63.0,-966.0,254.0
1390,6.0,-254.0,22.0,-641.0,153.0,64.0,-63.0,-980.0,242.0
1391,5.0,-253.0,16.0,-666.0,128.0,63.0,-61.0,-972.0,235.0
1392,4.0,-253.0,16.0,-682.0,106.0,54.0,-64.0,-977.0,217.0
1393,2.0,-251.0,15.0,-693.0,89.0,46.0,-64.0,-981.0,210.0
1394,4.0,-254.0,15.0,-699.0,73.0,25.0,-60.0,-973.0,205.0
1395,7.0,-254.0,4.0,-700.0,65.0,9.0,-58.0,-969.0,188.0
1396,7.0,-250.0,11.0,-700.0,77.0,0.0,-52.0,-962.0,199.0
1397,7.0,-248.0,7.0,-692.0,96.0,-17.0,-50.0,-953.0,202.0
1398,5.0,-251.0,11.0,-674.0,115.0,-43.0,-50.0,-952.0,209.0
1399,5.0,-246.0,12.0,-652.0,135.0,-65.0,-56.0,-948.0,219.0
1400,3.0,-247.0,19.0,-630.0,156.0,-77.0,-67.0,-939.0,227.0
1401,2.0,-250.0,18.0,-604.0,170.0,-81.0,-67.0,-937.0,226.0
1402,2.0,-246.0,17.0,-580.0,175.0,-84.0,-63.0,-939.0,231.0
1403,0.0,-248.0,18.0,-563.0,171.0,-88.0,-74.0,-950.0,228.0
1404,1.0,-249.0,18.0,-547.0,157.0,-85.0,-76.0,-956.0,225.0
1405,2.0,-252.0,15.0,-538.0,147.0,-74.0,-78.0,-967.0,223.0
1406,-1.0,-252.0,16.0,-534.0,136.0,-63.0,-74.0,-967.0,220.0
1407,0.0,-253.0,12.0,-535.0,123.0,-54.0,-87.0,-982.0,217.0
1408,0.0,-256.0,16.0,-541.0,107.0,-44.0,-88.0,-987.0,211.0
1409,0.0,-261.0,16.0,-549.0,92.0,-30.0,-83.0,-997.0,212.0
1410,-1.0,-259.0,15.0,-551.0,77.0,-13.0,-94.0,-1001.0,216.0
1411,0.0,-261.0,13.0,-552.0,61.0,3.0,-83.0,-1002.0,211.0
1412,0.0,-261.0,8.0,-548.0,44.0,12.0,-83.0,-1005.0,201.0
1413,0.0,-262.0,13.0,-542.0,22.0,18.0,-74.0,-1002.0,200.0
1414,4.0,-260.0,13.0,-534.0,3.0,19.0,-68.0,-995.0,198.0
1415,1.0,-259.0,10.0,-524.0,-12.0,16.0,-61.0,-998.0,191.0
1416,9.0,-260.0,4.0,-518.0,-22.0,10.0,-55.0,-994.0,191.0
1417,7.0,-256.0,10.0,-516.0,-25.0,-3.0,-52.0,-982.0,195.0
1418,6.0,-257.0,6.0,-516.0,-26.0,-17.0,-52.0,-980.0,186.0
1419,14.0,-256.0,2.0,-522.0,-24.0,-30.0,-37.0,-983.0,175.0
1420,6.0,-254.0,5.0,-536.0,-20.0,-55.0,-53.0,-964.0,173.0
1421,7.0,-253.0,0.0,-552.0,-17.0,-64.0,-49.0,-964.0,166.0
1422,7.0,-255.0,-5.0,-569.0,-13.0,-72.0,-42.0,-968.0,160.0
1423,13.0,-257.0,0.0,-586.0,-6.0,-86.0,-40.0,-983.0,148.0
1424,9.0,-256.0,-7.0,-604.0,1.0,-106.0,-37.0,-982.0,146.0
1425,12.0,-257.0,-6.0,-625.0,7.0,-123.0,-35.0,-991.0,135.0
1426,13.0,-258.0,-4.0,-646.0,7.0,-139.0,-26.0,-994.0,124.0
1427,11.0,-258.0,-10.0,-669.0,2.0,-156.0,-22.0,-1002.0,117.0
1428,17.0,-263.0,-13.0,-687.0,-10.0,-168.0,-9.0,-1026.0,96.0
1429,9.0,-260.0,-13.0,-708.0,-26.0,-186.0,-39.0,-1010.0,108.0
1430,12.0,-268.0,-15.0,-721.0,-48.0,-185.0,-30.0,-1028.0,100.0
1431,12.0,-271.0,-16.0,-729.0,-70.0,-185.0,-37.0,-1031.0,104.0
1432,12.0,-272.0,-14.0,-741.0,-86.0,-190.0,-40.0,-1041.0,100.0
1433,7.0,-270.0,-11.0,-750.0,-96.0,-192.0,-46.0,-1054.0,107.0
1434,6.0,-275.0,-11.0,-759.0,-102.0,-192.0,-57.0,-1052.0,110.0
1435,14.0,-280.0,-13.0,-759.0,-106.0,-187.0,-17.0,-1080.0,113.0
1436,2.0,-276.0,-5.0,-747.0,-104.0,-210.0,-67.0,-1056.0,126.0
1437,5.0,-280.0,-4.0,-714.0,-109.0,-213.0,-66.0,-1073.0,131.0
1438,4.0,-283.0,-2.0,-666.0,-115.0,-210.0,-72.0,-1079.0,134.0
1439,1.0,-285.0,-1.0,-606.0,-120.0,-215.0,-83.0,-1072.0,145.0
1440,0.0,-282.0,-4.0,-540.0,-127.0,-217.0,-93.0,-1080.0,146.0
1441,-2.0,-286.0,2.0,-466.0,-134.0,-212.0,-97.0,-1084.0,144.0
1442,-3.0,-288.0,-2.0,-393.0,-142.0,-206.0,-102.0,-1082.0,141.0
1443,-3.0,-286.0,-4.0,-324.0,-148.0,-202.0,-109.0,-1083.0,138.0
1444,-3.0,-282.0,-6.0,-263.0,-152.0,-197.0,-106.0,-1076.0,140.0
1445,-11.0,-277.0,0.0,-209.0,-154.0,-193.0,-113.0,-1067.0,139.0
1446,-12.0,-278.0,-4.0,-163.0,-156.0,-197.0,-111.0,-1051.0,127.0
1447,-11.0,-272.0,-4.0,-124.0,-161.0,-199.0,-130.0,-1040.0,133.0
1448,-8.0,-270.0,-8.0,-80.0,-169.0,-185.0,-116.0,-1033.0,127.0
1449,-8.0,-267.0,-3.0,-40.0,-179.0,-178.0,-115.0,-1018.0,117.0
1450,-6.0,-264.0,-12.0,-8.0,-190.0,-174.0,-116.0,-1012.0,107.0
1451,-7.0,-261.0,-12.0,14.0,-200.0,-170.0,-112.0,-1001.0,103.0
1452,-8.0,-260.0,-10.0,26.0,-209.0,-164.0,-108.0,-996.0,97.0
1453,-5.0,-262.0,-18.0,29.0,-214.0,-164.0,-106.0,-977.0,92.0
1454,-4.0,-256.0,-18.0,25.0,-221.0,-161.0,-104.0,-970.0,83.0
1455,0.0,-250.0,-22.0,25.0,-228.0,-151.0,-90.0,-964.0,76.0
1456,0.0,-249.0,-23.0,19.0,-232.0,-142.0,-79.0,-959.0,66.0
1457,2.0,-251.0,-22.0,16.0,-233.0,-139.0,-68.0,-948.0,62.0
1458,4.0,-250.0,-29.0,9.0,-229.0,-136.0,-69.0,-944.0,57.0
1459,-1.0,-252.0,-21.0,8.0,-223.0,-135.0,-63.0,-947.0,51.0
1460,4.0,-247.0,-29.0,2.0,-212.0,-140.0,-63.0,-938.0,49.0
1461,3.0,-247.0,-29.0,-8.0,-203.0,-142.0,-60.0,-944.0,48.0
1462,8.0,-249.0,-37.0,-8.0,-194.0,-128.0,-44.0,-950.0,41.0
1463,10.0,-252.0,-36.0,-8.0,-183.0,-124.0,-45.0,-955.0,33.0
1464,12.0,-255.0,-35.0,-10.0,-172.0,-123.0,-47.0,-963.0,31.0
1465,12.0,-256.0,-33.0,-14.0,-160.0,-127.0,-38.0,-969.0,32.0
1466,12.0,-257.0,-32.0,-17.0,-148.0,-129.0,-35.0,-982.0,34.0
1467,12.0,-261.0,-34.0,-22.0,-135.0,-133.0,-33.0,-994.0,35.0
1468,14.0,-260.0,-27.0,-26.0,-128.0,-140.0,-26.0,-1004.0,41.0
1469,13.0,-265.0,-27.0,-33.0,-126.0,-146.0,-26.0,-1021.0,45.0
1470,11.0,-259.0,-35.0,-33.0,-127.0,-153.0,-23.0,-1032.0,46.0
1471,15.0,-276.0,-26.0,-30.0,-133.0,-161.0,-14.0,-1040.0,61.0
1472,15.0,-280.0,-16.0,-20.0,-138.0,-163.0,-27.0,-1064.0,68.0
1473,16.0,-280.0,-19.0,-5.0,-142.0,-167.0,-28.0,-1077.0,77.0
1474,9.0,-283.0,-18.0,19.0,-147.0,-170.0,-31.0,-1086.0,83.0
1475,8.0,-285.0,-16.0,44.0,-151.0,-173.0,-36.0,-1089.0,88.0
1476,10.0,-285.0,-15.0,73.0,-156.0,-174.0,-32.0,-1094.0,93.0
1477,10.0,-289.0,-16.0,105.0,-160.0,-173.0,-41.0,-1111.0,101.0
1478,7.0,-292.0,-13.0,137.0,-161.0,-173.0,-43.0,-1116.0,95.0
1479,5.0,-291.0,-10.0,166.0,-162.0,-176.0,-51.0,-1110.0,105.0
1480,6.0,-290.0,-6.0,202.0,-161.0,-168.0,-55.0,-1110.0,117.0
1481,6.0,-287.0,-13.0,246.0,-155.0,-160.0,-53.0,-1108.0,116.0
1482,6.0,-284.0,-10.0,292.0,-145.0,-155.0,-61.0,-1101.0,121.0
1483,6.0,-285.0,-10.0,334.0,-135.0,-155.0,-54.0,-1091.0,122.0
1484,1.0,-278.0,-10.0,372.0,-123.0,-159.0,-57.0,-1078.0,124.0
1485,2.0,-272.0,-5.0,403.0,-117.0,-163.0,-59.0,-1055.0,129.0
1486,6.0,-270.0,-10.0,433.0,-112.0,-156.0,-58.0,-1026.0,123.0
1487,6.0,-264.0,-7.0,456.0,-111.0,-147.0,-53.0,-1011.0,117.0
1488,3.0,-255.0,-14.0,473.0,-114.0,-137.0,-54.0,-995.0,106.0
1489,8.0,-255.0,-16.0,478.0,-120.0,-126.0,-49.0,-983.0,101.0
1490,5.0,-252.0,-18.0,471.0,-124.0,-110.0,-49.0,-964.0,93.0
1491,7.0,-248.0,-23.0,453.0,-130.0,-97.0,-46.0,-946.0,81.0
1492,7.0,-242.0,-23.0,425.0,-137.0,-82.0,-48.0,-935.0,72.0
1493,8.0,-239.0,-22.0,389.0,-145.0,-66.0,-45.0,-924.0,64.0
1494,11.0,-241.0,-26.0,348.0,-151.0,-51.0,-46.0,-918.0,64.0
1495,7.0,-239.0,-24.0,307.0,-151.0,-38.0,-48.0,-920.0,66.0
1496,7.0,-235.0,-24.0,266.0,-147.0,-29.0,-48.0,-912.0,65.0
1497,9.0,-235.0,-25.0,229.0,-139.0,-20.0,-47.0,-910.0,70.0
1498,3.0,-234.0,-23.0,196.0,-126.0,-18.0,-53.0,-909.0,68.0
1499,6.0,-235.0,-19.0,169.0,-111.0,-21.0,-54.0,-901.0,82.0
1500,4.0,-234.0,-18.0,155.0,-98.0,-16.0,-53.0,-900.0,83.0
1501,6.0,-235.0,-15.0,155.0,-83.0,-12.0,-58.0,-898.0,91.0
1502,3.0,-236.0,-20.0,168.0,-71.0,-10.0,-60.0,-891.0,95.0
1503,6.0,-238.0,-19.0,187.0,-62.0,-10.0,-62.0,-900.0,91.0
1504,6.0,-236.0,-14.0,210.0,-56.0,-13.0,-63.0,-891.0,89.0
1505,7.0,-234.0,-16.0,236.0,-50.0,-17.0,-59.0,-888.0,92.0
1506,4.0,-234.0,-16.0,261.0,-42.0,-21.0,-54.0,-885.0,86.0
1507,5.0,-231.0,-17.0,281.0,-35.0,-27.0,-52.0,-881.0,92.0
1508,4.0,-228.0,-16.0,294.0,-27.0,-30.0,-49.0,-882.0,94.0
1509,11.0,-230.0,-17.0,299.0,-22.0,-36.0,-43.0,-878.0,91.0
1510,9.0,-226.0,-20.0,296.0,-15.0,-41.0,-40.0,-872.0,94.0
1511,8.0,-228.0,-17.0,285.0,-9.0,-49.0,-36.0,-879.0,91.0
1512,12.0,-226.0,-12.0,263.0,-4.0,-59.0,-36.0,-862.0,103.0
1513,14.0,-228.0,-7.0,252.0,-2.0,-47.0,-28.0,-867.0,108.0
1514,15.0,-230.0,-10.0,246.0,-4.0,-39.0,-18.0,-872.0,116.0
1515,14.0,-230.0,-10.0,237.0,-12.0,-33.0,-23.0,-876.0,117.0
1516,14.0,-230.0,-8.0,231.0,-23.0,-30.0,-24.0,-886.0,121.0
1517,4.0,-230.0,-17.0,226.0,-34.0,-25.0,-48.0,-894.0,118.0
1518,20.0,-230.0,-3.0,207.0,-42.0,6.0,-4.0,-887.0,134.0
1519,17.0,-233.0,0.0,206.0,-47.0,3.0,-13.0,-878.0,148.0
1520,17.0,-235.0,-1.0,216.0,-53.0,-7.0,-19.0,-882.0,155.0
1521,15.0,-233.0,0.0,229.0,-52.0,-7.0,-30.0,-885.0,156.0
1522,16.0,-230.0,0.0,245.0,-48.0,-2.0,-26.0,-883.0,156.0
1523,17.0,-235.0,0.0,258.0,-48.0,3.0,-19.0,-881.0,150.0
1524,13.0,-232.0,-2.0,265.0,-50.0,6.0,-28.0,-881.0,144.0
1525,12.0,-227.0,-7.0,273.0,-53.0,7.0,-30.0,-874.0,141.0
1526,14.0,-231.0,-6.0,283.0,-53.0,12.0,-28.0,-872.0,128.0
1527,11.0,-229.0,-10.0,290.0,-50.0,16.0,-31.0,-869.0,116.0
1528,12.0,-234.0,-15.0,292.0,-47.0,20.0,-24.0,-870.0,108.0
1529,15.0,-228.0,-16.0,288.0,-42.0,22.0,-21.0,-867.0,102.0
1530,17.0,-227.0,-14.0,279.0,-34.0,23.0,-17.0,-868.0,102.0
1531,19.0,-225.0,-16.0,271.0,-22.0,22.0,-14.0,-859.0,104.0
1532,19.0,-226.0,-11.0,265.0,-9.0,19.0,-15.0,-850.0,105.0
1533,18.0,-225.0,-15.0,261.0,6.0,13.0,-16.0,-850.0,118.0
1534,18.0,-220.0,-10.0,260.0,20.0,10.0,-14.0,-846.0,118.0
1535,17.0,-217.0,-8.0,259.0,28.0,3.0,-13.0,-835.0,123.0
1536,18.0,-219.0,-8.0,263.0,31.0,-5.0,-6.0,-833.0,129.0
1537,15.0,-220.0,-2.0,268.0,33.0,-13.0,-10.0,-832.0,134.0
1538,19.0,-222.0,-9.0,273.0,34.0,-19.0,-18.0,-831.0,131.0
1539,17.0,-216.0,-7.0,275.0,33.0,-24.0,-18.0,-823.0,138.0
1540,15.0,-218.0,-2.0,271.0,32.0,-33.0,-26.0,-826.0,138.0
1541,13.0,-213.0,-4.0,260.0,27.0,-39.0,-36.0,-821.0,146.0
1542,11.0,-219.0,-3.0,253.0,27.0,-27.0,-38.0,-827.0,139.0
1543,9.0,-218.0,-1.0,243.0,27.0,-17.0,-37.0,-839.0,146.0
1544,10.0,-220.0,-2.0,234.0,28.0,-14.0,-38.0,-838.0,155.0
1545,11.0,-224.0,0.0,225.0,30.0,-11.0,-41.0,-854.0,158.0
1546,8.0,-225.0,1.0,220.0,38.0,-4.0,-36.0,-858.0,162.0
1547,9.0,-228.0,2.0,217.0,49.0,-1.0,-34.0,-865.0,165.0
1548,12.0,-229.0,4.0,218.0,60.0,3.0,-39.0,-875.0,172.0
1549,11.0,-231.0,3.0,218.0,70.0,9.0,-37.0,-879.0,176.0
1550,12.0,-230.0,2.0,216.0,80.0,17.0,-36.0,-888.0,171.0
1551,11.0,-233.0,6.0,214.0,84.0,22.0,-36.0,-888.0,177.0
1552,9.0,-235.0,1.0,206.0,85.0,26.0,-38.0,-900.0,175.0
1553,14.0,-236.0,2.0,197.0,82.0,34.0,-36.0,-905.0,172.0
1554,11.0,-238.0,2.0,193.0,78.0,44.0,-35.0,-912.0,171.0
1555,9.0,-239.0,2.0,190.0,73.0,52.0,-35.0,-913.0,165.0
1556,11.0,-237.0,1.0,190.0,66.0,60.0,-40.0,-918.0,166.0
1557,11.0,-240.0,1.0,190.0,58.0,66.0,-35.0,-920.0,165.0
1558,9.0,-240.0,1.0,192.0,47.0,71.0,-38.0,-922.0,160.0
1559,6.0,-240.0,0.0,192.0,37.0,73.0,-49.0,-919.0,150.0
1560,9.0,-238.0,0.0,197.0,22.0,72.0,-50.0,-915.0,143.0
1561,6.0,-238.0,-2.0,199.0,9.0,67.0,-49.0,-918.0,140.0
1562,6.0,-239.0,-8.0,197.0,-5.0,64.0,-50.0,-901.0,126.0
1563,3.0,-240.0,-12.0,193.0,-14.0,56.0,-59.0,-912.0,120.0
1564,3.0,-241.0,-9.0,182.0,-24.0,48.0,-60.0,-916.0,115.0
1565,4.0,-239.0,-12.0,168.0,-30.0,35.0,-62.0,-916.0,115.0
1566,4.0,-242.0,-8.0,160.0,-36.0,24.0,-59.0,-918.0,124.0
1567,4.0,-240.0,-7.0,152.0,-36.0,11.0,-61.0,-925.0,133.0
1568,6.0,-241.0,-3.0,150.0,-33.0,0.0,-62.0,-928.0,148.0
1569,4.0,-242.0,0.0,156.0,-25.0,-12.0,-56.0,-931.0,156.0
1570,6.0,-243.0,1.0,164.0,-13.0,-24.0,-52.0,-928.0,168.0
1571,7.0,-242.0,1.0,173.0,2.0,-33.0,-48.0,-930.0,181.0
1572,7.0,-243.0,8.0,186.0,16.0,-40.0,-49.0,-930.0,187.0
1573,9.0,-240.0,11.0,199.0,29.0,-45.0,-42.0,-924.0,201.0
1574,10.0,-243.0,16.0,215.0,43.0,-48.0,-38.0,-923.0,211.0
1575,13.0,-239.0,15.0,226.0,57.0,-51.0,-30.0,-927.0,230.0
1576,15.0,-240.0,24.0,238.0,69.0,-53.0,-31.0,-919.0,235.0
1577,17.0,-241.0,20.0,244.0,80.0,-53.0,-28.0,-920.0,245.0
1578,17.0,-242.0,22.0,249.0,94.0,-49.0,-7.0,-923.0,246.0
1579,17.0,-241.0,22.0,244.0,102.0,-44.0,-12.0,-924.0,249.0
1580,18.0,-242.0,21.0,233.0,104.0,-38.0,-13.0,-923.0,245.0
1581,16.0,-243.0,21.0,214.0,99.0,-33.0,-11.0,-931.0,245.0
1582,21.0,-246.0,17.0,194.0,90.0,-26.0,-3.0,-939.0,240.0
1583,18.0,-249.0,20.0,171.0,77.0,-22.0,0.0,-945.0,238.0
1584,16.0,-252.0,23.0,151.0,68.0,-16.0,0.0,-957.0,244.0
1585,19.0,-256.0,24.0,133.0,60.0,-10.0,-3.0,-966.0,241.0
1586,22.0,-257.0,20.0,120.0,52.0,-9.0,-3.0,-980.0,240.0
1587,18.0,-258.0,21.0,111.0,45.0,-5.0,-3.0,-987.0,249.0
1588,20.0,-259.0,22.0,106.0,36.0,-4.0,-5.0,-996.0,244.0
1589,15.0,-266.0,18.0,108.0,29.0,-4.0,-3.0,-1003.0,244.0
1590,19.0,-261.0,22.0,113.0,22.0,-4.0,0.0,-1000.0,250.0
1591,24.0,-263.0,24.0,122.0,20.0,-6.0,-3.0,-1000.0,253.0
1592,19.0,-258.0,26.0,133.0,22.0,-11.0,7.0,-1000.0,259.0
1593,19.0,-256.0,30.0,144.0,28.0,-15.0,-1.0,-989.0,263.0
1594,21.0,-256.0,28.0,160.0,39.0,-23.0,-3.0,-979.0,273.0
1595,18.0,-255.0,27.0,181.0,47.0,-30.0,-13.0,-972.0,278.0
1596,14.0,-249.0,28.0,207.0,54.0,-35.0,-22.0,-963.0,271.0
1597,15.0,-249.0,30.0,230.0,60.0,-40.0,-28.0,-951.0,278.0
1598,11.0,-242.0,23.0,248.0,66.0,-45.0,-31.0,-944.0,270.0
1599,12.0,-245.0,29.0,263.0,71.0,-48.0,-35.0,-937.0,265.0
1600,7.0,-247.0,38.0,272.0,77.0,-49.0,-36.0,-925.0,262.0
1601,6.0,-239.0,27.0,278.0,82.0,-49.0,-39.0,-922.0,269.0
1602,5.0,-235.0,26.0,275.0,87.0,-50.0,-46.0,-910.0,270.0
1603,8.0,-236.0,32.0,271.0,92.0,-46.0,-46.0,-910.0,276.0
1604,6.0,-230.0,24.0,265.0,95.0,-45.0,-44.0,-889.0,277.0
1605,9.0,-232.0,30.0,256.0,97.0,-42.0,-55.0,-886.0,277.0
1606,7.0,-229.0,32.0,244.0,100.0,-40.0,-56.0,-874.0,284.0
1607,7.0,-228.0,32.0,229.0,102.0,-39.0,-48.0,-867.0,287.0
1608,6.0,-228.0,34.0,214.0,106.0,-38.0,-44.0,-869.0,291.0
1609,9.0,-228.0,33.0,198.0,108.0,-41.0,-49.0,-865.0,287.0
1610,5.0,-227.0,32.0,176.0,110.0,-42.0,-46.0,-871.0,288.0
1611,8.0,-228.0,38.0,154.0,109.0,-43.0,-42.0,-876.0,285.0
1612,9.0,-228.0,31.0,131.0,104.0,-48.0,-48.0,-874.0,286.0
1613,10.0,-235.0,35.0,108.0,99.0,-50.0,-44.0,-883.0,281.0
1614,9.0,-231.0,31.0,84.0,88.0,-53.0,-50.0,-888.0,280.0
1615,6.0,-233.0,29.0,62.0,77.0,-56.0,-44.0,-896.0,277.0
1616,10.0,-233.0,28.0,39.0,67.0,-59.0,-50.0,-901.0,279.0
1617,8.0,-237.0,35.0,20.0,61.0,-64.0,-49.0,-910.0,278.0
1618,5.0,-239.0,30.0,7.0,55.0,-70.0,-47.0,-913.0,274.0
1619,7.0,-241.0,27.0,-2.0,52.0,-76.0,-50.0,-922.0,274.0
1620,7.0,-243.0,27.0,-6.0,52.0,-84.0,-51.0,-926.0,269.0
1621,9.0,-245.0,25.0,-7.0,52.0,-92.0,-54.0,-933.0,266.0
1622,10.0,-246.0,27.0,-5.0,54.0,-101.0,-56.0,-938.0,256.0
1623,4.0,-246.0,21.0,-2.0,58.0,-110.0,-58.0,-941.0,252.0
1624,4.0,-249.0,24.0,4.0,62.0,-119.0,-56.0,-946.0,242.0
1625,6.0,-248.0,21.0,9.0,68.0,-127.0,-61.0,-946.0,245.0
1626,5.0,-250.0,24.0,14.0,76.0,-135.0,-61.0,-954.0,240.0
1627,3.0,-250.0,20.0,17.0,81.0,-142.0,-56.0,-958.0,238.0
1628,6.0,-253.0,23.0,20.0,84.0,-146.0,-59.0,-957.0,245.0
1629,5.0,-251.0,23.0,20.0,86.0,-147.0,-61.0,-960.0,243.0
1630,3.0,-251.0,20.0,19.0,86.0,-148.0,-62.0,-962.0,254.0
1631,6.0,-253.0,26.0,21.0,86.0,-145.0,-55.0,-967.0,259.0
1632,6.0,-253.0,23.0,20.0,83.0,-141.0,-56.0,-970.0,267.0
1633,4.0,-254.0,28.0,20.0,78.0,-134.0,-56.0,-973.0,281.0
1634,7.0,-256.0,31.0,18.0,71.0,-124.0,-54.0,-984.0,284.0
1635,9.0,-259.0,37.0,16.0,63.0,-112.0,-50.0,-985.0,293.0
1636,4.0,-256.0,38.0,16.0,54.0,-100.0,-47.0,-992.0,301.0
1637,11.0,-262.0,39.0,17.0,44.0,-85.0,-43.0,-995.0,305.0
1638,8.0,-260.0,40.0,16.0,33.0,-68.0,-37.0,-1007.0,311.0
1639,10.0,-260.0,41.0,17.0,23.0,-56.0,-35.0,-1007.0,317.0
1640,14.0,-265.0,43.0,21.0,11.0,-42.0,-25.0,-1003.0,317.0
1641,13.0,-259.0,42.0,27.0,0.0,-32.0,-28.0,-997.0,324.0
1642,15.0,-260.0,39.0,33.0,-10.0,-23.0,-18.0,-999.0,316.0
1643,15.0,-260.0,40.0,39.0,-21.0,-15.0,-20.0,-1001.0,321.0
1644,14.0,-258.0,42.0,47.0,-29.0,-7.0,-16.0,-993.0,317.0
1645,16.0,-258.0,41.0,49.0,-37.0,-3.0,-18.0,-988.0,314.0
1646,15.0,-256.0,37.0,52.0,-43.0,0.0,-18.0,-973.0,306.0
1647,16.0,-252.0,41.0,52.0,-47.0,5.0,-16.0,-967.0,304.0
1648,16.0,-251.0,31.0,49.0,-50.0,6.0,-20.0,-958.0,299.0
1649,17.0,-248.0,33.0,44.0,-51.0,6.0,-23.0,-945.0,303.0
1650,17.0,-246.0,35.0,35.0,-49.0,6.0,-19.0,-939.0,300.0
1651,19.0,-244.0,36.0,24.0,-45.0,6.0,-10.0,-933.0,298.0
1652,19.0,-241.0,38.0,13.0,-43.0,6.0,-6.0,-924.0,305.0
1653,18.0,-239.0,33.0,-2.0,-40.0,7.0,-10.0,-921.0,307.0
1654,17.0,-240.0,33.0,-20.0,-38.0,6.0,-9.0,-918.0,300.0
1655,18.0,-239.0,38.0,-41.0,-32.0,5.0,-6.0,-920.0,293.0
1656,17.0,-239.0,39.0,-59.0,-26.0,4.0,-3.0,-915.0,309.0
1657,18.0,-237.0,37.0,-69.0,-26.0,4.0,-6.0,-918.0,310.0
1658,16.0,-237.0,41.0,-76.0,-25.0,3.0,-4.0,-923.0,308.0
1659,21.0,-240.0,36.0,-89.0,-18.0,-1.0,-2.0,-922.0,318.0
1660,19.0,-241.0,42.0,-99.0,-13.0,-3.0,0.0,-930.0,317.0
1661,16.0,-243.0,44.0,-96.0,-9.0,-5.0,-1.0,-936.0,327.0
1662,23.0,-245.0,41.0,-88.0,-4.0,-6.0,4.0,-932.0,319.0
1663,21.0,-243.0,43.0,-81.0,2.0,-9.0,8.0,-934.0,323.0
1664,24.0,-242.0,44.0,-82.0,10.0,-11.0,7.0,-931.0,321.0
1665,22.0,-243.0,41.0,-88.0,15.0,-12.0,6.0,-934.0,324.0
1666,20.0,-242.0,39.0,-94.0,20.0,-14.0,2.0,-929.0,320.0
1667,17.0,-241.0,43.0,-101.0,22.0,-15.0,-5.0,-929.0,321.0
1668,20.0,-242.0,41.0,-111.0,28.0,-14.0,-1.0,-929.0,320.0
1669,17.0,-242.0,41.0,-122.0,33.0,-12.0,-1.0,-933.0,320.0
1670,18.0,-246.0,40.0,-129.0,37.0,-11.0,-2.0,-942.0,323.0
1671,18.0,-246.0,43.0,-130.0,40.0,-9.0,-6.0,-946.0,322.0
1672,20.0,-248.0,41.0,-134.0,43.0,-8.0,-7.0,-947.0,318.0
1673,16.0,-248.0,38.0,-138.0,46.0,-4.0,-16.0,-951.0,312.0
1674,14.0,-250.0,45.0,-143.0,47.0,-2.0,-15.0,-956.0,318.0
1675,14.0,-252.0,39.0,-145.0,47.0,-1.0,-26.0,-961.0,311.0
1676,12.0,-252.0,39.0,-143.0,47.0,1.0,-27.0,-968.0,305.0
1677,17.0,-254.0,36.0,-145.0,46.0,3.0,-25.0,-968.0,306.0
1678,13.0,-255.0,34.0,-145.0,44.0,7.0,-26.0,-973.0,294.0
1679,12.0,-256.0,35.0,-147.0,43.0,7.0,-30.0,-982.0,299.0
1680,12.0,-259.0,36.0,-144.0,38.0,10.0,-31.0,-988.0,290.0
1681,8.0,-257.0,31.0,-139.0,33.0,15.0,-32.0,-996.0,292.0
1682,14.0,-260.0,33.0,-134.0,28.0,19.0,-31.0,-1003.0,292.0
1683,10.0,-262.0,29.0,-129.0,21.0,24.0,-35.0,-1000.0,284.0
1684,11.0,-261.0,29.0,-123.0,15.0,29.0,-34.0,-1007.0,290.0
1685,13.0,-265.0,35.0,-115.0,9.0,33.0,-29.0,-1010.0,291.0
1686,14.0,-263.0,33.0,-104.0,7.0,37.0,-32.0,-1010.0,289.0
1687,16.0,-264.0,36.0,-90.0,5.0,41.0,-23.0,-1009.0,291.0
1688,15.0,-265.0,33.0,-75.0,6.0,45.0,-17.0,-1003.0,295.0
1689,19.0,-265.0,32.0,-59.0,8.0,47.0,-17.0,-1005.0,290.0
1690,16.0,-260.0,34.0,-41.0,8.0,50.0,-12.0,-1004.0,287.0
1691,19.0,-260.0,32.0,-23.0,9.0,54.0,-5.0,-993.0,285.0
1692,22.0,-260.0,32.0,-5.0,10.0,57.0,3.0,-987.0,289.0
1693,22.0,-255.0,37.0,7.0,13.0,58.0,9.0,-978.0,293.0
1694,27.0,-255.0,33.0,19.0,13.0,59.0,15.0,-968.0,291.0
1695,24.0,-249.0,35.0,22.0,11.0,59.0,18.0,-960.0,292.0
1696,25.0,-250.0,30.0,25.0,7.0,56.0,23.0,-947.0,289.0
1697,23.0,-245.0,36.0,27.0,4.0,53.0,23.0,-949.0,292.0
1698,25.0,-245.0,30.0,26.0,-1.0,51.0,26.0,-942.0,285.0
1699,25.0,-244.0,31.0,21.0,-5.0,48.0,25.0,-937.0,293.0
1700,27.0,-246.0,34.0,11.0,-7.0,43.0,29.0,-933.0,289.0
1701,29.0,-245.0,37.0,2.0,-7.0,40.0,27.0,-934.0,289.0
1702,26.0,-244.0,37.0,-3.0,-4.0,36.0,27.0,-941.0,294.0
1703,27.0,-244.0,35.0,-13.0,1.0,33.0,22.0,-935.0,295.0
1704,26.0,-245.0,40.0,-22.0,7.0,28.0,19.0,-941.0,297.0
1705,26.0,-249.0,38.0,-29.0,11.0,22.0,18.0,-945.0,296.0
1706,26.0,-251.0,33.0,-36.0,15.0,18.0,15.0,-946.0,301.0
1707,20.0,-248.0,36.0,-39.0,19.0,13.0,14.0,-953.0,297.0
1708,26.0,-250.0,33.0,-38.0,24.0,9.0,12.0,-958.0,295.0
1709,24.0,-252.0,37.0,-36.0,27.0,7.0,4.0,-953.0,301.0
1710,20.0,-251.0,31.0,-32.0,31.0,4.0,5.0,-952.0,288.0
1711,22.0,-249.0,39.0,-29.0,35.0,1.0,1.0,-954.0,299.0
1712,19.0,-250.0,37.0,-22.0,38.0,0.0,-2.0,-950.0,294.0
1713,18.0,-249.0,33.0,-15.0,42.0,-3.0,-9.0,-953.0,294.0
1714,18.0,-249.0,35.0,-9.0,44.0,-6.0,-5.0,-947.0,302.0
1715,18.0,-251.0,36.0,-2.0,49.0,-10.0,-4.0,-949.0,296.0
1716,17.0,-247.0,37.0,1.0,52.0,-13.0,-10.0,-950.0,302.0
1717,14.0,-248.0,35.0,6.0,55.0,-17.0,-6.0,-950.0,295.0
1718,16.0,-249.0,32.0,12.0,57.0,-22.0,-11.0,-946.0,297.0
1719,23.0,-264.0,34.0,13.0,61.0,-29.0,-8.0,-952.0,306.0
1720,23.0,-249.0,32.0,18.0,60.0,-33.0,-8.0,-945.0,302.0
1721,17.0,-251.0,42.0,22.0,61.0,-37.0,-4.0,-957.0,307.0
1722,21.0,-251.0,43.0,32.0,61.0,-41.0,-6.0,-950.0,314.0
1723,22.0,-251.0,35.0,39.0,63.0,-44.0,-1.0,-958.0,316.0
1724,20.0,-253.0,38.0,43.0,64.0,-47.0,1.0,-957.0,323.0
1725,20.0,-252.0,41.0,47.0,67.0,-51.0,2.0,-958.0,318.0
1726,23.0,-251.0,39.0,50.0,69.0,-53.0,5.0,-962.0,322.0
1727,22.0,-250.0,42.0,57.0,70.0,-56.0,6.0,-958.0,318.0
1728,22.0,-248.0,42.0,62.0,71.0,-58.0,10.0,-955.0,322.0
1729,24.0,-251.0,47.0,66.0,71.0,-61.0,10.0,-954.0,325.0
1730,21.0,-251.0,54.0,70.0,67.0,-62.0,12.0,-943.0,322.0
1731,22.0,-245.0,44.0,76.0,66.0,-64.0,10.0,-944.0,325.0
1732,20.0,-243.0,43.0,79.0,64.0,-67.0,12.0,-939.0,321.0
1733,25.0,-239.0,39.0,82.0,65.0,-73.0,11.0,-928.0,321.0
1734,22.0,-240.0,41.0,81.0,67.0,-77.0,9.0,-926.0,328.0
1735,20.0,-238.0,45.0,76.0,72.0,-85.0,3.0,-923.0,324.0
1736,20.0,-241.0,41.0,71.0,78.0,-92.0,6.0,-918.0,321.0
1737,19.0,-236.0,41.0,64.0,86.0,-99.0,-1.0,-919.0,329.0
1738,19.0,-239.0,41.0,55.0,93.0,-106.0,1.0,-922.0,330.0
1739,19.0,-238.0,42.0,47.0,101.0,-113.0,-8.0,-919.0,341.0
1740,17.0,-237.0,41.0,37.0,107.0,-120.0,-6.0,-922.0,338.0
1741,17.0,-241.0,47.0,28.0,112.0,-125.0,-18.0,-926.0,340.0
1742,15.0,-244.0,45.0,21.0,117.0,-127.0,-23.0,-934.0,340.0
1743,14.0,-245.0,50.0,15.0,123.0,-129.0,-30.0,-939.0,343.0
1744,14.0,-246.0,47.0,12.0,129.0,-128.0,-26.0,-944.0,347.0
1745,15.0,-251.0,51.0,7.0,134.0,-127.0,-27.0,-956.0,343.0
1746,15.0,-250.0,49.0,3.0,136.0,-123.0,-32.0,-957.0,349.0
1747,8.0,-252.0,50.0,0.0,137.0,-119.0,-33.0,-966.0,353.0
1748,12.0,-255.0,49.0,-2.0,136.0,-114.0,-35.0,-978.0,353.0
1749,12.0,-256.0,50.0,-1.0,135.0,-106.0,-39.0,-983.0,357.0
1750,10.0,-257.0,51.0,0.0,134.0,-101.0,-34.0,-989.0,353.0
1751,8.0,-258.0,51.0,3.0,130.0,-96.0,-37.0,-990.0,348.0
1752,11.0,-259.0,56.0,8.0,126.0,-88.0,-38.0,-995.0,349.0
1753,6.0,-259.0,49.0,18.0,116.0,-81.0,-35.0,-994.0,350.0
1754,10.0,-257.0,47.0,24.0,105.0,-74.0,-37.0,-990.0,345.0
1755,9.0,-257.0,48.0,30.0,95.0,-67.0,-37.0,-983.0,341.0
1756,13.0,-257.0,48.0,35.0,85.0,-61.0,-39.0,-980.0,337.0
1757,11.0,-255.0,45.0,41.0,74.0,-55.0,-41.0,-972.0,336.0
1758,11.0,-252.0,42.0,47.0,65.0,-51.0,-39.0,-968.0,326.0
1759,14.0,-251.0,43.0,46.0,55.0,-45.0,-37.0,-955.0,320.0
1760,10.0,-247.0,41.0,46.0,48.0,-41.0,-34.0,-949.0,319.0
1761,12.0,-248.0,38.0,47.0,38.0,-37.0,-35.0,-946.0,316.0
1762,11.0,-245.0,41.0,50.0,31.0,-31.0,-37.0,-944.0,318.0
1763,11.0,-246.0,41.0,50.0,22.0,-26.0,-34.0,-943.0,322.0
1764,14.0,-244.0,40.0,51.0,15.0,-20.0,-35.0,-935.0,319.0
1765,8.0,-242.0,39.0,52.0,9.0,-14.0,-37.0,-933.0,322.0
1766,10.0,-244.0,40.0,53.0,3.0,-6.0,-37.0,-932.0,325.0
1767,12.0,-243.0,44.0,55.0,-1.0,0.0,-35.0,-925.0,334.0
1768,8.0,-242.0,46.0,57.0,-3.0,7.0,-38.0,-927.0,333.0
1769,12.0,-243.0,46.0,57.0,-3.0,11.0,-32.0,-931.0,338.0
1770,11.0,-244.0,45.0,57.0,-6.0,16.0,-35.0,-931.0,345.0
1771,11.0,-245.0,46.0,57.0,-8.0,21.0,-39.0,-933.0,343.0
1772,15.0,-243.0,51.0,59.0,-9.0,23.0,-31.0,-925.0,349.0
1773,14.0,-242.0,51.0,55.0,-10.0,25.0,-32.0,-924.0,353.0
1774,16.0,-243.0,51.0,53.0,-12.0,28.0,-26.0,-923.0,351.0
1775,14.0,-239.0,51.0,50.0,-11.0,27.0,-22.0,-921.0,354.0
1776,15.0,-244.0,46.0,44.0,-10.0,27.0,-18.0,-925.0,355.0
1777,15.0,-244.0,50.0,38.0,-12.0,27.0,-21.0,-928.0,352.0
1778,15.0,-240.0,46.0,31.0,-12.0,26.0,-15.0,-929.0,345.0
1779,16.0,-243.0,48.0,26.0,-13.0,24.0,-15.0,-929.0,344.0
1780,17.0,-242.0,48.0,19.0,-15.0,23.0,-20.0,-935.0,344.0
1781,18.0,-242.0,47.0,12.0,-17.0,21.0,-13.0,-933.0,341.0
1782,20.0,-246.0,50.0,10.0,-19.0,22.0,-8.0,-937.0,341.0
1783,17.0,-241.0,44.0,6.0,-22.0,22.0,-15.0,-934.0,342.0
1784,18.0,-243.0,45.0,2.0,-25.0,23.0,-12.0,-934.0,338.0
1785,18.0,-244.0,48.0,0.0,-26.0,23.0,-6.0,-939.0,341.0
1786,20.0,-243.0,45.0,0.0,-26.0,22.0,-10.0,-937.0,339.0
1787,16.0,-241.0,48.0,-3.0,-24.0,21.0,-7.0,-941.0,335.0
1788,17.0,-246.0,45.0,-4.0,-23.0,23.0,-2.0,-937.0,343.0
1789,16.0,-244.0,47.0,-4.0,-22.0,24.0,-6.0,-940.0,342.0
1790,18.0,-245.0,47.0,-5.0,-21.0,26.0,-9.0,-938.0,340.0
1791,16.0,-244.0,43.0,-5.0,-21.0,26.0,-17.0,-938.0,340.0
1792,18.0,-246.0,44.0,-6.0,-22.0,28.0,-18.0,-943.0,343.0
1793,16.0,-243.0,47.0,-8.0,-23.0,30.0,-19.0,-939.0,339.0
1794,19.0,-246.0,41.0,-10.0,-23.0,33.0,-23.0,-945.0,339.0
1795,15.0,-244.0,46.0,-13.0,-24.0,33.0,-20.0,-945.0,343.0
1796,15.0,-245.0,48.0,-13.0,-23.0,35.0,-20.0,-945.0,340.0
1797,15.0,-248.0,51.0,-14.0,-21.0,36.0,-20.0,-944.0,341.0
1798,18.0,-248.0,49.0,-14.0,-20.0,35.0,-22.0,-947.0,344.0
1799,15.0,-247.0,50.0,-14.0,-18.0,36.0,-20.0,-953.0,343.0
1800,15.0,-249.0,47.0,-15.0,-17.0,36.0,-21.0,-946.0,342.0
1801,17.0,-249.0,46.0,-15.0,-15.0,37.0,-14.0,-955.0,349.0
1802,15.0,-249.0,49.0,-15.0,-15.0,36.0,-18.0,-949.0,343.0
1803,16.0,-247.0,47.0,-15.0,-15.0,35.0,-15.0,-948.0,341.0
1804,16.0,-246.0,45.0,-16.0,-15.0,35.0,-13.0,-949.0,344.0
1805,16.0,-248.0,42.0,-16.0,-16.0,35.0,-15.0,-948.0,343.0
1806,15.0,-249.0,48.0,-14.0,-17.0,35.0,-11.0,-948.0,338.0
1807,18.0,-246.0,44.0,-15.0,-19.0,36.0,-2.0,-946.0,340.0
1808,16.0,-245.0,48.0,-14.0,-21.0,36.0,-6.0,-945.0,339.0
1809,20.0,-247.0,47.0,-15.0,-22.0,36.0,-8.0,-939.0,345.0
1810,20.0,-248.0,48.0,-16.0,-24.0,36.0,-5.0,-940.0,348.0
1811,18.0,-245.0,47.0,-16.0,-23.0,35.0,-2.0,-935.0,353.0
1812,22.0,-242.0,47.0,-18.0,-24.0,35.0,-6.0,-926.0,353.0
1813,18.0,-242.0,47.0,-22.0,-24.0,33.0,-8.0,-925.0,355.0
1814,18.0,-241.0,48.0,-25.0,-23.0,33.0,-1.0,-927.0,355.0
1815,18.0,-240.0,53.0,-30.0,-21.0,32.0,-7.0,-925.0,353.0
1816,19.0,-241.0,48.0,-36.0,-19.0,31.0,-9.0,-927.0,356.0
1817,19.0,-241.0,52.0,-41.0,-18.0,29.0,-4.0,-930.0,354.0
1818,15.0,-241.0,54.0,-46.0,-14.0,28.0,-3.0,-926.0,360.0
1819,18.0,-242.0,52.0,-49.0,-12.0,26.0,-13.0,-932.0,359.0
1820,15.0,-247.0,53.0,-53.0,-8.0,24.0,-17.0,-937.0,360.0
1821,16.0,-246.0,49.0,-54.0,-4.0,23.0,-20.0,-937.0,363.0
1822,15.0,-245.0,53.0,-55.0,1.0,22.0,-17.0,-940.0,363.0
1823,14.0,-245.0,51.0,-54.0,5.0,19.0,-23.0,-943.0,364.0
1824,16.0,-247.0,51.0,-53.0,11.0,15.0,-24.0,-942.0,359.0
1825,13.0,-246.0,53.0,-49.0,15.0,14.0,-29.0,-943.0,363.0
1826,12.0,-244.0,52.0,-45.0,18.0,14.0,-27.0,-944.0,360.0
1827,10.0,-246.0,52.0,-40.0,21.0,11.0,-24.0,-938.0,360.0
1828,14.0,-246.0,51.0,-39.0,23.0,11.0,-32.0,-941.0,361.0
1829,12.0,-246.0,51.0,-39.0,23.0,10.0,-30.0,-936.0,362.0
1830,15.0,-251.0,50.0,-37.0,25.0,10.0,-29.0,-939.0,358.0
1831,13.0,-245.0,50.0,-35.0,24.0,11.0,-31.0,-939.0,356.0
1832,14.0,-246.0,50.0,-34.0,25.0,11.0,-32.0,-939.0,355.0
1833,13.0,-244.0,48.0,-33.0,21.0,12.0,-24.0,-941.0,353.0
1834,14.0,-244.0,52.0,-34.0,20.0,15.0,-32.0,-934.0,352.0
1835,14.0,-247.0,54.0,-33.0,17.0,14.0,-28.0,-935.0,359.0
1836,16.0,-246.0,46.0,-33.0,14.0,15.0,-23.0,-934.0,353.0
1837,14.0,-244.0,53.0,-32.0,12.0,16.0,-23.0,-931.0,355.0
1838,13.0,-245.0,49.0,-29.0,11.0,18.0,-25.0,-934.0,352.0
1839,13.0,-241.0,54.0,-26.0,8.0,18.0,-25.0,-932.0,350.0
1840,15.0,-245.0,47.0,-24.0,7.0,21.0,-20.0,-931.0,349.0
1841,14.0,-241.0,52.0,-25.0,5.0,21.0,-17.0,-933.0,347.0
1842,12.0,-242.0,49.0,-29.0,5.0,21.0,-19.0,-936.0,351.0
1843,14.0,-241.0,51.0,-35.0,6.0,23.0,-16.0,-932.0,354.0
1844,14.0,-244.0,54.0,-41.0,7.0,24.0,-22.0,-933.0,355.0
1845,14.0,-242.0,54.0,-47.0,7.0,24.0,-20.0,-938.0,356.0
1846,15.0,-243.0,48.0,-53.0,10.0,25.0,-15.0,-935.0,353.0
1847,15.0,-244.0,50.0,-58.0,9.0,25.0,-21.0,-937.0,353.0
1848,16.0,-244.0,52.0,-61.0,9.0,26.0,-19.0,-935.0,362.0
1849,14.0,-246.0,51.0,-61.0,10.0,25.0,-21.0,-943.0,355.0
1850,11.0,-242.0,64.0,-63.0,12.0,24.0,-23.0,-940.0,360.0
1851,15.0,-245.0,53.0,-65.0,12.0,22.0,-19.0,-945.0,353.0
1852,14.0,-246.0,49.0,-62.0,14.0,21.0,-20.0,-943.0,349.0
1853,16.0,-248.0,47.0,-61.0,14.0,17.0,-24.0,-944.0,349.0
1854,15.0,-249.0,50.0,-60.0,16.0,15.0,-21.0,-945.0,349.0
1855,16.0,-247.0,50.0,-56.0,19.0,13.0,-22.0,-948.0,344.0
1856,16.0,-250.0,48.0,-55.0,21.0,11.0,-23.0,-948.0,346.0
1857,14.0,-246.0,50.0,-52.0,23.0,8.0,-22.0,-949.0,348.0
1858,16.0,-247.0,51.0,-51.0,24.0,6.0,-21.0,-946.0,342.0
1859,16.0,-249.0,51.0,-49.0,25.0,3.0,-20.0,-947.0,347.0
1860,15.0,-248.0,47.0,-47.0,25.0,2.0,-25.0,-948.0,351.0
1861,24.0,-238.0,39.0,-45.0,24.0,1.0,-25.0,-946.0,347.0
1862,12.0,-249.0,48.0,-44.0,24.0,0.0,-19.0,-948.0,349.0
1863,14.0,-247.0,49.0,-44.0,24.0,-1.0,-24.0,-944.0,343.0
1864,15.0,-248.0,51.0,-45.0,24.0,0.0,-25.0,-946.0,346.0
1865,14.0,-248.0,49.0,-44.0,22.0,-2.0,-28.0,-941.0,354.0
1866,12.0,-248.0,48.0,-44.0,23.0,-4.0,-24.0,-940.0,344.0
1867,13.0,-246.0,46.0,-45.0,24.0,-2.0,-27.0,-946.0,346.0
1868,12.0,-248.0,46.0,-44.0,22.0,-2.0,-32.0,-945.0,350.0
1869,14.0,-248.0,46.0,-43.0,21.0,-4.0,-32.0,-942.0,353.0
1870,11.0,-245.0,50.0,-42.0,20.0,-4.0,-29.0,-948.0,343.0
1871,14.0,-248.0,51.0,-39.0,20.0,-4.0,-32.0,-941.0,348.0
1872,14.0,-248.0,51.0,-37.0,19.0,-4.0,-30.0,-945.0,352.0
1873,12.0,-248.0,47.0,-34.0,18.0,-4.0,-30.0,-945.0,347.0
1874,14.0,-248.0,49.0,-30.0,18.0,-3.0,-29.0,-945.0,350.0
1875,13.0,-244.0,47.0,-29.0,17.0,-3.0,-30.0,-944.0,353.0
1876,11.0,-240.0,47.0,-26.0,18.0,-3.0,-32.0,-939.0,351.0
1877,13.0,-247.0,48.0,-24.0,19.0,-4.0,-30.0,-943.0,349.0
1878,15.0,-247.0,52.0,-23.0,19.0,-3.0,-26.0,-939.0,352.0
1879,12.0,-243.0,51.0,-23.0,17.0,-4.0,-32.0,-943.0,351.0
1880,14.0,-246.0,48.0,-22.0,15.0,-2.0,-22.0,-944.0,353.0
1881,14.0,-246.0,50.0,-22.0,14.0,-1.0,-31.0,-945.0,349.0
1882,13.0,-243.0,54.0,-22.0,12.0,-2.0,-28.0,-939.0,355.0
1883,12.0,-243.0,46.0,-23.0,10.0,-2.0,-21.0,-937.0,354.0
1884,15.0,-246.0,50.0,-21.0,6.0,-1.0,-28.0,-941.0,347.0
1885,15.0,-247.0,52.0,-22.0,6.0,0.0,-26.0,-936.0,344.0
1886,13.0,-245.0,47.0,-21.0,6.0,0.0,-19.0,-946.0,350.0
1887,13.0,-244.0,50.0,-20.0,5.0,1.0,-24.0,-939.0,349.0
1888,14.0,-244.0,46.0,-20.0,4.0,2.0,-24.0,-936.0,347.0
1889,12.0,-246.0,51.0,-20.0,4.0,0.0,-25.0,-938.0,355.0
1890,13.0,-243.0,47.0,-19.0,3.0,1.0,-29.0,-938.0,354.0
1891,14.0,-246.0,51.0,-21.0,3.0,1.0,-24.0,-940.0,347.0
1892,17.0,-247.0,50.0,-25.0,2.0,2.0,-25.0,-939.0,354.0
1893,15.0,-246.0,51.0,-27.0,3.0,2.0,-28.0,-942.0,355.0
1894,16.0,-245.0,50.0,-28.0,4.0,1.0,-23.0,-941.0,347.0
1895,17.0,-244.0,52.0,-33.0,6.0,2.0,-19.0,-941.0,351.0
1896,16.0,-243.0,50.0,-35.0,7.0,0.0,-23.0,-934.0,348.0
1897,16.0,-243.0,50.0,-38.0,8.0,-2.0,-21.0,-938.0,348.0
1898,14.0,-240.0,51.0,-41.0,8.0,0.0,-23.0,-940.0,346.0
1899,17.0,-243.0,48.0,-44.0,10.0,-1.0,-17.0,-936.0,349.0
1900,17.0,-247.0,47.0,-47.0,10.0,-1.0,-20.0,-935.0,347.0
1901,15.0,-245.0,46.0,-49.0,13.0,-3.0,-17.0,-944.0,342.0
1902,16.0,-247.0,50.0,-51.0,13.0,-4.0,-5.0,-940.0,343.0
1903,16.0,-244.0,45.0,-53.0,14.0,-5.0,-8.0,-949.0,346.0
1904,16.0,-250.0,44.0,-54.0,14.0,-4.0,-18.0,-938.0,344.0
1905,17.0,-244.0,51.0,-54.0,12.0,-5.0,-13.0,-943.0,344.0
1906,16.0,-246.0,48.0,-54.0,14.0,-6.0,-11.0,-946.0,346.0
1907,16.0,-247.0,47.0,-53.0,13.0,-7.0,-13.0,-940.0,344.0
1908,18.0,-246.0,47.0,-50.0,13.0,-8.0,-19.0,-945.0,347.0
1909,18.0,-248.0,48.0,-48.0,12.0,-10.0,-17.0,-940.0,340.0
1910,19.0,-246.0,48.0,-46.0,11.0,-12.0,-16.0,-949.0,345.0
1911,19.0,-251.0,46.0,-42.0,11.0,-13.0,-12.0,-945.0,342.0
1912,20.0,-248.0,46.0,-41.0,11.0,-14.0,-15.0,-943.0,342.0
1913,18.0,-247.0,48.0,-39.0,12.0,-17.0,-16.0,-943.0,339.0
1914,19.0,-246.0,41.0,-39.0,12.0,-18.0,-12.0,-936.0,341.0
1915,17.0,-245.0,45.0,-39.0,15.0,-19.0,-9.0,-941.0,341.0
1916,17.0,-244.0,47.0,-41.0,15.0,-18.0,-18.0,-942.0,344.0
1917,18.0,-245.0,47.0,-41.0,14.0,-17.0,-15.0,-940.0,343.0
1918,15.0,-245.0,50.0,-40.0,14.0,-15.0,-14.0,-941.0,344.0
1919,16.0,-246.0,47.0,-39.0,14.0,-15.0,-17.0,-939.0,349.0
1920,17.0,-244.0,50.0,-39.0,14.0,-15.0,-17.0,-934.0,348.0
1921,15.0,-249.0,50.0,-40.0,15.0,-14.0,-23.0,-934.0,349.0
1922,13.0,-244.0,52.0,-40.0,15.0,-12.0,-19.0,-941.0,347.0
1923,15.0,-245.0,44.0,-44.0,16.0,-11.0,-19.0,-937.0,341.0
1924,14.0,-242.0,47.0,-47.0,17.0,-8.0,-21.0,-940.0,346.0
1925,16.0,-245.0,48.0,-51.0,18.0,-6.0,-16.0,-941.0,344.0
1926,17.0,-243.0,48.0,-56.0,18.0,-4.0,-21.0,-937.0,345.0
1927,16.0,-247.0,48.0,-59.0,20.0,-3.0,-18.0,-942.0,345.0
1928,18.0,-249.0,49.0,-63.0,21.0,-1.0,-23.0,-945.0,341.0
1929,16.0,-246.0,47.0,-65.0,19.0,-2.0,-19.0,-944.0,341.0
1930,15.0,-249.0,45.0,-67.0,19.0,-2.0,-16.0,-943.0,341.0
1931,15.0,-246.0,44.0,-67.0,17.0,-3.0,-6.0,-943.0,337.0
1932,14.0,-246.0,47.0,-65.0,15.0,-4.0,-21.0,-941.0,338.0
1933,16.0,-245.0,42.0,-62.0,13.0,-4.0,-10.0,-944.0,330.0
1934,16.0,-246.0,43.0,-60.0,11.0,-6.0,-6.0,-946.0,338.0
1935,20.0,-248.0,46.0,-58.0,9.0,-8.0,-11.0,-949.0,337.0
1936,19.0,-248.0,45.0,-56.0,9.0,-10.0,-6.0,-948.0,336.0
1937,18.0,-247.0,43.0,-55.0,9.0,-11.0,-10.0,-944.0,328.0
1938,18.0,-247.0,46.0,-54.0,9.0,-14.0,-12.0,-943.0,332.0
1939,19.0,-248.0,39.0,-54.0,10.0,-13.0,-8.0,-944.0,330.0
1940,18.0,-246.0,43.0,-55.0,9.0,-15.0,-10.0,-948.0,329.0
1941,16.0,-249.0,45.0,-56.0,9.0,-14.0,-18.0,-947.0,330.0
1942,17.0,-249.0,44.0,-58.0,8.0,-14.0,-10.0,-941.0,337.0
1943,13.0,-245.0,45.0,-57.0,8.0,-13.0,-18.0,-943.0,338.0
1944,16.0,-248.0,44.0,-57.0,10.0,-11.0,-22.0,-945.0,337.0
1945,17.0,-245.0,41.0,-57.0,12.0,-9.0,-18.0,-947.0,340.0
1946,15.0,-246.0,47.0,-55.0,13.0,-8.0,-21.0,-947.0,341.0
1947,11.0,-244.0,47.0,-56.0,14.0,-5.0,-22.0,-945.0,340.0
1948,15.0,-250.0,44.0,-56.0,14.0,-3.0,-22.0,-941.0,343.0
1949,14.0,-245.0,47.0,-55.0,14.0,-2.0,-26.0,-946.0,339.0
1950,15.0,-247.0,48.0,-56.0,15.0,0.0,-31.0,-944.0,341.0
1951,17.0,-250.0,45.0,-57.0,14.0,1.0,-24.0,-951.0,342.0
1952,16.0,-248.0,47.0,-55.0,13.0,1.0,-24.0,-945.0,343.0
1953,15.0,-248.0,50.0,-54.0,14.0,3.0,-25.0,-948.0,344.0
1954,13.0,-246.0,48.0,-53.0,13.0,4.0,-19.0,-949.0,344.0
1955,14.0,-248.0,47.0,-51.0,13.0,4.0,-17.0,-951.0,341.0
1956,16.0,-248.0,48.0,-47.0,11.0,5.0,-14.0,-948.0,342.0
1957,17.0,-250.0,48.0,-44.0,11.0,6.0,-21.0,-945.0,343.0
1958,13.0,-247.0,48.0,-41.0,11.0,6.0,-25.0,-946.0,343.0
1959,15.0,-244.0,44.0,-38.0,9.0,5.0,-24.0,-947.0,342.0
1960,14.0,-249.0,45.0,-35.0,9.0,6.0,-19.0,-944.0,342.0
1961,15.0,-247.0,45.0,-35.0,9.0,5.0,-18.0,-945.0,338.0
1962,14.0,-243.0,45.0,-37.0,8.0,4.0,-23.0,-943.0,334.0
1963,15.0,-243.0,48.0,-37.0,8.0,5.0,-26.0,-940.0,341.0
1964,14.0,-246.0,46.0,-39.0,9.0,5.0,-23.0,-941.0,331.0
1965,19.0,-249.0,49.0,-39.0,8.0,6.0,-21.0,-942.0,342.0
1966,16.0,-245.0,49.0,-40.0,7.0,7.0,-23.0,-937.0,342.0
1967,15.0,-243.0,50.0,-41.0,7.0,6.0,-20.0,-939.0,347.0
1968,16.0,-244.0,48.0,-41.0,5.0,8.0,-21.0,-939.0,346.0
1969,12.0,-244.0,47.0,-41.0,6.0,7.0,-23.0,-940.0,347.0
1970,19.0,-235.0,51.0,-42.0,7.0,6.0,-20.0,-937.0,348.0
1971,12.0,-241.0,51.0,-43.0,8.0,5.0,-17.0,-941.0,351.0
1972,15.0,-245.0,49.0,-45.0,8.0,4.0,-19.0,-936.0,357.0
1973,15.0,-247.0,47.0,-47.0,9.0,3.0,-27.0,-939.0,355.0
1974,13.0,-248.0,51.0,-47.0,9.0,3.0,-21.0,-941.0,352.0
1975,13.0,-245.0,48.0,-49.0,9.0,3.0,-25.0,-941.0,348.0
1976,14.0,-243.0,47.0,-50.0,9.0,3.0,-26.0,-937.0,345.0
1977,14.0,-245.0,46.0,-51.0,8.0,2.0,-25.0,-941.0,345.0
1978,14.0,-246.0,51.0,-53.0,7.0,0.0,-19.0,-942.0,342.0
1979,16.0,-245.0,47.0,-55.0,6.0,1.0,-23.0,-941.0,341.0
1980,17.0,-245.0,46.0,-57.0,6.0,2.0,-19.0,-939.0,337.0
1981,11.0,-243.0,41.0,-57.0,5.0,2.0,-20.0,-942.0,338.0
1982,14.0,-250.0,41.0,-55.0,6.0,-1.0,-21.0,-941.0,332.0
1983,15.0,-247.0,43.0,-54.0,6.0,2.0,-23.0,-945.0,333.0
1984,16.0,-246.0,44.0,-54.0,6.0,2.0,-20.0,-943.0,333.0
1985,16.0,-245.0,49.0,-54.0,8.0,3.0,-23.0,-939.0,340.0
1986,11.0,-248.0,48.0,-56.0,10.0,4.0,-19.0,-945.0,347.0
1987,14.0,-245.0,49.0,-58.0,12.0,4.0,-26.0,-941.0,348.0
1988,17.0,-248.0,49.0,-58.0,14.0,4.0,-15.0,-943.0,343.0
1989,12.0,-246.0,59.0,-57.0,15.0,5.0,-19.0,-945.0,353.0
1990,31.0,-245.0,52.0,-56.0,15.0,3.0,-16.0,-945.0,354.0
1991,16.0,-249.0,49.0,-53.0,14.0,2.0,-20.0,-948.0,349.0
1992,15.0,-252.0,37.0,-53.0,13.0,1.0,-17.0,-948.0,350.0
1993,16.0,-247.0,47.0,-52.0,11.0,0.0,-17.0,-947.0,343.0
1994,15.0,-247.0,45.0,-49.0,10.0,1.0,-17.0,-939.0,347.0
1995,17.0,-248.0,45.0,-48.0,9.0,-1.0,-17.0,-945.0,346.0
1996,15.0,-248.0,44.0,-49.0,12.0,-2.0,-19.0,-943.0,347.0
1997,19.0,-245.0,48.0,-46.0,12.0,-3.0,-19.0,-942.0,347.0
1998,17.0,-247.0,46.0,-46.0,14.0,-4.0,-21.0,-944.0,351.0
1999,14.0,-245.0,49.0,-45.0,15.0,-5.0,-16.0,-944.0,349.0
2000,15.0,-243.0,48.0,-44.0,16.0,-5.0,-18.0,-942.0,347.0
2001,19.0,-246.0,48.0,-43.0,19.0,-3.0,-20.0,-944.0,341.0
2002,14.0,-244.0,47.0,-40.0,21.0,-3.0,-19.0,-945.0,345.0
2003,15.0,-243.0,47.0,-40.0,19.0,-5.0,-22.0,-942.0,350.0
2004,16.0,-247.0,48.0,-40.0,21.0,-5.0,-21.0,-943.0,347.0
2005,14.0,-244.0,43.0,-38.0,20.0,-4.0,-19.0,-939.0,347.0
2006,11.0,-244.0,46.0,-38.0,20.0,-1.0,-21.0,-938.0,345.0
2007,15.0,-245.0,48.0,-39.0,20.0,-2.0,-23.0,-938.0,345.0
2008,13.0,-242.0,48.0,-39.0,18.0,-2.0,-21.0,-938.0,343.0
2009,18.0,-246.0,49.0,-39.0,18.0,-1.0,-23.0,-938.0,341.0
2010,13.0,-242.0,45.0,-39.0,18.0,-3.0,-21.0,-937.0,343.0
2011,12.0,-247.0,49.0,-41.0,17.0,-2.0,-21.0,-936.0,349.0
2012,15.0,-243.0,50.0,-43.0,17.0,-2.0,-21.0,-936.0,349.0
2013,12.0,-247.0,48.0,-43.0,16.0,-4.0,-22.0,-937.0,348.0
2014,13.0,-244.0,50.0,-44.0,18.0,-5.0,-21.0,-943.0,351.0
2015,13.0,-242.0,51.0,-43.0,19.0,-4.0,-24.0,-937.0,352.0
2016,14.0,-245.0,48.0,-46.0,20.0,-3.0,-22.0,-940.0,350.0
2017,12.0,-244.0,53.0,-45.0,19.0,-3.0,-19.0,-938.0,355.0
2018,11.0,-244.0,50.0,-48.0,22.0,-3.0,-23.0,-938.0,355.0
2019,14.0,-245.0,50.0,-51.0,23.0,-3.0,-20.0,-938.0,354.0
2020,16.0,-245.0,46.0,-50.0,22.0,-4.0,-20.0,-940.0,355.0
2021,12.0,-246.0,51.0,-51.0,23.0,-3.0,-19.0,-943.0,351.0
2022,14.0,-248.0,49.0,-51.0,23.0,-2.0,-23.0,-943.0,348.0
2023,16.0,-245.0,50.0,-51.0,22.0,-2.0,-28.0,-944.0,344.0
2024,15.0,-247.0,47.0,-50.0,21.0,-2.0,-21.0,-946.0,345.0
2025,15.0,-247.0,49.0,-51.0,21.0,0.0,-21.0,-945.0,349.0
2026,14.0,-249.0,47.0,-50.0,19.0,1.0,-22.0,-940.0,343.0
2027,13.0,-247.0,51.0,-49.0,19.0,1.0,-19.0,-943.0,347.0
2028,11.0,-247.0,51.0,-49.0,17.0,-1.0,-26.0,-944.0,348.0
2029,13.0,-247.0,49.0,-48.0,16.0,1.0,-23.0,-944.0,348.0
2030,11.0,-245.0,46.0,-47.0,15.0,1.0,-27.0,-945.0,341.0
2031,13.0,-247.0,47.0,-47.0,13.0,2.0,-24.0,-941.0,351.0
2032,15.0,-246.0,48.0,-46.0,11.0,4.0,-28.0,-942.0,348.0
2033,15.0,-245.0,50.0,-44.0,12.0,5.0,-28.0,-942.0,344.0
2034,12.0,-245.0,46.0,-43.0,10.0,3.0,-26.0,-943.0,351.0
2035,16.0,-247.0,49.0,-44.0,11.0,4.0,-26.0,-939.0,354.0
2036,16.0,-246.0,49.0,-42.0,10.0,3.0,-26.0,-944.0,348.0
2037,13.0,-244.0,50.0,-41.0,9.0,2.0,-27.0,-939.0,349.0
2038,13.0,-245.0,46.0,-42.0,8.0,3.0,-26.0,-936.0,345.0
2039,14.0,-243.0,47.0,-43.0,6.0,4.0,-26.0,-943.0,349.0
2040,16.0,-248.0,45.0,-43.0,5.0,3.0,-22.0,-935.0,350.0
2041,13.0,-244.0,46.0,-46.0,5.0,3.0,-19.0,-936.0,344.0
2042,14.0,-243.0,49.0,-49.0,5.0,4.0,-25.0,-938.0,344.0
2043,16.0,-243.0,50.0,-51.0,6.0,5.0,-19.0,-937.0,343.0
2044,17.0,-243.0,46.0,-54.0,5.0,4.0,-23.0,-936.0,347.0
2045,15.0,-242.0,47.0,-57.0,6.0,5.0,-26.0,-938.0,350.0
2046,16.0,-244.0,48.0,-59.0,7.0,4.0,-18.0,-934.0,347.0
2047,16.0,-247.0,48.0,-60.0,7.0,4.0,-25.0,-938.0,347.0
2048,17.0,-246.0,53.0,-62.0,7.0,5.0,-23.0,-933.0,353.0
2049,17.0,-246.0,45.0,-61.0,9.0,5.0,-20.0,-940.0,348.0
2050,13.0,-245.0,53.0,-62.0,9.0,4.0,-21.0,-943.0,350.0
2051,15.0,-248.0,42.0,-60.0,9.0,2.0,-24.0,-938.0,350.0
2052,14.0,-246.0,51.0,-60.0,10.0,2.0,-18.0,-943.0,348.0
2053,13.0,-245.0,46.0,-61.0,9.0,1.0,-19.0,-939.0,344.0
2054,18.0,-247.0,47.0,-59.0,10.0,1.0,-25.0,-940.0,347.0
2055,13.0,-250.0,46.0,-59.0,11.0,0.0,-27.0,-945.0,344.0
2056,13.0,-245.0,47.0,-57.0,11.0,-2.0,-28.0,-946.0,346.0
2057,13.0,-245.0,48.0,-56.0,11.0,-2.0,-18.0,-943.0,342.0
2058,13.0,-243.0,48.0,-54.0,11.0,-2.0,-22.0,-942.0,350.0
2059,15.0,-247.0,46.0,-53.0,9.0,-1.0,-26.0,-938.0,348.0
2060,15.0,-247.0,47.0,-52.0,9.0,-1.0,-23.0,-943.0,343.0
2061,11.0,-245.0,48.0,-53.0,9.0,-1.0,-23.0,-946.0,344.0
2062,14.0,-244.0,51.0,-52.0,7.0,0.0,-26.0,-942.0,345.0
2063,15.0,-245.0,46.0,-51.0,6.0,0.0,-29.0,-937.0,342.0
2064,14.0,-246.0,46.0,-50.0,5.0,1.0,-20.0,-941.0,345.0
2065,14.0,-246.0,43.0,-50.0,4.0,0.0,-21.0,-941.0,344.0
2066,17.0,-245.0,45.0,-52.0,5.0,0.0,-23.0,-936.0,339.0
2067,17.0,-245.0,50.0,-53.0,7.0,1.0,-19.0,-939.0,343.0
2068,16.0,-243.0,47.0,-53.0,7.0,2.0,-21.0,-941.0,344.0
2069,14.0,-245.0,49.0,-54.0,8.0,1.0,-23.0,-943.0,347.0
2070,16.0,-242.0,50.0,-53.0,10.0,0.0,-22.0,-940.0,345.0
2071,18.0,-247.0,45.0,-55.0,11.0,-1.0,-23.0,-942.0,348.0
2072,16.0,-246.0,47.0,-55.0,13.0,0.0,-25.0,-939.0,343.0
2073,14.0,-244.0,46.0,-57.0,14.0,-1.0,-19.0,-946.0,344.0
2074,17.0,-245.0,47.0,-57.0,16.0,-2.0,-22.0,-943.0,349.0
2075,16.0,-247.0,45.0,-57.0,18.0,-4.0,-21.0,-944.0,343.0
2076,17.0,-246.0,49.0,-59.0,19.0,-4.0,-17.0,-941.0,347.0
2077,15.0,-247.0,49.0,-59.0,20.0,-5.0,-19.0,-944.0,338.0
2078,15.0,-245.0,45.0,-60.0,20.0,-5.0,-22.0,-942.0,345.0
2079,16.0,-245.0,48.0,-59.0,19.0,-6.0,-18.0,-941.0,345.0
2080,15.0,-246.0,49.0,-58.0,19.0,-5.0,-23.0,-944.0,342.0
2081,13.0,-249.0,47.0,-57.0,20.0,-5.0,-22.0,-944.0,344.0
2082,14.0,-246.0,48.0,-55.0,19.0,-5.0,-22.0,-944.0,343.0
2083,15.0,-248.0,49.0,-57.0,18.0,-4.0,-24.0,-946.0,343.0
2084,14.0,-247.0,43.0,-55.0,18.0,-5.0,-22.0,-943.0,347.0
2085,15.0,-249.0,45.0,-56.0,19.0,-5.0,-23.0,-946.0,341.0
2086,13.0,-243.0,49.0,-55.0,19.0,-5.0,-30.0,-941.0,344.0
2087,15.0,-249.0,48.0,-55.0,19.0,-5.0,-26.0,-942.0,341.0
2088,14.0,-248.0,46.0,-54.0,20.0,-5.0,-23.0,-935.0,341.0
2089,13.0,-245.0,45.0,-54.0,21.0,-5.0,-22.0,-938.0,345.0
2090,14.0,-245.0,44.0,-55.0,22.0,-6.0,-28.0,-940.0,342.0
2091,14.0,-246.0,48.0,-53.0,23.0,-7.0,-23.0,-945.0,347.0
2092,15.0,-247.0,40.0,-54.0,22.0,-5.0,-26.0,-937.0,344.0
2093,14.0,-246.0,47.0,-56.0,24.0,-6.0,-20.0,-945.0,341.0
2094,13.0,-247.0,47.0,-57.0,25.0,-5.0,-25.0,-937.0,347.0
2095,15.0,-240.0,43.0,-58.0,26.0,-6.0,-23.0,-942.0,344.0
2096,17.0,-250.0,47.0,-60.0,27.0,-5.0,-22.0,-940.0,347.0
2097,17.0,-248.0,50.0,-60.0,27.0,-7.0,-25.0,-944.0,347.0
2098,18.0,-245.0,49.0,-61.0,29.0,-7.0,-21.0,-941.0,346.0
2099,14.0,-247.0,49.0,-60.0,30.0,-8.0,-21.0,-943.0,344.0
2100,13.0,-247.0,45.0,-59.0,30.0,-9.0,-24.0,-944.0,348.0
2101,27.0,-243.0,59.0,-58.0,30.0,-9.0,-18.0,-943.0,344.0
2102,15.0,-248.0,49.0,-55.0,29.0,-9.0,-19.0,-945.0,343.0
2103,16.0,-247.0,46.0,-55.0,29.0,-9.0,-27.0,-944.0,342.0
2104,14.0,-247.0,48.0,-56.0,30.0,-9.0,-21.0,-945.0,340.0
2105,11.0,-242.0,48.0,-56.0,30.0,-7.0,-29.0,-945.0,346.0
2106,14.0,-246.0,45.0,-57.0,31.0,-9.0,-21.0,-942.0,343.0
2107,14.0,-246.0,47.0,-56.0,31.0,-10.0,-23.0,-947.0,344.0
2108,14.0,-244.0,45.0,-56.0,30.0,-9.0,-27.0,-946.0,341.0
2109,16.0,-245.0,47.0,-55.0,31.0,-11.0,-16.0,-943.0,343.0
2110,12.0,-244.0,51.0,-55.0,32.0,-10.0,-21.0,-936.0,338.0
2111,15.0,-245.0,46.0,-54.0,33.0,-11.0,-21.0,-941.0,345.0
2112,13.0,-238.0,34.0,-53.0,34.0,-12.0,-21.0,-944.0,342.0
2113,15.0,-247.0,49.0,-55.0,34.0,-14.0,-21.0,-939.0,343.0
2114,13.0,-246.0,44.0,-56.0,36.0,-14.0,-22.0,-942.0,345.0
2115,15.0,-248.0,46.0,-56.0,37.0,-14.0,-21.0,-945.0,345.0
2116,14.0,-245.0,47.0,-52.0,37.0,-14.0,-28.0,-940.0,343.0
2117,11.0,-243.0,45.0,-53.0,34.0,-14.0,-25.0,-940.0,338.0
2118,16.0,-247.0,44.0,-50.0,31.0,-14.0,-23.0,-941.0,340.0
2119,15.0,-243.0,43.0,-52.0,28.0,-16.0,-27.0,-940.0,334.0
2120,11.0,-246.0,46.0,-54.0,27.0,-14.0,-23.0,-938.0,340.0
2121,12.0,-242.0,45.0,-57.0,27.0,-15.0,-24.0,-937.0,336.0
2122,16.0,-245.0,46.0,-60.0,29.0,-14.0,-23.0,-935.0,341.0
2123,14.0,-244.0,44.0,-64.0,31.0,-13.0,-20.0,-940.0,334.0
2124,15.0,-245.0,48.0,-66.0,32.0,-14.0,-22.0,-937.0,339.0
2125,15.0,-246.0,45.0,-69.0,33.0,-14.0,-23.0,-944.0,341.0
2126,15.0,-247.0,43.0,-70.0,34.0,-12.0,-20.0,-944.0,344.0
2127,13.0,-246.0,47.0,-73.0,35.0,-13.0,-18.0,-942.0,343.0
2128,17.0,-248.0,49.0,-73.0,35.0,-11.0,-24.0,-945.0,352.0
2129,15.0,-249.0,46.0,-73.0,34.0,-11.0,-26.0,-947.0,349.0
2130,12.0,-247.0,48.0,-72.0,33.0,-11.0,-19.0,-950.0,346.0
2131,16.0,-249.0,46.0,-66.0,31.0,-12.0,-25.0,-947.0,348.0
2132,16.0,-244.0,47.0,-62.0,30.0,-11.0,-23.0,-946.0,342.0
2133,14.0,-249.0,49.0,-60.0,31.0,-11.0,-22.0,-946.0,342.0
2134,17.0,-250.0,45.0,-58.0,31.0,-14.0,-24.0,-948.0,340.0
2135,14.0,-247.0,46.0,-57.0,30.0,-14.0,-26.0,-944.0,340.0
2136,12.0,-249.0,43.0,-55.0,31.0,-14.0,-24.0,-947.0,339.0
2137,15.0,-246.0,44.0,-56.0,33.0,-16.0,-18.0,-946.0,335.0
2138,15.0,-247.0,47.0,-56.0,34.0,-16.0,-22.0,-944.0,337.0
2139,16.0,-245.0,46.0,-57.0,35.0,-17.0,-20.0,-942.0,338.0
2140,14.0,-241.0,48.0,-57.0,36.0,-15.0,-24.0,-939.0,336.0
2141,16.0,-246.0,44.0,-54.0,36.0,-15.0,-22.0,-940.0,342.0
2142,14.0,-246.0,45.0,-53.0,35.0,-15.0,-24.0,-938.0,325.0
2143,16.0,-247.0,46.0,-54.0,34.0,-15.0,-20.0,-944.0,340.0
2144,12.0,-249.0,44.0,-54.0,33.0,-15.0,-23.0,-944.0,341.0
2145,14.0,-246.0,48.0,-55.0,34.0,-14.0,-27.0,-946.0,344.0
2146,14.0,-247.0,48.0,-56.0,33.0,-14.0,-29.0,-945.0,337.0
2147,14.0,-247.0,43.0,-56.0,32.0,-13.0,-23.0,-947.0,337.0
2148,16.0,-246.0,50.0,-56.0,33.0,-13.0,-23.0,-942.0,334.0
2149,14.0,-247.0,48.0,-58.0,32.0,-13.0,-24.0,-947.0,339.0
2150,14.0,-249.0,44.0,-62.0,32.0,-13.0,-27.0,-948.0,337.0
2151,16.0,-250.0,41.0,-61.0,32.0,-14.0,-30.0,-947.0,339.0
2152,14.0,-246.0,46.0,-62.0,32.0,-13.0,-27.0,-952.0,334.0
2153,14.0,-248.0,46.0,-63.0,30.0,-15.0,-20.0,-952.0,329.0
2154,15.0,-247.0,48.0,-59.0,29.0,-15.0,-25.0,-946.0,326.0
2155,13.0,-246.0,44.0,-59.0,28.0,-14.0,-23.0,-955.0,336.0
2156,13.0,-245.0,43.0,-54.0,28.0,-13.0,-26.0,-947.0,335.0
2157,14.0,-251.0,44.0,-53.0,28.0,-13.0,-19.0,-946.0,333.0
2158,14.0,-247.0,39.0,-51.0,27.0,-13.0,-20.0,-946.0,337.0
2159,10.0,-249.0,46.0,-47.0,28.0,-12.0,-22.0,-950.0,333.0
2160,14.0,-247.0,44.0,-45.0,26.0,-13.0,-26.0,-947.0,331.0
2161,14.0,-249.0,46.0,-43.0,24.0,-13.0,-19.0,-948.0,328.0
2162,16.0,-249.0,47.0,-41.0,24.0,-11.0,-21.0,-947.0,332.0
2163,15.0,-247.0,44.0,-38.0,24.0,-11.0,-24.0,-948.0,333.0
2164,15.0,-246.0,44.0,-37.0,21.0,-11.0,-27.0,-946.0,335.0
2165,15.0,-245.0,43.0,-36.0,22.0,-10.0,-19.0,-946.0,333.0
2166,17.0,-247.0,44.0,-38.0,22.0,-10.0,-25.0,-946.0,338.0
2167,12.0,-246.0,43.0,-36.0,20.0,-10.0,-20.0,-946.0,340.0
2168,15.0,-244.0,47.0,-39.0,22.0,-11.0,-23.0,-939.0,339.0
2169,15.0,-243.0,47.0,-40.0,21.0,-11.0,-22.0,-941.0,336.0
2170,14.0,-246.0,45.0,-40.0,22.0,-12.0,-23.0,-941.0,336.0
2171,15.0,-244.0,46.0,-43.0,21.0,-12.0,-24.0,-945.0,337.0
2172,13.0,-247.0,46.0,-43.0,22.0,-12.0,-21.0,-940.0,340.0
2173,13.0,-245.0,47.0,-44.0,23.0,-12.0,-18.0,-938.0,335.0
2174,17.0,-245.0,44.0,-48.0,22.0,-12.0,-25.0,-938.0,341.0
2175,17.0,-246.0,46.0,-48.0,23.0,-12.0,-21.0,-945.0,336.0
2176,17.0,-247.0,49.0,-51.0,21.0,-11.0,-18.0,-941.0,337.0
2177,12.0,-243.0,48.0,-50.0,19.0,-10.0,-20.0,-944.0,342.0
2178,16.0,-247.0,46.0,-50.0,19.0,-10.0,-18.0,-942.0,337.0
2179,16.0,-247.0,48.0,-48.0,19.0,-10.0,-24.0,-937.0,336.0
2180,18.0,-246.0,44.0,-49.0,18.0,-9.0,-23.0,-945.0,336.0
2181,13.0,-244.0,48.0,-49.0,19.0,-9.0,-20.0,-944.0,327.0
2182,13.0,-247.0,42.0,-50.0,20.0,-8.0,-21.0,-948.0,331.0
2183,17.0,-245.0,46.0,-50.0,21.0,-8.0,-17.0,-951.0,332.0
2184,16.0,-247.0,44.0,-52.0,19.0,-7.0,-19.0,-944.0,330.0
2185,13.0,-248.0,45.0,-54.0,19.0,-5.0,-15.0,-945.0,337.0
2186,15.0,-247.0,47.0,-55.0,18.0,-5.0,-23.0,-948.0,340.0
2187,17.0,-251.0,44.0,-55.0,19.0,-6.0,-24.0,-950.0,333.0
2188,17.0,-251.0,47.0,-54.0,19.0,-5.0,-18.0,-946.0,337.0
2189,15.0,-249.0,44.0,-53.0,19.0,-4.0,-20.0,-946.0,340.0
2190,15.0,-248.0,46.0,-53.0,19.0,-5.0,-18.0,-948.0,331.0
2191,18.0,-248.0,46.0,-52.0,19.0,-6.0,-21.0,-947.0,337.0
2192,16.0,-247.0,45.0,-52.0,21.0,-6.0,-12.0,-950.0,335.0
2193,18.0,-248.0,48.0,-53.0,19.0,-6.0,-27.0,-946.0,338.0
2194,13.0,-247.0,47.0,-53.0,19.0,-6.0,-20.0,-949.0,340.0
2195,16.0,-245.0,45.0,-53.0,20.0,-6.0,-23.0,-948.0,341.0
2196,14.0,-247.0,44.0,-53.0,20.0,-6.0,-19.0,-945.0,338.0
2197,18.0,-247.0,47.0,-53.0,20.0,-7.0,-23.0,-948.0,328.0
2198,14.0,-249.0,43.0,-51.0,21.0,-6.0,-23.0,-948.0,336.0
2199,16.0,-248.0,48.0,-49.0,21.0,-7.0,-15.0,-945.0,338.0
2200,12.0,-247.0,47.0,-47.0,21.0,-7.0,-15.0,-946.0,335.0
2201,12.0,-246.0,44.0,-45.0,20.0,-7.0,-16.0,-943.0,337.0
2202,15.0,-246.0,45.0,-42.0,21.0,-6.0,-20.0,-948.0,337.0
2203,17.0,-246.0,45.0,-42.0,18.0,-6.0,-18.0,-946.0,338.0
2204,14.0,-247.0,44.0,-41.0,18.0,-5.0,-16.0,-945.0,329.0
2205,15.0,-245.0,44.0,-41.0,18.0,-6.0,-20.0,-946.0,333.0
2206,18.0,-250.0,45.0,-42.0,19.0,-6.0,-15.0,-946.0,333.0
2207,15.0,-247.0,45.0,-41.0,18.0,-7.0,-18.0,-947.0,335.0
2208,16.0,-249.0,46.0,-41.0,18.0,-6.0,-19.0,-940.0,333.0
2209,17.0,-248.0,49.0,-43.0,18.0,-8.0,-17.0,-950.0,329.0
2210,15.0,-248.0,44.0,-42.0,17.0,-8.0,-20.0,-945.0,336.0
2211,15.0,-245.0,45.0,-41.0,17.0,-7.0,-27.0,-948.0,333.0
2212,11.0,-245.0,50.0,-41.0,20.0,-7.0,-27.0,-945.0,338.0
2213,16.0,-248.0,43.0,-40.0,20.0,-8.0,-23.0,-946.0,339.0
2214,16.0,-246.0,45.0,-41.0,19.0,-9.0,-23.0,-945.0,337.0
2215,15.0,-247.0,49.0,-41.0,20.0,-9.0,-23.0,-943.0,341.0
2216,14.0,-244.0,48.0,-42.0,20.0,-10.0,-25.0,-948.0,339.0
2217,16.0,-247.0,51.0,-41.0,21.0,-8.0,-19.0,-946.0,338.0
2218,14.0,-244.0,43.0,-41.0,24.0,-8.0,-25.0,-942.0,343.0
2219,15.0,-250.0,46.0,-42.0,23.0,-7.0,-23.0,-945.0,338.0
2220,15.0,-248.0,49.0,-43.0,25.0,-8.0,-24.0,-945.0,336.0
2221,16.0,-248.0,45.0,-42.0,27.0,-9.0,-23.0,-945.0,333.0
2222,13.0,-245.0,45.0,-43.0,27.0,-8.0,-19.0,-947.0,342.0
2223,13.0,-245.0,45.0,-44.0,28.0,-8.0,-24.0,-944.0,342.0
2224,13.0,-248.0,42.0,-43.0,29.0,-7.0,-26.0,-945.0,333.0
2225,16.0,-248.0,44.0,-42.0,27.0,-8.0,-25.0,-942.0,340.0
2226,15.0,-246.0,43.0,-42.0,27.0,-8.0,-26.0,-946.0,339.0
2227,14.0,-247.0,46.0,-42.0,25.0,-9.0,-26.0,-944.0,336.0
2228,14.0,-248.0,44.0,-42.0,23.0,-9.0,-24.0,-944.0,337.0
2229,14.0,-246.0,44.0,-42.0,23.0,-8.0,-21.0,-945.0,333.0
2230,14.0,-245.0,45.0,-43.0,21.0,-7.0,-20.0,-939.0,329.0
2231,27.0,-238.0,34.0,-43.0,20.0,-7.0,-12.0,-941.0,333.0
2232,18.0,-247.0,45.0,-44.0,20.0,-7.0,-18.0,-945.0,336.0
2233,12.0,-247.0,43.0,-44.0,18.0,-6.0,-19.0,-944.0,328.0
2234,14.0,-246.0,45.0,-44.0,17.0,-5.0,-22.0,-940.0,338.0
2235,15.0,-248.0,44.0,-45.0,17.0,-5.0,-19.0,-942.0,341.0
2236,13.0,-244.0,49.0,-47.0,17.0,-3.0,-19.0,-948.0,334.0
2237,15.0,-249.0,45.0,-47.0,19.0,-3.0,-19.0,-950.0,338.0
2238,15.0,-247.0,49.0,-48.0,19.0,-5.0,-24.0,-944.0,338.0
2239,13.0,-248.0,47.0,-45.0,20.0,-5.0,-21.0,-950.0,334.0
2240,15.0,-248.0,44.0,-47.0,21.0,-5.0,-22.0,-947.0,338.0
2241,12.0,-245.0,45.0,-45.0,20.0,-5.0,-25.0,-948.0,336.0
2242,19.0,-241.0,45.0,-44.0,21.0,-6.0,-22.0,-945.0,340.0
2243,13.0,-245.0,41.0,-41.0,22.0,-6.0,-19.0,-948.0,341.0
2244,13.0,-248.0,48.0,-39.0,23.0,-7.0,-25.0,-945.0,341.0
2245,14.0,-247.0,47.0,-37.0,23.0,-8.0,-27.0,-951.0,338.0
2246,15.0,-247.0,46.0,-38.0,22.0,-8.0,-18.0,-947.0,339.0
2247,15.0,-250.0,46.0,-38.0,22.0,-7.0,-22.0,-944.0,341.0
2248,13.0,-246.0,46.0,-38.0,23.0,-7.0,-26.0,-945.0,337.0
2249,13.0,-246.0,50.0,-38.0,24.0,-9.0,-27.0,-945.0,339.0
2250,15.0,-244.0,44.0,-39.0,25.0,-8.0,-25.0,-941.0,332.0
2251,16.0,-247.0,43.0,-41.0,24.0,-9.0,-23.0,-946.0,337.0
2252,18.0,-250.0,44.0,-42.0,24.0,-9.0,-24.0,-943.0,335.0
2253,15.0,-244.0,49.0,-44.0,26.0,-8.0,-27.0,-945.0,340.0
2254,13.0,-246.0,46.0,-43.0,26.0,-8.0,-26.0,-945.0,339.0
2255,13.0,-245.0,47.0,-44.0,27.0,-8.0,-24.0,-947.0,339.0
2256,14.0,-247.0,47.0,-42.0,26.0,-9.0,-20.0,-945.0,339.0
2257,13.0,-242.0,39.0,-39.0,26.0,-8.0,-29.0,-944.0,339.0
2258,13.0,-246.0,44.0,-37.0,24.0,-7.0,-25.0,-939.0,335.0
2259,15.0,-246.0,45.0,-38.0,21.0,-6.0,-22.0,-939.0,330.0
2260,12.0,-246.0,44.0,-43.0,18.0,-5.0,-24.0,-943.0,333.0
2261,15.0,-245.0,44.0,-43.0,17.0,-7.0,-24.0,-936.0,332.0
2262,13.0,-246.0,47.0,-46.0,15.0,-7.0,-22.0,-938.0,331.0
2263,12.0,-246.0,43.0,-48.0,15.0,-5.0,-23.0,-944.0,331.0
2264,13.0,-245.0,43.0,-47.0,13.0,-6.0,-21.0,-943.0,328.0
2265,15.0,-246.0,47.0,-45.0,15.0,-5.0,-20.0,-946.0,325.0
2266,13.0,-245.0,43.0,-44.0,14.0,-5.0,-20.0,-944.0,332.0
2267,15.0,-248.0,41.0,-45.0,15.0,-5.0,-21.0,-943.0,330.0
2268,12.0,-248.0,44.0,-48.0,16.0,-5.0,-18.0,-943.0,338.0
2269,14.0,-245.0,43.0,-49.0,17.0,-6.0,-25.0,-945.0,340.0
2270,14.0,-247.0,46.0,-50.0,18.0,-5.0,-26.0,-948.0,340.0
2271,14.0,-246.0,48.0,-49.0,19.0,-6.0,-24.0,-946.0,342.0
2272,13.0,-249.0,44.0,-46.0,19.0,-6.0,-25.0,-947.0,346.0
2273,15.0,-248.0,46.0,-44.0,18.0,-5.0,-27.0,-945.0,344.0
2274,15.0,-250.0,46.0,-43.0,18.0,-5.0,-30.0,-949.0,341.0
2275,16.0,-249.0,47.0,-40.0,19.0,-5.0,-24.0,-949.0,342.0
2276,13.0,-245.0,47.0,-36.0,18.0,-6.0,-26.0,-946.0,340.0
2277,14.0,-248.0,44.0,-35.0,18.0,-5.0,-24.0,-945.0,334.0
2278,13.0,-245.0,46.0,-33.0,17.0,-5.0,-28.0,-944.0,338.0
2279,15.0,-246.0,45.0,-34.0,19.0,-6.0,-29.0,-952.0,337.0
2280,12.0,-247.0,49.0,-34.0,19.0,-6.0,-28.0,-947.0,332.0
2281,13.0,-245.0,43.0,-35.0,20.0,-6.0,-29.0,-943.0,332.0
2282,15.0,-248.0,48.0,-36.0,21.0,-6.0,-20.0,-946.0,337.0
2283,15.0,-245.0,44.0,-38.0,21.0,-6.0,-24.0,-942.0,329.0
2284,15.0,-246.0,43.0,-39.0,19.0,-6.0,-18.0,-945.0,341.0
2285,11.0,-243.0,46.0,-39.0,19.0,-5.0,-23.0,-948.0,338.0
2286,16.0,-248.0,44.0,-41.0,18.0,-4.0,-24.0,-943.0,333.0
2287,15.0,-244.0,47.0,-38.0,16.0,-4.0,-22.0,-942.0,336.0
2288,14.0,-246.0,43.0,-39.0,15.0,-3.0,-29.0,-944.0,329.0
2289,15.0,-247.0,46.0,-41.0,15.0,-3.0,-27.0,-946.0,339.0
2290,13.0,-244.0,49.0,-40.0,14.0,-4.0,-27.0,-945.0,339.0
2291,16.0,-247.0,45.0,-39.0,14.0,-3.0,-23.0,-948.0,339.0
2292,12.0,-246.0,45.0,-38.0,15.0,-3.0,-29.0,-946.0,339.0
2293,13.0,-247.0,42.0,-39.0,16.0,-6.0,-19.0,-945.0,337.0
2294,12.0,-246.0,46.0,-40.0,15.0,-4.0,-27.0,-944.0,342.0
2295,12.0,-247.0,49.0,-38.0,14.0,-4.0,-22.0,-947.0,341.0
2296,14.0,-248.0,45.0,-40.0,15.0,-3.0,-29.0,-947.0,338.0
2297,15.0,-247.0,43.0,-40.0,15.0,-4.0,-19.0,-945.0,337.0
2298,15.0,-244.0,46.0,-40.0,15.0,-3.0,-30.0,-944.0,342.0
2299,12.0,-249.0,48.0,-40.0,14.0,-2.0,-25.0,-945.0,338.0
2300,13.0,-249.0,46.0,-39.0,13.0,-3.0,-26.0,-949.0,340.0
2301,14.0,-248.0,47.0,-39.0,14.0,-2.0,-22.0,-944.0,339.0
2302,14.0,-248.0,47.0,-37.0,15.0,-4.0,-27.0,-944.0,337.0
2303,14.0,-246.0,45.0,-38.0,13.0,-4.0,-27.0,-947.0,334.0
2304,14.0,-248.0,46.0,-36.0,14.0,-5.0,-24.0,-948.0,340.0
2305,14.0,-246.0,47.0,-34.0,15.0,-5.0,-28.0,-946.0,343.0
2306,13.0,-245.0,42.0,-35.0,15.0,-6.0,-24.0,-938.0,334.0
2307,15.0,-247.0,48.0,-34.0,16.0,-5.0,-21.0,-947.0,340.0
2308,16.0,-250.0,47.0,-32.0,16.0,-5.0,-19.0,-947.0,342.0
2309,14.0,-248.0,47.0,-31.0,16.0,-5.0,-25.0,-949.0,341.0
2310,16.0,-247.0,44.0,-32.0,16.0,-5.0,-22.0,-945.0,337.0
2311,13.0,-247.0,48.0,-31.0,15.0,-6.0,-23.0,-940.0,342.0
2312,14.0,-244.0,47.0,-31.0,15.0,-4.0,-27.0,-947.0,338.0
2313,15.0,-247.0,46.0,-33.0,17.0,-4.0,-31.0,-939.0,342.0
2314,13.0,-250.0,45.0,-34.0,14.0,-4.0,-21.0,-945.0,343.0
2315,14.0,-246.0,48.0,-36.0,14.0,-4.0,-25.0,-945.0,338.0
2316,13.0,-245.0,45.0,-37.0,12.0,-2.0,-29.0,-944.0,339.0
2317,12.0,-248.0,45.0,-36.0,11.0,-1.0,-29.0,-947.0,341.0
2318,13.0,-246.0,48.0,-36.0,8.0,-2.0,-24.0,-941.0,340.0
2319,13.0,-245.0,50.0,-34.0,8.0,-1.0,-28.0,-941.0,341.0
2320,13.0,-243.0,48.0,-34.0,8.0,-1.0,-28.0,-944.0,339.0
2321,14.0,-249.0,46.0,-33.0,8.0,-1.0,-29.0,-944.0,341.0
2322,13.0,-244.0,46.0,-34.0,8.0,-1.0,-21.0,-939.0,336.0
2323,18.0,-247.0,41.0,-33.0,10.0,-2.0,-25.0,-946.0,335.0
2324,15.0,-245.0,46.0,-37.0,10.0,0.0,-21.0,-943.0,339.0
2325,15.0,-248.0,42.0,-39.0,11.0,-2.0,-20.0,-944.0,337.0
2326,13.0,-247.0,44.0,-42.0,10.0,0.0,-26.0,-942.0,337.0
2327,14.0,-247.0,45.0,-44.0,12.0,0.0,-24.0,-945.0,341.0
2328,13.0,-246.0,44.0,-44.0,10.0,0.0,-24.0,-943.0,335.0
2329,13.0,-247.0,48.0,-44.0,10.0,-1.0,-27.0,-947.0,337.0
2330,12.0,-247.0,46.0,-41.0,9.0,0.0,-26.0,-942.0,338.0
2331,15.0,-246.0,41.0,-39.0,10.0,-2.0,-26.0,-947.0,339.0
2332,17.0,-244.0,47.0,-37.0,9.0,-1.0,-23.0,-945.0,343.0
2333,13.0,-249.0,45.0,-36.0,8.0,-1.0,-20.0,-944.0,333.0
2334,15.0,-247.0,46.0,-34.0,8.0,-2.0,-24.0,-945.0,341.0
2335,17.0,-247.0,44.0,-35.0,9.0,-3.0,-25.0,-944.0,342.0
2336,12.0,-245.0,47.0,-35.0,9.0,-4.0,-22.0,-940.0,342.0
2337,14.0,-243.0,47.0,-35.0,8.0,-4.0,-24.0,-948.0,331.0
2338,12.0,-247.0,47.0,-34.0,8.0,-3.0,-23.0,-944.0,338.0
2339,11.0,-244.0,45.0,-37.0,7.0,-3.0,-20.0,-942.0,335.0
2340,15.0,-244.0,44.0,-38.0,7.0,-2.0,-18.0,-946.0,337.0
2341,16.0,-246.0,46.0,-38.0,7.0,-3.0,-23.0,-942.0,337.0
2342,11.0,-245.0,48.0,-37.0,8.0,-3.0,-25.0,-945.0,338.0
2343,15.0,-246.0,49.0,-38.0,7.0,-2.0,-23.0,-946.0,340.0
2344,16.0,-247.0,49.0,-40.0,7.0,-3.0,-24.0,-945.0,337.0
2345,17.0,-247.0,45.0,-38.0,6.0,-1.0,-27.0,-943.0,341.0
2346,15.0,-247.0,49.0,-36.0,7.0,-1.0,-21.0,-940.0,339.0
2347,13.0,-244.0,43.0,-38.0,8.0,0.0,-21.0,-942.0,340.0
2348,13.0,-250.0,49.0,-37.0,8.0,0.0,-20.0,-942.0,344.0
2349,14.0,-248.0,45.0,-40.0,9.0,0.0,-21.0,-946.0,343.0
2350,14.0,-246.0,47.0,-42.0,9.0,-1.0,-21.0,-945.0,340.0
2351,14.0,-235.0,45.0,-40.0,9.0,-1.0,-19.0,-945.0,341.0
2352,14.0,-246.0,44.0,-40.0,10.0,0.0,-27.0,-944.0,338.0
2353,14.0,-244.0,47.0,-41.0,10.0,1.0,-22.0,-946.0,342.0
2354,16.0,-247.0,43.0,-41.0,11.0,-1.0,-23.0,-945.0,331.0
2355,11.0,-246.0,44.0,-41.0,10.0,-1.0,-19.0,-945.0,337.0
2356,14.0,-245.0,45.0,-41.0,10.0,0.0,-20.0,-944.0,342.0
2357,16.0,-245.0,43.0,-44.0,11.0,-1.0,-22.0,-944.0,342.0
2358,14.0,-248.0,52.0,-44.0,12.0,-1.0,-23.0,-946.0,338.0
2359,15.0,-245.0,44.0,-43.0,12.0,0.0,-22.0,-949.0,339.0
2360,15.0,-247.0,45.0,-42.0,13.0,-1.0,-21.0,-942.0,338.0
2361,15.0,-249.0,48.0,-41.0,12.0,-1.0,-24.0,-945.0,338.0
2362,24.0,-245.0,49.0,-40.0,11.0,0.0,-25.0,-946.0,339.0
2363,16.0,-250.0,45.0,-38.0,13.0,-1.0,-20.0,-945.0,333.0
2364,15.0,-246.0,46.0,-35.0,12.0,0.0,-22.0,-946.0,343.0
2365,16.0,-246.0,47.0,-37.0,11.0,-1.0,-25.0,-943.0,341.0
2366,14.0,-246.0,45.0,-37.0,11.0,0.0,-23.0,-942.0,342.0
2367,12.0,-244.0,49.0,-36.0,12.0,-1.0,-25.0,-945.0,336.0
2368,15.0,-249.0,44.0,-39.0,13.0,0.0,-21.0,-942.0,338.0
2369,15.0,-247.0,46.0,-41.0,12.0,-2.0,-21.0,-944.0,340.0
2370,14.0,-246.0,44.0,-41.0,13.0,-2.0,-21.0,-946.0,341.0
2371,13.0,-245.0,49.0,-41.0,11.0,-2.0,-30.0,-944.0,337.0
2372,14.0,-246.0,47.0,-44.0,13.0,-2.0,-24.0,-947.0,340.0
2373,15.0,-247.0,52.0,-44.0,12.0,-3.0,-17.0,-938.0,340.0
2374,14.0,-248.0,44.0,-44.0,13.0,-2.0,-25.0,-941.0,340.0
2375,13.0,-245.0,42.0,-44.0,12.0,-2.0,-22.0,-939.0,342.0
2376,16.0,-246.0,44.0,-43.0,12.0,-2.0,-17.0,-944.0,340.0
2377,19.0,-246.0,46.0,-45.0,12.0,-1.0,-27.0,-942.0,341.0
2378,17.0,-246.0,46.0,-47.0,9.0,-1.0,-26.0,-945.0,342.0
2379,16.0,-247.0,41.0,-46.0,10.0,-1.0,-17.0,-945.0,344.0
2380,14.0,-243.0,46.0,-48.0,8.0,-1.0,-27.0,-944.0,341.0
2381,15.0,-246.0,46.0,-47.0,10.0,0.0,-18.0,-943.0,341.0
2382,13.0,-244.0,46.0,-46.0,9.0,-1.0,-19.0,-946.0,340.0
2383,12.0,-246.0,49.0,-45.0,10.0,-2.0,-23.0,-947.0,338.0
2384,13.0,-246.0,43.0,-42.0,9.0,-2.0,-19.0,-948.0,336.0
2385,13.0,-247.0,45.0,-40.0,9.0,-1.0,-23.0,-942.0,338.0
2386,13.0,-247.0,47.0,-38.0,10.0,-2.0,-24.0,-947.0,333.0
2387,14.0,-243.0,46.0,-39.0,12.0,-3.0,-27.0,-946.0,340.0
2388,19.0,-249.0,51.0,-38.0,11.0,-1.0,-23.0,-946.0,339.0
2389,15.0,-248.0,48.0,-38.0,12.0,-3.0,-22.0,-944.0,345.0
2390,15.0,-245.0,46.0,-35.0,14.0,-3.0,-27.0,-945.0,341.0
2391,16.0,-246.0,42.0,-36.0,15.0,-4.0,-21.0,-945.0,343.0
2392,13.0,-246.0,52.0,-37.0,15.0,-4.0,-22.0,-945.0,341.0
2393,15.0,-244.0,50.0,-35.0,15.0,-4.0,-23.0,-938.0,344.0
2394,13.0,-247.0,48.0,-36.0,14.0,-4.0,-17.0,-943.0,346.0
2395,13.0,-248.0,44.0,-38.0,15.0,-3.0,-21.0,-946.0,342.0
2396,14.0,-244.0,47.0,-39.0,16.0,-3.0,-24.0,-941.0,348.0
2397,12.0,-244.0,46.0,-42.0,17.0,-4.0,-28.0,-937.0,345.0
2398,13.0,-247.0,48.0,-42.0,18.0,-4.0,-20.0,-941.0,342.0
2399,13.0,-249.0,48.0,-43.0,15.0,-3.0,-29.0,-939.0,344.0
